794.000	30552.000
794.016	29988.000
794.031	29126.000
794.047	28186.000
794.063	26724.000
794.079	25920.000
794.094	25840.000
794.110	25406.000
794.126	25122.000
794.142	25460.000
794.157	25302.000
794.173	25412.000
794.189	25578.000
794.204	25998.000
794.220	26988.000
794.236	28028.000
794.252	28268.000
794.267	28436.000
794.283	28222.000
794.299	27330.000
794.314	26468.000
794.330	26042.000
794.346	24816.000
794.362	24460.000
794.377	24406.000
794.393	24058.000
794.409	24090.000
794.424	24308.000
794.440	24210.000
794.456	24588.000
794.472	25078.000
794.487	26438.000
794.503	26954.000
794.519	27882.000
794.534	27516.000
794.550	27186.000
794.566	26330.000
794.581	24848.000
794.597	24132.000
794.613	23720.000
794.629	23108.000
794.644	22992.000
794.660	22890.000
794.676	23244.000
794.691	23342.000
794.707	23702.000
794.723	24140.000
794.738	24750.000
794.754	25774.000
794.770	26328.000
794.785	26470.000
794.801	25914.000
794.817	25596.000
794.832	24724.000
794.848	23566.000
794.864	22868.000
794.880	22304.000
794.895	22004.000
794.911	21872.000
794.927	22096.000
794.942	22396.000
794.958	22562.000
794.974	22776.000
794.989	23350.000
795.005	24280.000
795.021	25008.000
795.036	24696.000
795.052	25104.000
795.068	24770.000
795.083	24084.000
795.099	23314.000
795.115	22632.000
795.130	22162.000
795.146	21688.000
795.162	21340.000
795.177	21318.000
795.193	21308.000
795.209	21386.000
795.224	22000.000
795.240	21986.000
795.256	22066.000
795.271	22948.000
795.287	23376.000
795.303	23572.000
795.318	23548.000
795.334	23410.000
795.350	22824.000
795.365	22106.000
795.381	21698.000
795.396	21202.000
795.412	21048.000
795.428	20776.000
795.443	20602.000
795.459	20692.000
795.475	20900.000
795.490	20906.000
795.506	21136.000
795.522	21504.000
795.537	22084.000
795.553	22416.000
795.569	22594.000
795.584	22644.000
795.600	22192.000
795.615	21726.000
795.631	20970.000
795.647	20562.000
795.662	20350.000
795.678	20082.000
795.694	20044.000
795.709	19846.000
795.725	19844.000
795.741	19932.000
795.756	20098.000
795.772	20128.000
795.787	20488.000
795.803	21042.000
795.819	21866.000
795.834	21792.000
795.850	21920.000
795.866	21436.000
795.881	20984.000
795.897	20548.000
795.912	19730.000
795.928	19466.000
795.944	19348.000
795.959	18912.000
795.975	19094.000
795.990	19000.000
796.006	18834.000
796.022	19128.000
796.037	19454.000
796.053	19876.000
796.068	20586.000
796.084	20778.000
796.100	21006.000
796.115	20976.000
796.131	20676.000
796.147	20302.000
796.162	19540.000
796.178	19066.000
796.193	18486.000
796.209	18294.000
796.225	18294.000
796.240	18200.000
796.256	18258.000
796.271	18332.000
796.287	18452.000
796.303	18684.000
796.318	19440.000
796.334	19734.000
796.349	20002.000
796.365	20084.000
796.380	20004.000
796.396	19772.000
796.412	18906.000
796.427	18602.000
796.443	18134.000
796.458	17654.000
796.474	17742.000
796.490	17536.000
796.505	17550.000
796.521	17600.000
796.536	17904.000
796.552	18296.000
796.567	18328.000
796.583	18856.000
796.599	18862.000
796.614	19388.000
796.630	19228.000
796.645	18912.000
796.661	18806.000
796.676	18010.000
796.692	17496.000
796.708	17324.000
796.723	16844.000
796.739	16774.000
796.754	16646.000
796.770	16808.000
796.785	17102.000
796.801	17446.000
796.817	17350.000
796.832	17556.000
796.848	17670.000
796.863	18070.000
796.879	18046.000
796.894	18206.000
796.910	18260.000
796.925	17660.000
796.941	17218.000
796.957	16984.000
796.972	16578.000
796.988	16306.000
797.003	16262.000
797.019	16216.000
797.034	16248.000
797.050	16318.000
797.065	16474.000
797.081	16710.000
797.097	16592.000
797.112	16886.000
797.128	17388.000
797.143	17396.000
797.159	17448.000
797.174	17506.000
797.190	17150.000
797.205	16826.000
797.221	16292.000
797.236	15974.000
797.252	15870.000
797.267	15842.000
797.283	15596.000
797.299	15670.000
797.314	15716.000
797.330	15734.000
797.345	15844.000
797.361	16130.000
797.376	16244.000
797.392	16620.000
797.407	16564.000
797.423	16668.000
797.438	16674.000
797.454	16434.000
797.469	16074.000
797.485	15536.000
797.500	15424.000
797.516	15130.000
797.531	15010.000
797.547	14976.000
797.562	15034.000
797.578	15138.000
797.594	14998.000
797.609	15064.000
797.625	15230.000
797.640	15690.000
797.656	16046.000
797.671	16098.000
797.687	16312.000
797.702	15960.000
797.718	15732.000
797.733	15402.000
797.749	14848.000
797.764	14804.000
797.780	14512.000
797.795	14228.000
797.811	14204.000
797.826	14420.000
797.842	14282.000
797.857	14178.000
797.873	14604.000
797.888	14572.000
797.904	14934.000
797.919	15276.000
797.935	15340.000
797.950	15532.000
797.966	15332.000
797.981	15078.000
797.997	14896.000
798.012	14564.000
798.028	14188.000
798.043	13848.000
798.059	13826.000
798.074	13616.000
798.089	13848.000
798.105	13772.000
798.120	13888.000
798.136	13820.000
798.151	14000.000
798.167	14308.000
798.182	14342.000
798.198	14526.000
798.213	14426.000
798.229	14304.000
798.244	14404.000
798.260	14040.000
798.275	13836.000
798.291	13520.000
798.306	13408.000
798.322	13242.000
798.337	13190.000
798.353	13278.000
798.368	13252.000
798.383	13392.000
798.399	13504.000
798.414	13554.000
798.430	13742.000
798.445	13698.000
798.461	13724.000
798.476	13792.000
798.492	13488.000
798.507	13822.000
798.523	13424.000
798.538	12936.000
798.554	12814.000
798.569	12884.000
798.584	12616.000
798.600	12586.000
798.615	12554.000
798.631	12684.000
798.646	12770.000
798.662	12744.000
798.677	12882.000
798.693	12898.000
798.708	12992.000
798.724	13036.000
798.739	13090.000
798.754	13250.000
798.770	13066.000
798.785	13070.000
798.801	12714.000
798.816	12482.000
798.832	12262.000
798.847	12144.000
798.862	12186.000
798.878	12140.000
798.893	12010.000
798.909	12242.000
798.924	12124.000
798.940	12120.000
798.955	12180.000
798.970	12406.000
798.986	12568.000
799.001	12694.000
799.017	12668.000
799.032	12582.000
799.048	12408.000
799.063	12248.000
799.078	12072.000
799.094	11870.000
799.109	11708.000
799.125	11732.000
799.140	11622.000
799.156	11404.000
799.171	11620.000
799.186	11628.000
799.202	11486.000
799.217	11682.000
799.233	11788.000
799.248	11896.000
799.263	12088.000
799.279	12098.000
799.294	12008.000
799.310	11754.000
799.325	11672.000
799.341	11458.000
799.356	11380.000
799.371	11104.000
799.387	11134.000
799.402	11122.000
799.418	11004.000
799.433	11146.000
799.448	11188.000
799.464	11126.000
799.479	11130.000
799.495	11408.000
799.510	11352.000
799.525	11438.000
799.541	11570.000
799.556	11180.000
799.571	11394.000
799.587	10994.000
799.602	10708.000
799.618	10640.000
799.633	10624.000
799.648	10534.000
799.664	10644.000
799.679	10418.000
799.695	10570.000
799.710	10292.000
799.725	10562.000
799.741	10608.000
799.756	10816.000
799.771	10806.000
799.787	10900.000
799.802	10926.000
799.818	10938.000
799.833	10938.000
799.848	10706.000
799.864	10508.000
799.879	10216.000
799.894	10122.000
799.910	9918.000
799.925	9972.000
799.941	10050.000
799.956	9940.000
799.971	10176.000
799.987	9930.000
800.002	10024.000
800.017	9942.000
800.033	9932.000
800.048	10212.000
800.063	10210.000
800.079	10220.000
800.094	10226.000
800.110	10092.000
800.125	10106.000
800.140	9956.000
800.156	9784.000
800.171	9648.000
800.186	9664.000
800.202	9364.000
800.217	9486.000
800.232	9418.000
800.248	9528.000
800.263	9430.000
800.278	9450.000
800.294	9486.000
800.309	9554.000
800.324	9710.000
800.340	9790.000
800.355	9682.000
800.370	9678.000
800.386	9720.000
800.401	9650.000
800.417	9496.000
800.432	9306.000
800.447	9178.000
800.463	9004.000
800.478	9054.000
800.493	8960.000
800.509	9032.000
800.524	9100.000
800.539	9038.000
800.555	9204.000
800.570	9330.000
800.585	9280.000
800.600	9370.000
800.616	9416.000
800.631	9288.000
800.646	9208.000
800.662	9138.000
800.677	8910.000
800.692	8908.000
800.708	8618.000
800.723	8526.000
800.738	8646.000
800.754	8408.000
800.769	8576.000
800.784	8774.000
800.800	8690.000
800.815	8640.000
800.830	8742.000
800.846	8970.000
800.861	8910.000
800.876	8984.000
800.891	8982.000
800.907	8928.000
800.922	8742.000
800.937	8608.000
800.953	8550.000
800.968	8296.000
800.983	8160.000
800.999	8304.000
801.014	8162.000
801.029	8072.000
801.045	8196.000
801.060	8194.000
801.075	8320.000
801.090	8284.000
801.106	8398.000
801.121	8296.000
801.136	8548.000
801.152	8280.000
801.167	8288.000
801.182	8522.000
801.197	8098.000
801.213	7882.000
801.228	8008.000
801.243	7798.000
801.259	7894.000
801.274	7744.000
801.289	7880.000
801.304	7692.000
801.320	7948.000
801.335	7938.000
801.350	7784.000
801.366	7866.000
801.381	7832.000
801.396	7958.000
801.411	8022.000
801.427	7948.000
801.442	7816.000
801.457	7804.000
801.472	7708.000
801.488	7616.000
801.503	7504.000
801.518	7664.000
801.534	7396.000
801.549	7390.000
801.564	7498.000
801.579	7606.000
801.595	7362.000
801.610	7308.000
801.625	7514.000
801.640	7614.000
801.656	7778.000
801.671	7422.000
801.686	7400.000
801.701	7554.000
801.717	7596.000
801.732	7452.000
801.747	7268.000
801.762	7336.000
801.778	7108.000
801.793	7290.000
801.808	7080.000
801.823	7024.000
801.839	6898.000
801.854	7030.000
801.869	6820.000
801.884	6980.000
801.900	7170.000
801.915	7126.000
801.930	7242.000
801.945	7216.000
801.961	7366.000
801.976	7294.000
801.991	7250.000
802.006	7256.000
802.022	7006.000
802.037	6982.000
802.052	6606.000
802.067	6732.000
802.082	6818.000
802.098	6572.000
802.113	6778.000
802.128	6568.000
802.143	6694.000
802.159	6688.000
802.174	6724.000
802.189	6736.000
802.204	6994.000
802.220	7056.000
802.235	6850.000
802.250	6880.000
802.265	6974.000
802.280	6740.000
802.296	6512.000
802.311	6492.000
802.326	6484.000
802.341	6330.000
802.356	6330.000
802.372	6228.000
802.387	6402.000
802.402	6516.000
802.417	6472.000
802.433	6648.000
802.448	6550.000
802.463	6582.000
802.478	6622.000
802.493	6582.000
802.509	6620.000
802.524	6650.000
802.539	6380.000
802.554	6320.000
802.569	6280.000
802.585	6062.000
802.600	5912.000
802.615	5904.000
802.630	5912.000
802.645	6004.000
802.661	6154.000
802.676	6234.000
802.691	6146.000
802.706	6208.000
802.721	6140.000
802.736	6234.000
802.752	6262.000
802.767	6186.000
802.782	6138.000
802.797	6030.000
802.812	5916.000
802.828	5946.000
802.843	5800.000
802.858	5800.000
802.873	5724.000
802.888	5664.000
802.903	5648.000
802.919	5692.000
802.934	5858.000
802.949	5690.000
802.964	5892.000
802.979	5852.000
802.995	5838.000
803.010	5700.000
803.025	5878.000
803.040	5918.000
803.055	5840.000
803.070	5754.000
803.086	5834.000
803.101	5614.000
803.116	5650.000
803.131	5576.000
803.146	5540.000
803.161	5550.000
803.177	5508.000
803.192	5482.000
803.207	5448.000
803.222	5492.000
803.237	5566.000
803.252	5322.000
803.267	5544.000
803.283	5482.000
803.298	5682.000
803.313	5530.000
803.328	5444.000
803.343	5448.000
803.358	5328.000
803.374	5322.000
803.389	5310.000
803.404	5252.000
803.419	5308.000
803.434	5240.000
803.449	5224.000
803.464	5164.000
803.480	5182.000
803.495	5314.000
803.510	5222.000
803.525	5322.000
803.540	5312.000
803.555	5434.000
803.570	5382.000
803.585	5460.000
803.601	5304.000
803.616	5256.000
803.631	5076.000
803.646	4972.000
803.661	5062.000
803.676	4938.000
803.691	5000.000
803.706	4910.000
803.722	4968.000
803.737	4930.000
803.752	4876.000
803.767	5006.000
803.782	4966.000
803.797	4950.000
803.812	4986.000
803.827	5072.000
803.843	5194.000
803.858	5082.000
803.873	5018.000
803.888	4948.000
803.903	4842.000
803.918	4800.000
803.933	4786.000
803.948	4672.000
803.963	4562.000
803.979	4766.000
803.994	4764.000
804.009	4816.000
804.024	4866.000
804.039	4756.000
804.054	4736.000
804.069	4780.000
804.084	5028.000
804.099	4802.000
804.115	4796.000
804.130	4826.000
804.145	4720.000
804.160	4804.000
804.175	4634.000
804.190	4500.000
804.205	4496.000
804.220	4498.000
804.235	4500.000
804.250	4366.000
804.265	4542.000
804.281	4440.000
804.296	4674.000
804.311	4576.000
804.326	4530.000
804.341	4622.000
804.356	4592.000
804.371	4524.000
804.386	4728.000
804.401	4574.000
804.416	4460.000
804.431	4438.000
804.446	4378.000
804.461	4454.000
804.477	4250.000
804.492	4220.000
804.507	4412.000
804.522	4372.000
804.537	4314.000
804.552	4346.000
804.567	4384.000
804.582	4454.000
804.597	4248.000
804.612	4384.000
804.627	4330.000
804.642	4402.000
804.657	4328.000
804.672	4482.000
804.688	4310.000
804.703	4208.000
804.718	4264.000
804.733	4220.000
804.748	4142.000
804.763	4166.000
804.778	4176.000
804.793	4110.000
804.808	4184.000
804.823	4170.000
804.838	4154.000
804.853	4082.000
804.868	4246.000
804.883	4196.000
804.898	4262.000
804.913	4236.000
804.928	4258.000
804.943	4268.000
804.958	4266.000
804.973	4052.000
804.989	3988.000
805.004	3976.000
805.019	4066.000
805.034	3904.000
805.049	3928.000
805.064	3980.000
805.079	3964.000
805.094	4006.000
805.109	3992.000
805.124	3982.000
805.139	4018.000
805.154	4160.000
805.169	3992.000
805.184	4160.000
805.199	4046.000
805.214	4024.000
805.229	3962.000
805.244	3892.000
805.259	3940.000
805.274	3838.000
805.289	3762.000
805.304	3810.000
805.319	3822.000
805.334	3756.000
805.349	3890.000
805.364	3784.000
805.379	3780.000
805.394	3824.000
805.409	3964.000
805.424	3878.000
805.439	4044.000
805.454	3834.000
805.469	3874.000
805.484	3878.000
805.499	3880.000
805.514	3718.000
805.529	3690.000
805.544	3704.000
805.559	3664.000
805.574	3700.000
805.589	3652.000
805.604	3616.000
805.619	3716.000
805.634	3852.000
805.649	3712.000
805.664	3802.000
805.679	3764.000
805.694	3728.000
805.709	3886.000
805.724	3782.000
805.739	3776.000
805.754	3656.000
805.769	3694.000
805.784	3682.000
805.799	3540.000
805.814	3630.000
805.829	3620.000
805.844	3498.000
805.859	3614.000
805.874	3604.000
805.889	3570.000
805.904	3612.000
805.919	3546.000
805.934	3650.000
805.949	3600.000
805.964	3588.000
805.979	3564.000
805.994	3568.000
806.009	3676.000
806.024	3552.000
806.039	3564.000
806.054	3552.000
806.069	3584.000
806.084	3448.000
806.099	3500.000
806.114	3390.000
806.129	3500.000
806.144	3478.000
806.159	3466.000
806.174	3466.000
806.188	3496.000
806.203	3572.000
806.218	3456.000
806.233	3374.000
806.248	3434.000
806.263	3510.000
806.278	3510.000
806.293	3494.000
806.308	3456.000
806.323	3590.000
806.338	3588.000
806.353	3436.000
806.368	3334.000
806.383	3362.000
806.398	3390.000
806.413	3334.000
806.428	3188.000
806.443	3290.000
806.458	3322.000
806.473	3330.000
806.487	3310.000
806.502	3278.000
806.517	3196.000
806.532	3296.000
806.547	3372.000
806.562	3256.000
806.577	3442.000
806.592	3412.000
806.607	3228.000
806.622	3204.000
806.637	3146.000
806.652	3244.000
806.667	3256.000
806.682	3128.000
806.697	3100.000
806.711	3128.000
806.726	3122.000
806.741	3200.000
806.756	3292.000
806.771	3128.000
806.786	3154.000
806.801	3224.000
806.816	3244.000
806.831	3238.000
806.846	3224.000
806.861	3274.000
806.876	3156.000
806.890	3108.000
806.905	2922.000
806.920	2990.000
806.935	3048.000
806.950	2922.000
806.965	3026.000
806.980	2994.000
806.995	2890.000
807.010	3010.000
807.025	3042.000
807.040	3096.000
807.054	3054.000
807.069	3034.000
807.084	3100.000
807.099	2904.000
807.114	3052.000
807.129	3050.000
807.144	2954.000
807.159	3006.000
807.174	2898.000
807.189	2826.000
807.203	2822.000
807.218	2990.000
807.233	2812.000
807.248	2906.000
807.263	2954.000
807.278	2880.000
807.293	2858.000
807.308	2878.000
807.323	2952.000
807.337	2938.000
807.352	2874.000
807.367	2868.000
807.382	2946.000
807.397	2946.000
807.412	2872.000
807.427	2858.000
807.442	2926.000
807.456	2904.000
807.471	2712.000
807.486	2792.000
807.501	2894.000
807.516	2778.000
807.531	2694.000
807.546	2778.000
807.561	2796.000
807.575	2854.000
807.590	2770.000
807.605	2710.000
807.620	2704.000
807.635	2784.000
807.650	2806.000
807.665	2770.000
807.679	2762.000
807.694	2810.000
807.709	2734.000
807.724	2720.000
807.739	2730.000
807.754	2590.000
807.769	2644.000
807.783	2586.000
807.798	2722.000
807.813	2598.000
807.828	2514.000
807.843	2754.000
807.858	2666.000
807.872	2630.000
807.887	2630.000
807.902	2720.000
807.917	2722.000
807.932	2820.000
807.947	2696.000
807.962	2696.000
807.976	2732.000
807.991	2674.000
808.006	2628.000
808.021	2600.000
808.036	2546.000
808.051	2566.000
808.065	2630.000
808.080	2466.000
808.095	2646.000
808.110	2610.000
808.125	2624.000
808.140	2516.000
808.154	2612.000
808.169	2614.000
808.184	2652.000
808.199	2636.000
808.214	2672.000
808.228	2632.000
808.243	2608.000
808.258	2486.000
808.273	2598.000
808.288	2420.000
808.303	2572.000
808.317	2518.000
808.332	2450.000
808.347	2512.000
808.362	2506.000
808.377	2370.000
808.391	2552.000
808.406	2530.000
808.421	2458.000
808.436	2520.000
808.451	2552.000
808.465	2580.000
808.480	2508.000
808.495	2448.000
808.510	2608.000
808.525	2458.000
808.540	2370.000
808.554	2402.000
808.569	2404.000
808.584	2390.000
808.599	2452.000
808.613	2450.000
808.628	2406.000
808.643	2516.000
808.658	2386.000
808.673	2438.000
808.687	2456.000
808.702	2508.000
808.717	2540.000
808.732	2490.000
808.747	2470.000
808.761	2460.000
808.776	2368.000
808.791	2330.000
808.806	2456.000
808.821	2416.000
808.835	2312.000
808.850	2286.000
808.865	2266.000
808.880	2404.000
808.894	2330.000
808.909	2368.000
808.924	2364.000
808.939	2334.000
808.953	2402.000
808.968	2322.000
808.983	2358.000
808.998	2338.000
809.013	2402.000
809.027	2442.000
809.042	2320.000
809.057	2310.000
809.072	2514.000
809.086	2370.000
809.101	2284.000
809.116	2256.000
809.131	2302.000
809.145	2248.000
809.160	2280.000
809.175	2320.000
809.190	2212.000
809.204	2310.000
809.219	2288.000
809.234	2364.000
809.249	2336.000
809.263	2320.000
809.278	2298.000
809.293	2412.000
809.308	2314.000
809.322	2328.000
809.337	2406.000
809.352	2392.000
809.367	2266.000
809.381	2252.000
809.396	2274.000
809.411	2210.000
809.426	2260.000
809.440	2242.000
809.455	2274.000
809.470	2234.000
809.485	2290.000
809.499	2266.000
809.514	2296.000
809.529	2314.000
809.544	2264.000
809.558	2232.000
809.573	2208.000
809.588	2276.000
809.602	2338.000
809.618	2222.000
809.633	2228.000
809.648	2280.000
809.664	2206.000
809.679	2194.000
809.694	2232.000
809.710	2216.000
809.725	2174.000
809.740	2200.000
809.756	2184.000
809.771	2206.000
809.786	2160.000
809.802	2178.000
809.817	2322.000
809.832	2222.000
809.847	2332.000
809.863	2316.000
809.878	2204.000
809.893	2248.000
809.909	2160.000
809.924	2230.000
809.939	2162.000
809.955	2084.000
809.970	2014.000
809.985	2188.000
810.000	2080.000
810.016	2202.000
810.031	2108.000
810.046	2186.000
810.062	2140.000
810.077	2110.000
810.092	2164.000
810.108	2174.000
810.123	2162.000
810.138	2196.000
810.153	2154.000
810.169	2162.000
810.184	2130.000
810.199	2100.000
810.215	2042.000
810.230	1992.000
810.245	2050.000
810.260	2158.000
810.276	2056.000
810.291	2162.000
810.306	1950.000
810.321	2122.000
810.337	2108.000
810.352	2070.000
810.367	2030.000
810.383	2040.000
810.398	2090.000
810.413	2016.000
810.428	2008.000
810.444	2114.000
810.459	1974.000
810.474	2148.000
810.489	2110.000
810.505	1994.000
810.520	2036.000
810.535	1990.000
810.550	1984.000
810.566	2040.000
810.581	2010.000
810.596	2020.000
810.612	2006.000
810.627	2056.000
810.642	1920.000
810.657	2078.000
810.673	2096.000
810.688	2070.000
810.703	2102.000
810.718	2024.000
810.734	1944.000
810.749	1994.000
810.764	1948.000
810.779	1950.000
810.795	1962.000
810.810	1986.000
810.825	1872.000
810.840	1954.000
810.856	2002.000
810.871	2008.000
810.886	1982.000
810.901	1998.000
810.916	2020.000
810.932	2030.000
810.947	1960.000
810.962	2066.000
810.977	1954.000
810.993	1996.000
811.008	1902.000
811.023	1914.000
811.038	1914.000
811.054	1860.000
811.069	1836.000
811.084	1854.000
811.099	1962.000
811.114	1918.000
811.130	1880.000
811.145	1900.000
811.160	1906.000
811.175	1910.000
811.191	1860.000
811.206	1858.000
811.221	1902.000
811.236	1840.000
811.251	1876.000
811.267	1892.000
811.282	1928.000
811.297	1828.000
811.312	1844.000
811.328	1910.000
811.343	1810.000
811.358	1834.000
811.373	1832.000
811.388	1806.000
811.404	1814.000
811.419	1800.000
811.434	1936.000
811.449	1910.000
811.464	1966.000
811.480	1848.000
811.495	1816.000
811.510	1828.000
811.525	1892.000
811.540	1822.000
811.556	1872.000
811.571	1868.000
811.586	1788.000
811.601	1722.000
811.616	1816.000
811.632	1866.000
811.647	1796.000
811.662	1802.000
811.677	1878.000
811.692	1838.000
811.708	1800.000
811.723	1854.000
811.738	1908.000
811.753	1836.000
811.768	1788.000
811.783	1738.000
811.799	1886.000
811.814	1914.000
811.829	1764.000
811.844	1842.000
811.859	1842.000
811.875	1800.000
811.890	1762.000
811.905	1844.000
811.920	1820.000
811.935	1798.000
811.950	1794.000
811.966	1830.000
811.981	1742.000
811.996	1770.000
812.011	1834.000
812.026	1758.000
812.041	1822.000
812.057	1818.000
812.072	1828.000
812.087	1796.000
812.102	1874.000
812.117	1778.000
812.132	1758.000
812.148	1772.000
812.163	1722.000
812.178	1848.000
812.193	1822.000
812.208	1744.000
812.223	1708.000
812.239	1792.000
812.254	1720.000
812.269	1648.000
812.284	1784.000
812.299	1800.000
812.314	1756.000
812.329	1736.000
812.345	1726.000
812.360	1814.000
812.375	1766.000
812.390	1854.000
812.405	1856.000
812.420	1818.000
812.435	1804.000
812.451	1772.000
812.466	1740.000
812.481	1758.000
812.496	1660.000
812.511	1722.000
812.526	1748.000
812.541	1764.000
812.557	1730.000
812.572	1744.000
812.587	1788.000
812.602	1776.000
812.617	1750.000
812.632	1808.000
812.647	1818.000
812.662	1856.000
812.678	1794.000
812.693	1776.000
812.708	1770.000
812.723	1786.000
812.738	1762.000
812.753	1838.000
812.768	1794.000
812.783	1812.000
812.799	1874.000
812.814	1864.000
812.829	1920.000
812.844	1976.000
812.859	1938.000
812.874	1940.000
812.889	1978.000
812.904	1984.000
812.919	2006.000
812.935	2070.000
812.950	2198.000
812.965	2080.000
812.980	2062.000
812.995	2142.000
813.010	2180.000
813.025	2278.000
813.040	2322.000
813.055	2374.000
813.071	2400.000
813.086	2548.000
813.101	2506.000
813.116	2556.000
813.131	2512.000
813.146	2580.000
813.161	2454.000
813.176	2514.000
813.191	2514.000
813.206	2404.000
813.222	2448.000
813.237	2538.000
813.252	2398.000
813.267	2340.000
813.282	2204.000
813.297	2240.000
813.312	2164.000
813.327	2226.000
813.342	2202.000
813.357	2164.000
813.372	2086.000
813.387	2166.000
813.403	2046.000
813.418	2158.000
813.433	2024.000
813.448	2080.000
813.463	2056.000
813.478	2086.000
813.493	2080.000
813.508	2020.000
813.523	2006.000
813.538	1980.000
813.553	1980.000
813.568	2008.000
813.583	1956.000
813.598	2028.000
813.614	2000.000
813.629	1980.000
813.644	1952.000
813.659	1964.000
813.674	1890.000
813.689	1966.000
813.704	1948.000
813.719	1888.000
813.734	1934.000
813.749	1908.000
813.764	2014.000
813.779	1946.000
813.794	1940.000
813.809	1944.000
813.824	2022.000
813.839	2000.000
813.854	1930.000
813.870	1982.000
813.885	1976.000
813.900	2034.000
813.915	2038.000
813.930	2040.000
813.945	2092.000
813.960	2016.000
813.975	2196.000
813.990	2162.000
814.005	2246.000
814.020	2238.000
814.035	2296.000
814.050	2296.000
814.065	2272.000
814.080	2418.000
814.095	2380.000
814.110	2438.000
814.125	2482.000
814.140	2498.000
814.155	2510.000
814.170	2648.000
814.185	2720.000
814.200	2820.000
814.215	2950.000
814.230	3040.000
814.245	3306.000
814.260	3358.000
814.275	3344.000
814.291	3594.000
814.306	3772.000
814.321	4004.000
814.336	4188.000
814.351	4352.000
814.366	4610.000
814.381	4864.000
814.396	5090.000
814.411	5366.000
814.426	5492.000
814.441	5782.000
814.456	5968.000
814.471	6208.000
814.486	6170.000
814.501	6182.000
814.516	6354.000
814.531	6202.000
814.546	6134.000
814.561	6044.000
814.576	5688.000
814.591	5576.000
814.606	5348.000
814.621	5196.000
814.636	5004.000
814.651	4782.000
814.666	4534.000
814.681	4442.000
814.696	4264.000
814.711	4108.000
814.726	3868.000
814.741	3790.000
814.756	3658.000
814.771	3618.000
814.786	3504.000
814.801	3388.000
814.816	3306.000
814.831	3140.000
814.846	3078.000
814.861	3142.000
814.876	3034.000
814.891	2880.000
814.906	2882.000
814.921	2874.000
814.936	2746.000
814.951	2688.000
814.966	2700.000
814.980	2720.000
814.995	2666.000
815.010	2672.000
815.025	2514.000
815.040	2552.000
815.055	2522.000
815.070	2520.000
815.085	2468.000
815.100	2432.000
815.115	2384.000
815.130	2442.000
815.145	2300.000
815.160	2358.000
815.175	2332.000
815.190	2258.000
815.205	2204.000
815.220	2128.000
815.235	2158.000
815.250	2056.000
815.265	2062.000
815.280	2040.000
815.295	1970.000
815.310	2028.000
815.325	1936.000
815.340	1998.000
815.355	1978.000
815.370	1946.000
815.384	1920.000
815.399	1848.000
815.414	1892.000
815.429	1870.000
815.444	1854.000
815.459	1858.000
815.474	1834.000
815.489	1732.000
815.504	1784.000
815.519	1696.000
815.534	1654.000
815.549	1654.000
815.564	1660.000
815.579	1636.000
815.594	1570.000
815.609	1582.000
815.624	1654.000
815.638	1552.000
815.653	1642.000
815.668	1496.000
815.683	1582.000
815.698	1454.000
815.713	1600.000
815.728	1546.000
815.743	1504.000
815.758	1436.000
815.773	1420.000
815.788	1352.000
815.803	1466.000
815.818	1370.000
815.833	1458.000
815.847	1328.000
815.862	1398.000
815.877	1348.000
815.892	1346.000
815.907	1342.000
815.922	1332.000
815.937	1290.000
815.952	1334.000
815.967	1352.000
815.982	1346.000
815.997	1254.000
816.012	1302.000
816.026	1282.000
816.041	1278.000
816.056	1256.000
816.071	1230.000
816.086	1238.000
816.101	1250.000
816.116	1228.000
816.131	1170.000
816.146	1222.000
816.161	1196.000
816.175	1228.000
816.190	1254.000
816.205	1194.000
816.220	1166.000
816.235	1136.000
816.250	1140.000
816.265	1164.000
816.280	1210.000
816.295	1214.000
816.309	1166.000
816.324	1122.000
816.339	1098.000
816.354	1118.000
816.369	1146.000
816.384	1092.000
816.399	1072.000
816.414	1140.000
816.429	1054.000
816.443	1102.000
816.458	1106.000
816.473	1118.000
816.488	1130.000
816.503	1086.000
816.518	1088.000
816.533	1124.000
816.548	1082.000
816.562	1068.000
816.577	1126.000
816.592	1112.000
816.607	1064.000
816.622	1084.000
816.637	1058.000
816.652	1070.000
816.667	976.000
816.681	1002.000
816.696	1018.000
816.711	1086.000
816.726	1054.000
816.741	1050.000
816.756	1000.000
816.771	1020.000
816.785	1024.000
816.800	1054.000
816.815	998.000
816.830	1060.000
816.845	1016.000
816.860	1044.000
816.875	1070.000
816.889	1040.000
816.904	1054.000
816.919	1018.000
816.934	958.000
816.949	982.000
816.964	984.000
816.978	984.000
816.993	1004.000
817.008	1006.000
817.023	1034.000
817.038	978.000
817.053	1006.000
817.068	1012.000
817.082	1020.000
817.097	988.000
817.112	960.000
817.127	940.000
817.142	964.000
817.157	936.000
817.171	958.000
817.186	878.000
817.201	930.000
817.216	952.000
817.231	942.000
817.246	888.000
817.260	956.000
817.275	946.000
817.290	910.000
817.305	930.000
817.320	954.000
817.334	934.000
817.349	952.000
817.364	876.000
817.379	968.000
817.394	938.000
817.409	956.000
817.423	914.000
817.438	948.000
817.453	976.000
817.468	960.000
817.483	902.000
817.497	904.000
817.512	970.000
817.527	898.000
817.542	914.000
817.557	896.000
817.571	868.000
817.586	920.000
817.601	926.000
817.616	928.000
817.631	840.000
817.645	906.000
817.660	880.000
817.675	908.000
817.690	920.000
817.705	918.000
817.719	934.000
817.734	876.000
817.749	888.000
817.764	906.000
817.779	872.000
817.793	890.000
817.808	822.000
817.823	832.000
817.838	924.000
817.853	860.000
817.867	874.000
817.882	824.000
817.897	838.000
817.912	830.000
817.926	852.000
817.941	828.000
817.956	768.000
817.971	832.000
817.986	884.000
818.000	888.000
818.015	868.000
818.030	888.000
818.045	848.000
818.059	874.000
818.074	798.000
818.089	862.000
818.104	792.000
818.119	840.000
818.133	882.000
818.148	838.000
818.163	858.000
818.178	846.000
818.192	806.000
818.207	824.000
818.222	846.000
818.237	796.000
818.251	848.000
818.266	850.000
818.281	800.000
818.296	832.000
818.310	848.000
818.325	906.000
818.340	842.000
818.355	772.000
818.369	808.000
818.384	794.000
818.399	806.000
818.414	814.000
818.428	786.000
818.443	816.000
818.458	854.000
818.473	842.000
818.487	848.000
818.502	852.000
818.517	820.000
818.532	816.000
818.546	826.000
818.561	840.000
818.576	790.000
818.591	754.000
818.605	818.000
818.620	756.000
818.635	790.000
818.649	786.000
818.664	758.000
818.679	764.000
818.694	782.000
818.708	758.000
818.723	766.000
818.738	820.000
818.753	774.000
818.767	838.000
818.782	740.000
818.797	796.000
818.811	810.000
818.826	720.000
818.841	766.000
818.856	808.000
818.870	738.000
818.885	800.000
818.900	830.000
818.914	762.000
818.929	742.000
818.944	772.000
818.959	760.000
818.973	736.000
818.988	788.000
819.003	774.000
819.017	734.000
819.032	744.000
819.047	768.000
819.062	766.000
819.076	734.000
819.091	764.000
819.106	716.000
819.120	772.000
819.135	702.000
819.150	738.000
819.164	776.000
819.179	762.000
819.194	736.000
819.209	760.000
819.223	700.000
819.238	736.000
819.253	724.000
819.267	716.000
819.282	734.000
819.297	696.000
819.311	744.000
819.326	700.000
819.341	752.000
819.355	708.000
819.370	732.000
819.385	728.000
819.399	728.000
819.414	764.000
819.429	760.000
819.444	780.000
819.458	740.000
819.473	652.000
819.488	726.000
819.502	728.000
819.517	766.000
819.532	622.000
819.546	732.000
819.561	706.000
819.576	764.000
819.590	720.000
819.605	746.000
819.620	704.000
819.634	768.000
819.649	718.000
819.664	730.000
819.678	726.000
819.693	746.000
819.708	756.000
819.722	720.000
819.737	734.000
819.752	710.000
819.766	696.000
819.781	726.000
819.795	688.000
819.810	716.000
819.825	700.000
819.839	740.000
819.854	676.000
819.869	752.000
819.883	702.000
819.898	686.000
819.913	716.000
819.927	750.000
819.942	730.000
819.957	720.000
819.971	704.000
819.986	694.000
820.001	708.000
820.015	708.000
820.030	684.000
820.044	700.000
820.059	688.000
820.074	704.000
820.088	702.000
820.103	724.000
820.118	656.000
820.132	672.000
820.147	684.000
820.161	696.000
820.176	672.000
820.191	746.000
820.205	674.000
820.220	674.000
820.235	706.000
820.249	684.000
820.264	680.000
820.278	618.000
820.293	646.000
820.308	692.000
820.322	648.000
820.337	688.000
820.352	690.000
820.366	730.000
820.381	666.000
820.395	642.000
820.410	696.000
820.425	660.000
820.439	646.000
820.454	706.000
820.468	682.000
820.483	696.000
820.498	676.000
820.512	658.000
820.527	652.000
820.541	658.000
820.556	660.000
820.571	714.000
820.585	664.000
820.600	626.000
820.614	656.000
820.629	670.000
820.644	714.000
820.658	676.000
820.673	646.000
820.687	692.000
820.702	634.000
820.717	610.000
820.731	678.000
820.746	666.000
820.760	640.000
820.775	676.000
820.790	646.000
820.804	694.000
820.819	634.000
820.833	702.000
820.848	642.000
820.862	688.000
820.877	690.000
820.892	642.000
820.906	662.000
820.921	680.000
820.935	642.000
820.950	680.000
820.964	654.000
820.979	646.000
820.994	628.000
821.008	684.000
821.023	672.000
821.037	656.000
821.052	652.000
821.066	694.000
821.081	658.000
821.096	672.000
821.110	656.000
821.125	698.000
821.139	660.000
821.154	618.000
821.168	658.000
821.183	612.000
821.197	650.000
821.212	604.000
821.227	658.000
821.241	628.000
821.256	636.000
821.270	596.000
821.285	592.000
821.299	602.000
821.314	602.000
821.328	660.000
821.343	624.000
821.357	670.000
821.372	664.000
821.387	624.000
821.401	658.000
821.416	620.000
821.430	604.000
821.445	596.000
821.459	664.000
821.474	658.000
821.488	590.000
821.503	624.000
821.517	626.000
821.532	604.000
821.546	566.000
821.561	610.000
821.576	592.000
821.590	616.000
821.605	622.000
821.619	606.000
821.634	620.000
821.648	680.000
821.663	626.000
821.677	618.000
821.692	648.000
821.706	620.000
821.721	620.000
821.735	672.000
821.750	604.000
821.764	604.000
821.779	614.000
821.793	604.000
821.808	576.000
821.822	610.000
821.837	596.000
821.851	574.000
821.866	580.000
821.880	632.000
821.895	596.000
821.909	638.000
821.924	612.000
821.938	620.000
821.953	608.000
821.967	616.000
821.982	606.000
821.996	586.000
822.011	646.000
822.025	610.000
822.040	584.000
822.054	586.000
822.069	638.000
822.083	578.000
822.098	550.000
822.112	598.000
822.127	590.000
822.141	592.000
822.156	602.000
822.170	538.000
822.185	584.000
822.199	556.000
822.214	584.000
822.228	560.000
822.243	610.000
822.257	560.000
822.272	610.000
822.286	564.000
822.301	566.000
822.315	606.000
822.330	604.000
822.344	544.000
822.359	568.000
822.373	580.000
822.388	558.000
822.402	634.000
822.416	544.000
822.431	576.000
822.445	638.000
822.460	532.000
822.474	524.000
822.489	598.000
822.503	582.000
822.518	606.000
822.532	588.000
822.547	574.000
822.561	572.000
822.576	582.000
822.590	578.000
822.605	580.000
822.619	562.000
822.633	598.000
822.648	564.000
822.662	530.000
822.677	562.000
822.691	584.000
822.706	552.000
822.720	610.000
822.735	610.000
822.749	570.000
822.763	578.000
822.778	596.000
822.792	544.000
822.807	602.000
822.821	578.000
822.836	552.000
822.850	582.000
822.865	538.000
822.879	594.000
822.893	556.000
822.908	542.000
822.922	552.000
822.937	556.000
822.951	598.000
822.966	556.000
822.980	610.000
822.994	536.000
823.009	564.000
823.023	534.000
823.038	578.000
823.052	546.000
823.067	638.000
823.081	566.000
823.095	534.000
823.110	618.000
823.124	604.000
823.139	578.000
823.153	580.000
823.168	560.000
823.182	600.000
823.196	548.000
823.211	524.000
823.225	570.000
823.240	538.000
823.254	566.000
823.268	578.000
823.283	542.000
823.297	588.000
823.312	580.000
823.326	606.000
823.340	580.000
823.355	556.000
823.369	548.000
823.384	546.000
823.398	526.000
823.412	590.000
823.427	564.000
823.441	532.000
823.456	584.000
823.470	570.000
823.484	512.000
823.499	560.000
823.513	550.000
823.528	584.000
823.542	560.000
823.556	568.000
823.571	590.000
823.585	598.000
823.600	564.000
823.614	586.000
823.628	566.000
823.643	538.000
823.657	512.000
823.671	562.000
823.686	520.000
823.700	550.000
823.715	572.000
823.729	570.000
823.743	580.000
823.758	530.000
823.772	538.000
823.786	542.000
823.801	588.000
823.815	526.000
823.830	562.000
823.844	528.000
823.858	540.000
823.873	570.000
823.887	562.000
823.901	556.000
823.916	568.000
823.930	606.000
823.945	568.000
823.959	542.000
823.973	548.000
823.988	550.000
824.002	584.000
824.016	564.000
824.031	536.000
824.045	558.000
824.059	540.000
824.074	566.000
824.088	566.000
824.102	544.000
824.117	564.000
824.131	546.000
824.145	520.000
824.160	532.000
824.174	562.000
824.188	568.000
824.203	568.000
824.217	526.000
824.232	554.000
824.246	564.000
824.260	566.000
824.275	576.000
824.289	572.000
824.303	574.000
824.318	554.000
824.332	604.000
824.346	556.000
824.361	540.000
824.375	540.000
824.389	588.000
824.404	600.000
824.418	572.000
824.432	544.000
824.446	600.000
824.461	534.000
824.475	570.000
824.489	556.000
824.504	562.000
824.518	544.000
824.532	536.000
824.547	584.000
824.561	540.000
824.575	552.000
824.590	540.000
824.604	622.000
824.618	580.000
824.633	586.000
824.647	562.000
824.661	576.000
824.676	526.000
824.690	536.000
824.704	546.000
824.718	540.000
824.733	554.000
824.747	554.000
824.761	580.000
824.776	606.000
824.791	540.000
824.806	622.000
824.821	610.000
824.836	590.000
824.851	580.000
824.866	582.000
824.880	584.000
824.895	580.000
824.910	600.000
824.925	580.000
824.940	598.000
824.955	582.000
824.970	634.000
824.985	590.000
825.000	574.000
825.014	578.000
825.029	568.000
825.044	560.000
825.059	632.000
825.074	588.000
825.089	586.000
825.104	608.000
825.119	584.000
825.134	568.000
825.148	612.000
825.163	596.000
825.178	582.000
825.193	624.000
825.208	548.000
825.223	592.000
825.238	584.000
825.253	570.000
825.267	566.000
825.282	570.000
825.297	592.000
825.312	634.000
825.327	584.000
825.342	624.000
825.357	566.000
825.372	602.000
825.386	636.000
825.401	576.000
825.416	560.000
825.431	570.000
825.446	556.000
825.461	552.000
825.476	584.000
825.490	564.000
825.505	588.000
825.520	586.000
825.535	660.000
825.550	578.000
825.565	622.000
825.580	590.000
825.594	622.000
825.609	536.000
825.624	592.000
825.639	606.000
825.654	602.000
825.669	630.000
825.683	620.000
825.698	580.000
825.713	560.000
825.728	580.000
825.743	582.000
825.758	548.000
825.773	576.000
825.787	594.000
825.802	604.000
825.817	578.000
825.832	592.000
825.847	570.000
825.862	614.000
825.876	584.000
825.891	574.000
825.906	590.000
825.921	588.000
825.936	592.000
825.951	572.000
825.965	558.000
825.980	574.000
825.995	590.000
826.010	630.000
826.025	588.000
826.039	592.000
826.054	570.000
826.069	582.000
826.084	598.000
826.099	624.000
826.114	572.000
826.128	604.000
826.143	602.000
826.158	590.000
826.173	648.000
826.188	636.000
826.202	566.000
826.217	568.000
826.232	570.000
826.247	630.000
826.262	608.000
826.276	606.000
826.291	570.000
826.306	572.000
826.321	556.000
826.336	580.000
826.351	576.000
826.365	554.000
826.380	594.000
826.395	558.000
826.410	590.000
826.425	596.000
826.439	614.000
826.454	626.000
826.469	598.000
826.484	572.000
826.498	616.000
826.513	596.000
826.528	554.000
826.543	584.000
826.558	594.000
826.572	568.000
826.587	596.000
826.602	554.000
826.617	600.000
826.632	564.000
826.646	574.000
826.661	574.000
826.676	596.000
826.691	580.000
826.705	572.000
826.720	554.000
826.735	582.000
826.750	570.000
826.765	640.000
826.779	574.000
826.794	576.000
826.809	610.000
826.824	566.000
826.838	564.000
826.853	642.000
826.868	602.000
826.883	578.000
826.897	594.000
826.912	566.000
826.927	560.000
826.942	570.000
826.957	548.000
826.971	594.000
826.986	576.000
827.001	568.000
827.016	564.000
827.030	604.000
827.045	598.000
827.060	586.000
827.075	564.000
827.089	592.000
827.104	582.000
827.119	600.000
827.134	596.000
827.148	608.000
827.163	602.000
827.178	602.000
827.193	606.000
827.207	628.000
827.222	644.000
827.237	598.000
827.252	614.000
827.266	582.000
827.281	580.000
827.296	646.000
827.311	578.000
827.325	590.000
827.340	594.000
827.355	570.000
827.369	572.000
827.384	608.000
827.399	588.000
827.414	624.000
827.428	630.000
827.443	610.000
827.458	602.000
827.473	626.000
827.487	578.000
827.502	618.000
827.517	580.000
827.531	574.000
827.546	604.000
827.561	590.000
827.576	586.000
827.590	598.000
827.605	558.000
827.620	576.000
827.634	628.000
827.649	544.000
827.664	614.000
827.679	612.000
827.693	622.000
827.708	604.000
827.723	634.000
827.737	594.000
827.752	598.000
827.767	612.000
827.782	610.000
827.796	596.000
827.811	574.000
827.826	576.000
827.840	608.000
827.855	588.000
827.870	592.000
827.885	598.000
827.899	628.000
827.914	586.000
827.929	618.000
827.943	630.000
827.958	582.000
827.973	606.000
827.987	638.000
828.002	618.000
828.017	630.000
828.031	588.000
828.046	630.000
828.061	616.000
828.076	610.000
828.090	644.000
828.105	578.000
828.120	626.000
828.134	590.000
828.149	640.000
828.164	626.000
828.178	634.000
828.193	588.000
828.208	610.000
828.222	590.000
828.237	594.000
828.252	630.000
828.266	602.000
828.281	614.000
828.296	638.000
828.310	612.000
828.325	574.000
828.340	662.000
828.354	626.000
828.369	590.000
828.384	626.000
828.398	618.000
828.413	632.000
828.428	572.000
828.442	660.000
828.457	656.000
828.472	598.000
828.486	674.000
828.501	648.000
828.516	642.000
828.530	664.000
828.545	646.000
828.560	618.000
828.574	634.000
828.589	606.000
828.604	626.000
828.618	612.000
828.633	672.000
828.648	620.000
828.662	646.000
828.677	646.000
828.691	598.000
828.706	582.000
828.721	636.000
828.735	624.000
828.750	598.000
828.765	676.000
828.779	646.000
828.794	626.000
828.809	682.000
828.823	654.000
828.838	656.000
828.853	660.000
828.867	628.000
828.882	686.000
828.896	622.000
828.911	656.000
828.926	654.000
828.940	606.000
828.955	696.000
828.970	648.000
828.984	638.000
828.999	656.000
829.013	656.000
829.028	670.000
829.043	614.000
829.057	688.000
829.072	676.000
829.087	618.000
829.101	692.000
829.116	670.000
829.130	654.000
829.145	650.000
829.160	624.000
829.174	698.000
829.189	678.000
829.203	664.000
829.218	660.000
829.233	660.000
829.247	690.000
829.262	704.000
829.276	678.000
829.291	658.000
829.306	680.000
829.320	684.000
829.335	660.000
829.349	654.000
829.364	686.000
829.379	724.000
829.393	696.000
829.408	684.000
829.422	636.000
829.437	686.000
829.452	656.000
829.466	690.000
829.481	706.000
829.495	672.000
829.510	664.000
829.525	726.000
829.539	714.000
829.554	648.000
829.568	684.000
829.583	660.000
829.598	702.000
829.612	632.000
829.627	676.000
829.641	670.000
829.656	642.000
829.670	694.000
829.685	692.000
829.700	696.000
829.714	726.000
829.729	698.000
829.743	678.000
829.758	686.000
829.772	668.000
829.787	690.000
829.802	632.000
829.816	690.000
829.831	690.000
829.845	618.000
829.860	648.000
829.874	688.000
829.889	718.000
829.904	664.000
829.918	638.000
829.933	638.000
829.947	700.000
829.962	678.000
829.976	656.000
829.991	682.000
830.005	682.000
830.020	712.000
830.035	672.000
830.049	690.000
830.064	654.000
830.078	654.000
830.093	704.000
830.107	626.000
830.122	704.000
830.136	652.000
830.151	686.000
830.166	706.000
830.180	658.000
830.195	642.000
830.209	662.000
830.224	690.000
830.238	670.000
830.253	636.000
830.267	682.000
830.282	652.000
830.296	698.000
830.311	648.000
830.325	652.000
830.340	638.000
830.355	648.000
830.369	668.000
830.384	670.000
830.398	656.000
830.413	724.000
830.427	694.000
830.442	616.000
830.456	618.000
830.471	660.000
830.485	656.000
830.500	676.000
830.514	616.000
830.529	664.000
830.543	640.000
830.558	636.000
830.572	626.000
830.587	648.000
830.601	602.000
830.616	664.000
830.630	614.000
830.645	632.000
830.659	626.000
830.674	588.000
830.688	664.000
830.703	622.000
830.718	636.000
830.732	620.000
830.747	612.000
830.761	636.000
830.776	620.000
830.790	616.000
830.805	630.000
830.819	626.000
830.834	654.000
830.848	640.000
830.863	598.000
830.877	604.000
830.892	652.000
830.906	620.000
830.921	618.000
830.935	636.000
830.949	620.000
830.964	604.000
830.978	592.000
830.993	624.000
831.007	622.000
831.022	562.000
831.036	544.000
831.051	562.000
831.065	604.000
831.080	572.000
831.094	552.000
831.109	594.000
831.123	568.000
831.138	566.000
831.152	624.000
831.167	618.000
831.181	618.000
831.196	570.000
831.210	604.000
831.225	558.000
831.239	600.000
831.254	618.000
831.268	602.000
831.283	528.000
831.297	602.000
831.311	548.000
831.326	544.000
831.340	558.000
831.355	586.000
831.369	582.000
831.384	546.000
831.398	608.000
831.413	638.000
831.427	566.000
831.442	548.000
831.456	562.000
831.471	546.000
831.485	532.000
831.499	542.000
831.514	578.000
831.528	550.000
831.543	534.000
831.557	542.000
831.572	562.000
831.586	556.000
831.601	536.000
831.615	590.000
831.629	548.000
831.644	614.000
831.658	546.000
831.673	572.000
831.687	540.000
831.702	558.000
831.716	580.000
831.731	580.000
831.745	538.000
831.759	568.000
831.774	542.000
831.788	538.000
831.803	512.000
831.817	570.000
831.832	544.000
831.846	562.000
831.860	556.000
831.875	554.000
831.889	562.000
831.904	532.000
831.918	544.000
831.933	540.000
831.947	506.000
831.961	532.000
831.976	478.000
831.990	522.000
832.005	544.000
832.019	538.000
832.033	528.000
832.048	496.000
832.062	532.000
832.077	522.000
832.091	488.000
832.106	528.000
832.120	512.000
832.134	552.000
832.149	516.000
832.163	526.000
832.178	546.000
832.192	526.000
832.206	526.000
832.221	506.000
832.235	538.000
832.250	482.000
832.264	510.000
832.278	540.000
832.293	498.000
832.307	486.000
832.322	494.000
832.336	534.000
832.350	492.000
832.365	516.000
832.379	530.000
832.394	518.000
832.408	516.000
832.422	486.000
832.437	480.000
832.451	502.000
832.465	516.000
832.480	532.000
832.494	482.000
832.509	500.000
832.523	496.000
832.537	520.000
832.552	468.000
832.566	520.000
832.581	460.000
832.595	486.000
832.609	480.000
832.624	512.000
832.638	494.000
832.652	434.000
832.667	536.000
832.681	442.000
832.696	476.000
832.710	468.000
832.724	522.000
832.739	486.000
832.753	476.000
832.767	516.000
832.782	476.000
832.796	496.000
832.810	428.000
832.825	434.000
832.839	446.000
832.853	490.000
832.868	476.000
832.882	486.000
832.897	486.000
832.911	470.000
832.925	478.000
832.940	458.000
832.954	476.000
832.968	502.000
832.983	482.000
832.997	476.000
833.011	454.000
833.026	498.000
833.040	546.000
833.054	452.000
833.069	510.000
833.083	454.000
833.097	510.000
833.112	440.000
833.126	450.000
833.140	450.000
833.155	462.000
833.169	490.000
833.183	454.000
833.198	472.000
833.212	484.000
833.226	484.000
833.241	486.000
833.255	476.000
833.269	434.000
833.284	478.000
833.298	464.000
833.312	488.000
833.327	470.000
833.341	468.000
833.355	472.000
833.370	430.000
833.384	464.000
833.398	458.000
833.413	478.000
833.427	474.000
833.441	488.000
833.456	506.000
833.470	480.000
833.484	450.000
833.499	448.000
833.513	494.000
833.527	458.000
833.542	450.000
833.556	460.000
833.570	472.000
833.584	474.000
833.599	486.000
833.613	422.000
833.627	434.000
833.642	470.000
833.656	454.000
833.670	460.000
833.685	440.000
833.699	472.000
833.713	484.000
833.727	470.000
833.742	468.000
833.756	414.000
833.770	428.000
833.785	448.000
833.799	464.000
833.813	460.000
833.827	466.000
833.842	442.000
833.856	442.000
833.870	448.000
833.885	442.000
833.899	470.000
833.913	434.000
833.927	460.000
833.942	446.000
833.956	434.000
833.970	486.000
833.985	444.000
833.999	438.000
834.013	426.000
834.027	428.000
834.042	454.000
834.056	418.000
834.070	440.000
834.085	404.000
834.099	464.000
834.113	446.000
834.127	476.000
834.142	478.000
834.156	454.000
834.170	470.000
834.184	460.000
834.199	460.000
834.213	450.000
834.227	430.000
834.241	450.000
834.256	470.000
834.270	428.000
834.284	444.000
834.298	444.000
834.313	438.000
834.327	462.000
834.341	418.000
834.355	426.000
834.370	422.000
834.384	444.000
834.398	430.000
834.412	452.000
834.427	396.000
834.441	418.000
834.455	442.000
834.469	436.000
834.484	452.000
834.498	452.000
834.512	414.000
834.526	460.000
834.541	448.000
834.555	464.000
834.569	428.000
834.583	436.000
834.598	404.000
834.612	406.000
834.626	438.000
834.640	436.000
834.655	430.000
834.669	428.000
834.683	424.000
834.697	440.000
834.711	450.000
834.726	410.000
834.740	422.000
834.754	440.000
834.768	396.000
834.783	390.000
834.797	454.000
834.811	434.000
834.825	440.000
834.839	448.000
834.854	452.000
834.868	418.000
834.882	424.000
834.896	410.000
834.910	422.000
834.925	450.000
834.939	432.000
834.953	418.000
834.967	406.000
834.982	388.000
834.996	386.000
835.010	442.000
835.024	438.000
835.038	406.000
835.053	420.000
835.067	442.000
835.081	420.000
835.095	426.000
835.109	444.000
835.124	448.000
835.138	412.000
835.152	418.000
835.166	442.000
835.180	438.000
835.195	412.000
835.209	394.000
835.223	404.000
835.237	450.000
835.251	416.000
835.265	366.000
835.280	426.000
835.294	392.000
835.308	402.000
835.322	458.000
835.336	408.000
835.351	436.000
835.365	438.000
835.379	404.000
835.393	416.000
835.407	420.000
835.421	444.000
835.436	424.000
835.450	412.000
835.464	408.000
835.478	392.000
835.492	414.000
835.506	396.000
835.521	432.000
835.535	406.000
835.549	420.000
835.563	440.000
835.577	404.000
835.591	440.000
835.606	412.000
835.620	394.000
835.634	416.000
835.648	404.000
835.662	444.000
835.676	436.000
835.691	392.000
835.705	404.000
835.719	408.000
835.733	424.000
835.747	444.000
835.761	426.000
835.775	400.000
835.790	408.000
835.804	430.000
835.818	386.000
835.832	416.000
835.846	424.000
835.860	392.000
835.874	456.000
835.889	402.000
835.903	456.000
835.917	430.000
835.931	380.000
835.945	422.000
835.959	390.000
835.973	404.000
835.988	434.000
836.002	442.000
836.016	408.000
836.030	400.000
836.044	432.000
836.058	414.000
836.072	410.000
836.086	406.000
836.101	396.000
836.115	422.000
836.129	372.000
836.143	402.000
836.157	400.000
836.171	384.000
836.185	422.000
836.199	426.000
836.214	410.000
836.228	418.000
836.242	404.000
836.256	388.000
836.270	408.000
836.284	390.000
836.298	392.000
836.312	396.000
836.326	368.000
836.341	428.000
836.355	388.000
836.369	418.000
836.383	438.000
836.397	456.000
836.411	410.000
836.425	382.000
836.439	404.000
836.453	398.000
836.468	406.000
836.482	440.000
836.496	386.000
836.510	432.000
836.524	394.000
836.538	376.000
836.552	370.000
836.566	392.000
836.580	412.000
836.594	430.000
836.608	388.000
836.623	404.000
836.637	442.000
836.651	376.000
836.665	368.000
836.679	396.000
836.693	406.000
836.707	388.000
836.721	410.000
836.735	398.000
836.749	396.000
836.763	434.000
836.777	436.000
836.792	394.000
836.806	386.000
836.820	356.000
836.834	384.000
836.848	402.000
836.862	394.000
836.876	378.000
836.890	388.000
836.904	392.000
836.918	406.000
836.932	426.000
836.946	392.000
836.960	360.000
836.974	408.000
836.988	374.000
837.003	402.000
837.017	398.000
837.031	444.000
837.045	378.000
837.059	372.000
837.073	398.000
837.087	428.000
837.101	394.000
837.115	402.000
837.129	418.000
837.143	376.000
837.157	410.000
837.171	408.000
837.185	370.000
837.199	362.000
837.213	400.000
837.227	392.000
837.241	396.000
837.255	382.000
837.269	332.000
837.283	408.000
837.298	390.000
837.312	388.000
837.326	358.000
837.340	368.000
837.354	358.000
837.368	374.000
837.382	366.000
837.396	390.000
837.410	362.000
837.424	392.000
837.438	396.000
837.452	398.000
837.466	378.000
837.480	356.000
837.494	388.000
837.508	408.000
837.522	354.000
837.536	396.000
837.550	388.000
837.564	368.000
837.578	354.000
837.592	368.000
837.606	370.000
837.620	398.000
837.634	360.000
837.648	388.000
837.662	352.000
837.676	344.000
837.690	366.000
837.704	374.000
837.718	370.000
837.732	394.000
837.746	364.000
837.760	396.000
837.774	356.000
837.788	382.000
837.802	372.000
837.816	400.000
837.830	372.000
837.844	368.000
837.858	374.000
837.872	372.000
837.886	394.000
837.900	392.000
837.914	380.000
837.928	406.000
837.942	380.000
837.956	394.000
837.970	384.000
837.984	374.000
837.998	400.000
838.012	376.000
838.026	370.000
838.040	362.000
838.054	374.000
838.068	364.000
838.082	338.000
838.096	396.000
838.110	394.000
838.124	410.000
838.138	342.000
838.152	350.000
838.166	362.000
838.180	380.000
838.194	360.000
838.208	380.000
838.222	340.000
838.236	358.000
838.250	356.000
838.264	354.000
838.278	380.000
838.292	334.000
838.306	380.000
838.319	356.000
838.333	352.000
838.347	326.000
838.361	384.000
838.375	370.000
838.389	366.000
838.403	378.000
838.417	394.000
838.431	384.000
838.445	372.000
838.459	366.000
838.473	366.000
838.487	394.000
838.501	352.000
838.515	384.000
838.529	392.000
838.543	346.000
838.557	372.000
838.571	374.000
838.585	392.000
838.599	358.000
838.612	378.000
838.626	378.000
838.640	336.000
838.654	360.000
838.668	352.000
838.682	358.000
838.696	352.000
838.710	374.000
838.724	356.000
838.738	372.000
838.752	360.000
838.766	372.000
838.780	340.000
838.794	352.000
838.808	356.000
838.821	392.000
838.835	366.000
838.849	360.000
838.863	344.000
838.877	368.000
838.891	368.000
838.905	344.000
838.919	354.000
838.933	384.000
838.947	376.000
838.961	356.000
838.975	368.000
838.988	372.000
839.002	346.000
839.016	390.000
839.030	384.000
839.044	374.000
839.058	340.000
839.072	366.000
839.086	350.000
839.100	360.000
839.114	320.000
839.128	340.000
839.141	394.000
839.155	344.000
839.169	364.000
839.183	376.000
839.197	382.000
839.211	398.000
839.225	372.000
839.239	370.000
839.253	366.000
839.266	330.000
839.280	364.000
839.294	356.000
839.308	364.000
839.322	354.000
839.336	364.000
839.350	372.000
839.364	352.000
839.378	352.000
839.391	362.000
839.405	396.000
839.419	352.000
839.433	352.000
839.447	404.000
839.461	356.000
839.475	354.000
839.489	350.000
839.502	324.000
