794.000	21186.000
794.016	24250.000
794.031	28124.000
794.047	30310.000
794.063	30560.000
794.079	30074.000
794.094	28196.000
794.110	24963.000
794.126	21967.000
794.142	20041.000
794.157	19317.000
794.173	18847.000
794.189	18485.000
794.204	18154.000
794.220	17715.000
794.236	17880.000
794.252	18665.000
794.267	20722.000
794.283	23824.000
794.299	26695.000
794.314	27985.000
794.330	28034.000
794.346	27050.000
794.362	24850.000
794.377	21955.000
794.393	19788.000
794.409	18459.000
794.424	17783.000
794.440	17586.000
794.456	17410.000
794.472	16937.000
794.487	16794.000
794.503	17015.000
794.519	18025.000
794.534	20378.000
794.550	23375.000
794.566	25648.000
794.581	26253.000
794.597	26095.000
794.613	24852.000
794.629	22480.000
794.644	19804.000
794.660	18081.000
794.676	17285.000
794.691	16791.000
794.707	16548.000
794.723	16329.000
794.738	16029.000
794.754	16028.000
794.770	16473.000
794.785	17893.000
794.801	20026.000
794.817	22535.000
794.832	24031.000
794.848	24235.000
794.864	23722.000
794.880	22498.000
794.895	20167.000
794.911	18018.000
794.927	16845.000
794.942	16148.000
794.958	15918.000
794.974	15688.000
794.989	15438.000
795.005	15316.000
795.021	15182.000
795.036	15667.000
795.052	16992.000
795.068	19276.000
795.083	21394.000
795.099	22385.000
795.115	22414.000
795.130	21874.000
795.146	20222.000
795.162	18367.000
795.177	16765.000
795.193	15913.000
795.209	15398.000
795.224	15241.000
795.240	15051.000
795.256	14588.000
795.271	14440.000
795.287	14615.000
795.303	15085.000
795.318	16476.000
795.334	18354.000
795.350	20011.000
795.365	20648.000
795.381	20630.000
795.396	19850.000
795.412	18438.000
795.428	16803.000
795.443	15662.000
795.459	14944.000
795.475	14554.000
795.490	14400.000
795.506	14078.000
795.522	13971.000
795.537	13819.000
795.553	13910.000
795.569	14630.000
795.584	16051.000
795.600	17818.000
795.615	19252.000
795.631	19535.000
795.647	19382.000
795.662	18640.000
795.678	17091.000
795.694	15668.000
795.709	14561.000
795.725	14013.000
795.741	13599.000
795.756	13474.000
795.772	13192.000
795.787	13013.000
795.803	12972.000
795.819	13306.000
795.834	13966.000
795.850	15359.000
795.866	17042.000
795.881	18110.000
795.897	18459.000
795.912	18310.000
795.928	17524.000
795.944	16130.000
795.959	14560.000
795.975	13733.000
795.990	13152.000
796.006	12980.000
796.022	12738.000
796.037	12648.000
796.053	12344.000
796.068	12371.000
796.084	12660.000
796.100	13349.000
796.115	14576.000
796.131	16026.000
796.147	16952.000
796.162	17032.000
796.178	16780.000
796.193	16002.000
796.209	14943.000
796.225	13792.000
796.240	13090.000
796.256	12597.000
796.271	12359.000
796.287	12201.000
796.303	12101.000
796.318	11974.000
796.334	11928.000
796.349	12198.000
796.365	12743.000
796.380	13893.000
796.396	14995.000
796.412	15775.000
796.427	15943.000
796.443	15681.000
796.458	14889.000
796.474	13760.000
796.490	12807.000
796.505	12169.000
796.521	11969.000
796.536	11849.000
796.552	11700.000
796.567	11523.000
796.583	11389.000
796.599	11388.000
796.614	11592.000
796.630	12166.000
796.645	13162.000
796.661	14092.000
796.676	14734.000
796.692	14893.000
796.708	14648.000
796.723	14019.000
796.739	13047.000
796.754	12140.000
796.770	11672.000
796.785	11438.000
796.801	11160.000
796.817	11118.000
796.832	10897.000
796.848	10828.000
796.863	10656.000
796.879	10930.000
796.894	11481.000
796.910	12496.000
796.925	13380.000
796.941	13848.000
796.957	14059.000
796.972	13775.000
796.988	13196.000
797.003	12301.000
797.019	11526.000
797.034	11118.000
797.050	10912.000
797.065	10692.000
797.081	10532.000
797.097	10348.000
797.112	10272.000
797.128	10206.000
797.143	10446.000
797.159	10906.000
797.174	11740.000
797.190	12535.000
797.205	13018.000
797.221	13140.000
797.236	12910.000
797.252	12404.000
797.267	11572.000
797.283	10840.000
797.299	10506.000
797.314	10310.000
797.330	10128.000
797.345	10081.000
797.361	9968.000
797.376	9928.000
797.392	9866.000
797.407	10131.000
797.423	10628.000
797.438	11316.000
797.454	12040.000
797.469	12337.000
797.485	12487.000
797.500	12298.000
797.516	11742.000
797.531	11024.000
797.547	10468.000
797.562	10068.000
797.578	9896.000
797.594	9781.000
797.609	9725.000
797.625	9610.000
797.640	9473.000
797.656	9578.000
797.671	9718.000
797.687	10104.000
797.702	10679.000
797.718	11466.000
797.733	11791.000
797.749	11866.000
797.764	11744.000
797.780	11203.000
797.795	10513.000
797.811	10017.000
797.826	9560.000
797.842	9461.000
797.857	9278.000
797.873	9244.000
797.888	9150.000
797.904	9051.000
797.919	9003.000
797.935	9118.000
797.950	9435.000
797.966	9964.000
797.981	10637.000
797.997	11015.000
798.012	11212.000
798.028	11089.000
798.043	10692.000
798.059	10139.000
798.074	9640.000
798.089	9306.000
798.105	9120.000
798.120	9027.000
798.136	8837.000
798.151	8759.000
798.167	8692.000
798.182	8481.000
798.198	8549.000
798.213	8817.000
798.229	9234.000
798.244	9824.000
798.260	10329.000
798.275	10484.000
798.291	10443.000
798.306	10219.000
798.322	9704.000
798.337	9210.000
798.353	8882.000
798.368	8698.000
798.383	8604.000
798.399	8499.000
798.414	8392.000
798.430	8249.000
798.445	8139.000
798.461	8058.000
798.476	8301.000
798.492	8689.000
798.507	9243.000
798.523	9756.000
798.538	9965.000
798.554	9884.000
798.569	9680.000
798.584	9319.000
798.600	8820.000
798.615	8543.000
798.631	8241.000
798.646	8035.000
798.662	7946.000
798.677	7840.000
798.693	7838.000
798.708	7745.000
798.724	7682.000
798.739	7821.000
798.754	8184.000
798.770	8720.000
798.785	9246.000
798.801	9505.000
798.816	9534.000
798.832	9323.000
798.847	8957.000
798.862	8504.000
798.878	8093.000
798.893	7923.000
798.909	7782.000
798.924	7665.000
798.940	7577.000
798.955	7494.000
798.970	7395.000
798.986	7398.000
799.001	7553.000
799.017	7821.000
799.032	8193.000
799.048	8646.000
799.063	8954.000
799.078	8965.000
799.094	8894.000
799.109	8634.000
799.125	8188.000
799.140	7880.000
799.156	7657.000
799.171	7452.000
799.186	7442.000
799.202	7332.000
799.217	7254.000
799.233	7126.000
799.248	7109.000
799.263	7176.000
799.279	7381.000
799.294	7775.000
799.310	8095.000
799.325	8387.000
799.341	8530.000
799.356	8414.000
799.371	8291.000
799.387	7953.000
799.402	7649.000
799.418	7401.000
799.433	7232.000
799.448	7158.000
799.464	7089.000
799.479	6948.000
799.495	6892.000
799.510	6844.000
799.525	6888.000
799.541	6982.000
799.556	7304.000
799.571	7639.000
799.587	7901.000
799.602	8098.000
799.618	8112.000
799.633	7950.000
799.648	7669.000
799.664	7356.000
799.679	7076.000
799.695	6939.000
799.710	6897.000
799.725	6762.000
799.741	6694.000
799.756	6603.000
799.771	6506.000
799.787	6475.000
799.802	6582.000
799.818	6760.000
799.833	7103.000
799.848	7451.000
799.864	7659.000
799.879	7711.000
799.894	7690.000
799.910	7400.000
799.925	7159.000
799.941	6832.000
799.956	6694.000
799.971	6550.000
799.987	6466.000
800.002	6376.000
800.017	6252.000
800.033	6136.000
800.048	6124.000
800.063	6110.000
800.079	6329.000
800.094	6574.000
800.110	6882.000
800.125	7221.000
800.140	7277.000
800.156	7293.000
800.171	7187.000
800.186	6920.000
800.202	6660.000
800.217	6380.000
800.232	6240.000
800.248	6144.000
800.263	6056.000
800.278	6028.000
800.294	5880.000
800.309	5778.000
800.324	5834.000
800.340	5932.000
800.355	6168.000
800.370	6449.000
800.386	6714.000
800.401	6880.000
800.417	6844.000
800.432	6789.000
800.447	6556.000
800.463	6287.000
800.478	6085.000
800.493	5936.000
800.509	5780.000
800.524	5714.000
800.539	5650.000
800.555	5647.000
800.570	5535.000
800.585	5511.000
800.600	5580.000
800.616	5844.000
800.631	6050.000
800.646	6355.000
800.662	6515.000
800.677	6577.000
800.692	6580.000
800.708	6305.000
800.723	6067.000
800.738	5835.000
800.754	5649.000
800.769	5576.000
800.784	5502.000
800.800	5425.000
800.815	5358.000
800.830	5339.000
800.846	5320.000
800.861	5380.000
800.876	5440.000
800.891	5608.000
800.907	5868.000
800.922	6092.000
800.937	6134.000
800.953	6196.000
800.968	6114.000
800.983	5947.000
800.999	5760.000
801.014	5565.000
801.029	5436.000
801.045	5343.000
801.060	5285.000
801.075	5232.000
801.090	5201.000
801.106	5180.000
801.121	5143.000
801.136	5160.000
801.152	5271.000
801.167	5486.000
801.182	5682.000
801.197	5921.000
801.213	5981.000
801.228	5886.000
801.243	5789.000
801.259	5665.000
801.274	5489.000
801.289	5438.000
801.304	5326.000
801.320	5190.000
801.335	5183.000
801.350	5165.000
801.366	5057.000
801.381	5056.000
801.396	5121.000
801.411	5216.000
801.427	5398.000
801.442	5693.000
801.457	5864.000
801.472	5998.000
801.488	6026.000
801.503	5986.000
801.518	5826.000
801.534	5635.000
801.549	5524.000
801.564	5422.000
801.579	5288.000
801.595	5208.000
801.610	5154.000
801.625	5148.000
801.640	5038.000
801.656	5034.000
801.671	5050.000
801.686	5174.000
801.701	5337.000
801.717	5554.000
801.732	5648.000
801.747	5768.000
801.762	5672.000
801.778	5591.000
801.793	5346.000
801.808	5142.000
801.823	4939.000
801.839	4902.000
801.854	4810.000
801.869	4712.000
801.884	4735.000
801.900	4684.000
801.915	4636.000
801.930	4550.000
801.945	4651.000
801.961	4772.000
801.976	4986.000
801.991	5118.000
802.006	5254.000
802.022	5258.000
802.037	5213.000
802.052	5081.000
802.067	4900.000
802.082	4770.000
802.098	4620.000
802.113	4584.000
802.128	4499.000
802.143	4487.000
802.159	4462.000
802.174	4368.000
802.189	4369.000
802.204	4347.000
802.220	4445.000
802.235	4526.000
802.250	4779.000
802.265	4925.000
802.280	4928.000
802.296	4906.000
802.311	4885.000
802.326	4772.000
802.341	4617.000
802.356	4428.000
802.372	4354.000
802.387	4402.000
802.402	4373.000
802.417	4326.000
802.433	4266.000
802.448	4236.000
802.463	4231.000
802.478	4275.000
802.493	4327.000
802.509	4483.000
802.524	4662.000
802.539	4734.000
802.554	4773.000
802.569	4744.000
802.585	4602.000
802.600	4452.000
802.615	4368.000
802.630	4261.000
802.645	4237.000
802.661	4208.000
802.676	4190.000
802.691	4127.000
802.706	4065.000
802.721	4028.000
802.736	4060.000
802.752	4070.000
802.767	4226.000
802.782	4359.000
802.797	4529.000
802.812	4566.000
802.828	4617.000
802.843	4511.000
802.858	4441.000
802.873	4280.000
802.888	4204.000
802.903	4118.000
802.919	4096.000
802.934	4062.000
802.949	4070.000
802.964	3926.000
802.979	3904.000
802.995	3866.000
803.010	3894.000
803.025	3976.000
803.040	4093.000
803.055	4230.000
803.070	4387.000
803.086	4441.000
803.101	4453.000
803.116	4429.000
803.131	4357.000
803.146	4149.000
803.161	4123.000
803.177	4018.000
803.192	3991.000
803.207	3962.000
803.222	3900.000
803.237	3827.000
803.252	3779.000
803.267	3805.000
803.283	3822.000
803.298	3899.000
803.313	4007.000
803.328	4159.000
803.343	4269.000
803.358	4323.000
803.374	4299.000
803.389	4242.000
803.404	4147.000
803.419	4052.000
803.434	3956.000
803.449	3858.000
803.464	3837.000
803.480	3786.000
803.495	3723.000
803.510	3756.000
803.525	3737.000
803.540	3738.000
803.555	3733.000
803.570	3819.000
803.585	3882.000
803.601	4037.000
803.616	4080.000
803.631	4139.000
803.646	4084.000
803.661	4035.000
803.676	3909.000
803.691	3891.000
803.706	3771.000
803.722	3718.000
803.737	3660.000
803.752	3642.000
803.767	3592.000
803.782	3621.000
803.797	3528.000
803.812	3602.000
803.827	3638.000
803.843	3683.000
803.858	3782.000
803.873	3867.000
803.888	3935.000
803.903	3919.000
803.918	3949.000
803.933	3855.000
803.948	3778.000
803.963	3668.000
803.979	3662.000
803.994	3620.000
804.009	3548.000
804.024	3528.000
804.039	3530.000
804.054	3490.000
804.069	3437.000
804.084	3450.000
804.099	3442.000
804.115	3467.000
804.130	3617.000
804.145	3675.000
804.160	3788.000
804.175	3705.000
804.190	3655.000
804.205	3630.000
804.220	3586.000
804.235	3540.000
804.250	3487.000
804.265	3479.000
804.281	3420.000
804.296	3428.000
804.311	3350.000
804.326	3359.000
804.341	3331.000
804.356	3297.000
804.371	3279.000
804.386	3369.000
804.401	3430.000
804.416	3564.000
804.431	3572.000
804.446	3620.000
804.461	3553.000
804.477	3574.000
804.492	3447.000
804.507	3384.000
804.522	3346.000
804.537	3288.000
804.552	3224.000
804.567	3237.000
804.582	3210.000
804.597	3174.000
804.612	3132.000
804.627	3165.000
804.642	3168.000
804.657	3275.000
804.672	3312.000
804.688	3392.000
804.703	3458.000
804.718	3462.000
804.733	3450.000
804.748	3415.000
804.763	3283.000
804.778	3248.000
804.793	3212.000
804.808	3154.000
804.823	3124.000
804.838	3095.000
804.853	3020.000
804.868	3019.000
804.883	3028.000
804.898	2998.000
804.913	3060.000
804.928	3136.000
804.943	3204.000
804.958	3275.000
804.973	3378.000
804.989	3383.000
805.004	3326.000
805.019	3280.000
805.034	3217.000
805.049	3124.000
805.064	3107.000
805.079	3078.000
805.094	3024.000
805.109	2968.000
805.124	2924.000
805.139	2933.000
805.154	2921.000
805.169	2918.000
805.184	2936.000
805.199	3036.000
805.214	3065.000
805.229	3100.000
805.244	3205.000
805.259	3198.000
805.274	3205.000
805.289	3160.000
805.304	3100.000
805.319	3032.000
805.334	2974.000
805.349	2957.000
805.364	2967.000
805.379	2945.000
805.394	2934.000
805.409	2875.000
805.424	2866.000
805.439	2872.000
805.454	2873.000
805.469	2912.000
805.484	3005.000
805.499	3024.000
805.514	3058.000
805.529	3128.000
805.544	3078.000
805.559	3051.000
805.574	3005.000
805.589	2906.000
805.604	2881.000
805.619	2862.000
805.634	2878.000
805.649	2828.000
805.664	2805.000
805.679	2816.000
805.694	2764.000
805.709	2751.000
805.724	2778.000
805.739	2814.000
805.754	2854.000
805.769	2966.000
805.784	3001.000
805.799	3034.000
805.814	3032.000
805.829	3006.000
805.844	2918.000
805.859	2868.000
805.874	2849.000
805.889	2837.000
805.904	2765.000
805.919	2720.000
805.934	2724.000
805.949	2711.000
805.964	2675.000
805.979	2650.000
805.994	2662.000
806.009	2738.000
806.024	2802.000
806.039	2857.000
806.054	2946.000
806.069	2985.000
806.084	2951.000
806.099	2965.000
806.114	2891.000
806.129	2853.000
806.144	2818.000
806.159	2808.000
806.174	2754.000
806.188	2747.000
806.203	2659.000
806.218	2698.000
806.233	2639.000
806.248	2654.000
806.263	2654.000
806.278	2723.000
806.293	2798.000
806.308	2876.000
806.323	2912.000
806.338	2934.000
806.353	2935.000
806.368	2881.000
806.383	2888.000
806.398	2809.000
806.413	2783.000
806.428	2786.000
806.443	2789.000
806.458	2734.000
806.473	2744.000
806.487	2709.000
806.502	2690.000
806.517	2736.000
806.532	2731.000
806.547	2730.000
806.562	2838.000
806.577	2875.000
806.592	2920.000
806.607	2943.000
806.622	2959.000
806.637	2952.000
806.652	2908.000
806.667	2905.000
806.682	2847.000
806.697	2879.000
806.711	2830.000
806.726	2818.000
806.741	2875.000
806.756	2836.000
806.771	2814.000
806.786	2843.000
806.801	2859.000
806.816	2875.000
806.831	2924.000
806.846	3004.000
806.861	3125.000
806.876	3145.000
806.890	3156.000
806.905	3162.000
806.920	3172.000
806.935	3125.000
806.950	3120.000
806.965	3134.000
806.980	3129.000
806.995	3067.000
807.010	3073.000
807.025	3054.000
807.040	3088.000
807.054	3074.000
807.069	3062.000
807.084	3110.000
807.099	3126.000
807.114	3197.000
807.129	3255.000
807.144	3326.000
807.159	3363.000
807.174	3362.000
807.189	3380.000
807.203	3332.000
807.218	3304.000
807.233	3282.000
807.248	3247.000
807.263	3222.000
807.278	3187.000
807.293	3179.000
807.308	3158.000
807.323	3128.000
807.337	3127.000
807.352	3100.000
807.367	3121.000
807.382	3169.000
807.397	3176.000
807.412	3283.000
807.427	3269.000
807.442	3283.000
807.456	3218.000
807.471	3211.000
807.486	3156.000
807.501	3111.000
807.516	3058.000
807.531	2991.000
807.546	3006.000
807.561	2958.000
807.575	2912.000
807.590	2900.000
807.605	2865.000
807.620	2852.000
807.635	2917.000
807.650	2934.000
807.665	2953.000
807.679	3017.000
807.694	3042.000
807.709	3020.000
807.724	3016.000
807.739	2998.000
807.754	2921.000
807.769	2885.000
807.783	2779.000
807.798	2759.000
807.813	2736.000
807.828	2731.000
807.843	2696.000
807.858	2692.000
807.872	2637.000
807.887	2638.000
807.902	2668.000
807.917	2694.000
807.932	2774.000
807.947	2766.000
807.962	2830.000
807.976	2816.000
807.991	2814.000
808.006	2798.000
808.021	2723.000
808.036	2699.000
808.051	2624.000
808.065	2590.000
808.080	2550.000
808.095	2561.000
808.110	2532.000
808.125	2529.000
808.140	2522.000
808.154	2521.000
808.169	2503.000
808.184	2533.000
808.199	2585.000
808.214	2585.000
808.228	2642.000
808.243	2645.000
808.258	2673.000
808.273	2592.000
808.288	2606.000
808.303	2575.000
808.317	2540.000
808.332	2539.000
808.347	2487.000
808.362	2484.000
808.377	2461.000
808.391	2457.000
808.406	2406.000
808.421	2390.000
808.436	2388.000
808.451	2360.000
808.465	2424.000
808.480	2436.000
808.495	2480.000
808.510	2506.000
808.525	2489.000
808.540	2481.000
808.554	2442.000
808.569	2451.000
808.584	2408.000
808.599	2417.000
808.613	2386.000
808.628	2394.000
808.643	2323.000
808.658	2338.000
808.673	2326.000
808.687	2269.000
808.702	2319.000
808.717	2312.000
808.732	2327.000
808.747	2304.000
808.761	2360.000
808.776	2367.000
808.791	2408.000
808.806	2406.000
808.821	2362.000
808.835	2364.000
808.850	2346.000
808.865	2338.000
808.880	2285.000
808.894	2235.000
808.909	2237.000
808.924	2255.000
808.939	2255.000
808.953	2249.000
808.968	2240.000
808.983	2192.000
808.998	2190.000
809.013	2216.000
809.027	2244.000
809.042	2316.000
809.057	2339.000
809.072	2372.000
809.086	2331.000
809.101	2346.000
809.116	2298.000
809.131	2268.000
809.145	2262.000
809.160	2270.000
809.175	2233.000
809.190	2211.000
809.204	2230.000
809.219	2221.000
809.234	2209.000
809.249	2187.000
809.263	2210.000
809.278	2198.000
809.293	2256.000
809.308	2263.000
809.322	2276.000
809.337	2310.000
809.352	2288.000
809.367	2324.000
809.381	2299.000
809.396	2298.000
809.411	2248.000
809.426	2279.000
809.440	2229.000
809.455	2225.000
809.470	2180.000
809.485	2180.000
809.499	2220.000
809.514	2218.000
809.529	2197.000
809.544	2194.000
809.558	2220.000
809.573	2233.000
809.588	2263.000
809.602	2300.000
809.618	2317.000
809.633	2354.000
809.648	2372.000
809.664	2334.000
809.679	2322.000
809.694	2296.000
809.710	2265.000
809.725	2239.000
809.740	2226.000
809.756	2256.000
809.771	2270.000
809.786	2246.000
809.802	2258.000
809.817	2259.000
809.832	2288.000
809.847	2290.000
809.863	2290.000
809.878	2285.000
809.893	2328.000
809.909	2320.000
809.924	2377.000
809.939	2322.000
809.955	2303.000
809.970	2312.000
809.985	2259.000
810.000	2256.000
810.016	2257.000
810.031	2258.000
810.046	2251.000
810.062	2238.000
810.077	2236.000
810.092	2259.000
810.108	2232.000
810.123	2228.000
810.138	2258.000
810.153	2297.000
810.169	2334.000
810.184	2362.000
810.199	2373.000
810.215	2389.000
810.230	2390.000
810.245	2373.000
810.260	2320.000
810.276	2288.000
810.291	2305.000
810.306	2310.000
810.321	2305.000
810.337	2291.000
810.352	2298.000
810.367	2259.000
810.383	2293.000
810.398	2302.000
810.413	2320.000
810.428	2316.000
810.444	2358.000
810.459	2395.000
810.474	2388.000
810.489	2438.000
810.505	2402.000
810.520	2364.000
810.535	2361.000
810.550	2376.000
810.566	2332.000
810.581	2374.000
810.596	2363.000
810.612	2342.000
810.627	2373.000
810.642	2357.000
810.657	2296.000
810.673	2338.000
810.688	2408.000
810.703	2442.000
810.718	2460.000
810.734	2478.000
810.749	2494.000
810.764	2489.000
810.779	2482.000
810.795	2448.000
810.810	2400.000
810.825	2412.000
810.840	2376.000
810.856	2409.000
810.871	2407.000
810.886	2414.000
810.901	2408.000
810.916	2397.000
810.932	2446.000
810.947	2424.000
810.962	2458.000
810.977	2466.000
810.993	2486.000
811.008	2507.000
811.023	2556.000
811.038	2569.000
811.054	2517.000
811.069	2502.000
811.084	2483.000
811.099	2508.000
811.114	2543.000
811.130	2542.000
811.145	2522.000
811.160	2487.000
811.175	2479.000
811.191	2488.000
811.206	2511.000
811.221	2509.000
811.236	2520.000
811.251	2539.000
811.267	2592.000
811.282	2613.000
811.297	2637.000
811.312	2633.000
811.328	2590.000
811.343	2664.000
811.358	2648.000
811.373	2639.000
811.388	2619.000
811.404	2575.000
811.419	2616.000
811.434	2616.000
811.449	2626.000
811.464	2653.000
811.480	2597.000
811.495	2606.000
811.510	2625.000
811.525	2623.000
811.540	2642.000
811.556	2716.000
811.571	2719.000
811.586	2736.000
811.601	2762.000
811.616	2756.000
811.632	2777.000
811.647	2721.000
811.662	2729.000
811.677	2764.000
811.692	2763.000
811.708	2726.000
811.723	2760.000
811.738	2776.000
811.753	2764.000
811.768	2753.000
811.783	2756.000
811.799	2779.000
811.814	2810.000
811.829	2877.000
811.844	2913.000
811.859	2892.000
811.875	2951.000
811.890	2944.000
811.905	2912.000
811.920	2948.000
811.935	2910.000
811.950	2864.000
811.966	2900.000
811.981	2888.000
811.996	2908.000
812.011	2946.000
812.026	2929.000
812.041	2938.000
812.057	2943.000
812.072	2960.000
812.087	2979.000
812.102	3058.000
812.117	3080.000
812.132	3080.000
812.148	3110.000
812.163	3143.000
812.178	3102.000
812.193	3105.000
812.208	3091.000
812.223	3108.000
812.239	3093.000
812.254	3134.000
812.269	3138.000
812.284	3153.000
812.299	3161.000
812.314	3184.000
812.329	3165.000
812.345	3192.000
812.360	3216.000
812.375	3277.000
812.390	3339.000
812.405	3428.000
812.420	3449.000
812.435	3442.000
812.451	3404.000
812.466	3465.000
812.481	3414.000
812.496	3438.000
812.511	3429.000
812.526	3452.000
812.541	3483.000
812.557	3509.000
812.572	3525.000
812.587	3510.000
812.602	3570.000
812.617	3590.000
812.632	3660.000
812.647	3667.000
812.662	3697.000
812.678	3764.000
812.693	3806.000
812.708	3798.000
812.723	3838.000
812.738	3801.000
812.753	3813.000
812.768	3844.000
812.783	3863.000
812.799	3898.000
812.814	3987.000
812.829	3968.000
812.844	4025.000
812.859	4061.000
812.874	4062.000
812.889	4096.000
812.904	4148.000
812.919	4177.000
812.935	4197.000
812.950	4252.000
812.965	4342.000
812.980	4348.000
812.995	4399.000
813.010	4410.000
813.025	4367.000
813.040	4425.000
813.055	4459.000
813.071	4478.000
813.086	4504.000
813.101	4539.000
813.116	4579.000
813.131	4596.000
813.146	4632.000
813.161	4717.000
813.176	4717.000
813.191	4800.000
813.206	4830.000
813.222	4901.000
813.237	4946.000
813.252	5032.000
813.267	5050.000
813.282	5152.000
813.297	5151.000
813.312	5188.000
813.327	5206.000
813.342	5219.000
813.357	5271.000
813.372	5336.000
813.387	5407.000
813.403	5433.000
813.418	5474.000
813.433	5564.000
813.448	5686.000
813.463	5766.000
813.478	5808.000
813.493	5907.000
813.508	5962.000
813.523	6053.000
813.538	6145.000
813.553	6224.000
813.568	6302.000
813.583	6411.000
813.598	6498.000
813.614	6617.000
813.629	6710.000
813.644	6849.000
813.659	6886.000
813.674	7013.000
813.689	7124.000
813.704	7275.000
813.719	7358.000
813.734	7531.000
813.749	7673.000
813.764	7854.000
813.779	8028.000
813.794	8196.000
813.809	8420.000
813.824	8590.000
813.839	8691.000
813.854	8877.000
813.870	9013.000
813.885	9201.000
813.900	9535.000
813.915	9664.000
813.930	9913.000
813.945	10106.000
813.960	10355.000
813.975	10598.000
813.990	10850.000
814.005	11175.000
814.020	11322.000
814.035	11620.000
814.050	11930.000
814.065	12132.000
814.080	12243.000
814.095	12532.000
814.110	12694.000
814.125	12831.000
814.140	13051.000
814.155	12984.000
814.170	13125.000
814.185	13146.000
814.200	13296.000
814.215	13348.000
814.230	13372.000
814.245	13484.000
814.260	13514.000
814.275	13503.000
814.291	13641.000
814.306	13612.000
814.321	13623.000
814.336	13631.000
814.351	13646.000
814.366	13720.000
814.381	13700.000
814.396	13721.000
814.411	13706.000
814.426	13662.000
814.441	13548.000
814.456	13592.000
814.471	13577.000
814.486	13586.000
814.501	13537.000
814.516	13502.000
814.531	13439.000
814.546	13475.000
814.561	13528.000
814.576	13502.000
814.591	13434.000
814.606	13495.000
814.621	13532.000
814.636	13639.000
814.651	13607.000
814.666	13780.000
814.681	13806.000
814.696	13801.000
814.711	13918.000
814.726	13942.000
814.741	14035.000
814.756	14179.000
814.771	14194.000
814.786	14291.000
814.801	14448.000
814.816	14594.000
814.831	14682.000
814.846	14906.000
814.861	15092.000
814.876	15327.000
814.891	15518.000
814.906	15614.000
814.921	15888.000
814.936	16065.000
814.951	16371.000
814.966	16568.000
814.980	16795.000
814.995	17161.000
815.010	17413.000
815.025	17726.000
815.040	18061.000
815.055	18410.000
815.070	18920.000
815.085	19336.000
815.100	19860.000
815.115	20207.000
815.130	20713.000
815.145	21215.000
815.160	21824.000
815.175	22373.000
815.190	22958.000
815.205	23564.000
815.220	24238.000
815.235	24825.000
815.250	25276.000
815.265	26118.000
815.280	26739.000
815.295	27344.000
815.310	27903.000
815.325	28616.000
815.340	29142.000
815.355	29728.000
815.370	30270.000
815.384	30677.000
815.399	31068.000
815.414	31468.000
815.429	31875.000
815.444	32103.000
815.459	32398.000
815.474	32317.000
815.489	32531.000
815.504	32413.000
815.519	32518.000
815.534	32318.000
815.549	32104.000
815.564	31962.000
815.579	31566.000
815.594	31342.000
815.609	31044.000
815.624	30720.000
815.638	30304.000
815.653	30015.000
815.668	29718.000
815.683	29348.000
815.698	28910.000
815.713	28494.000
815.728	28046.000
815.743	27595.000
815.758	27140.000
815.773	26740.000
815.788	26277.000
815.803	25979.000
815.818	25577.000
815.833	25201.000
815.847	24746.000
815.862	24422.000
815.877	24072.000
815.892	23816.000
815.907	23380.000
815.922	23020.000
815.937	22566.000
815.952	22440.000
815.967	22024.000
815.982	21647.000
815.997	21194.000
816.012	20957.000
816.026	20584.000
816.041	20299.000
816.056	19862.000
816.071	19572.000
816.086	19240.000
816.101	18894.000
816.116	18620.000
816.131	18222.000
816.146	17824.000
816.161	17488.000
816.175	17182.000
816.190	16962.000
816.205	16685.000
816.220	16380.000
816.235	16078.000
816.250	15757.000
816.265	15639.000
816.280	15284.000
816.295	14989.000
816.309	14726.000
816.324	14451.000
816.339	14178.000
816.354	13923.000
816.369	13644.000
816.384	13332.000
816.399	13031.000
816.414	12815.000
816.429	12564.000
816.443	12346.000
816.458	12033.000
816.473	11756.000
816.488	11496.000
816.503	11304.000
816.518	11081.000
816.533	10870.000
816.548	10673.000
816.562	10476.000
816.577	10179.000
816.592	10018.000
816.607	9789.000
816.622	9641.000
816.637	9392.000
816.652	9216.000
816.667	9136.000
816.681	8852.000
816.696	8668.000
816.711	8562.000
816.726	8318.000
816.741	8218.000
816.756	7987.000
816.771	7813.000
816.785	7656.000
816.800	7459.000
816.815	7220.000
816.830	7136.000
816.845	7008.000
816.860	6867.000
816.875	6760.000
816.889	6597.000
816.904	6500.000
816.919	6393.000
816.934	6173.000
816.949	6100.000
816.964	5960.000
816.978	5844.000
816.993	5742.000
817.008	5595.000
817.023	5494.000
817.038	5454.000
817.053	5289.000
817.068	5179.000
817.082	5082.000
817.097	5000.000
817.112	4876.000
817.127	4838.000
817.142	4805.000
817.157	4664.000
817.171	4660.000
817.186	4497.000
817.201	4383.000
817.216	4353.000
817.231	4238.000
817.246	4166.000
817.260	4060.000
817.275	4020.000
817.290	3943.000
817.305	3881.000
817.320	3831.000
817.334	3694.000
817.349	3668.000
817.364	3590.000
817.379	3536.000
817.394	3494.000
817.409	3471.000
817.423	3390.000
817.438	3344.000
817.453	3323.000
817.468	3253.000
817.483	3226.000
817.497	3176.000
817.512	3142.000
817.527	3086.000
817.542	3007.000
817.557	2934.000
817.571	2908.000
817.586	2875.000
817.601	2829.000
817.616	2765.000
817.631	2704.000
817.645	2663.000
817.660	2638.000
817.675	2622.000
817.690	2593.000
817.705	2540.000
817.719	2530.000
817.734	2533.000
817.749	2483.000
817.764	2432.000
817.779	2430.000
817.793	2381.000
817.808	2378.000
817.823	2304.000
817.838	2262.000
817.853	2246.000
817.867	2214.000
817.882	2175.000
817.897	2128.000
817.912	2098.000
817.926	2089.000
817.941	2075.000
817.956	2047.000
817.971	2033.000
817.986	1994.000
818.000	2009.000
818.015	1949.000
818.030	1996.000
818.045	1969.000
818.059	1913.000
818.074	1910.000
818.089	1890.000
818.104	1864.000
818.119	1820.000
818.133	1832.000
818.148	1783.000
818.163	1772.000
818.178	1716.000
818.192	1718.000
818.207	1692.000
818.222	1660.000
818.237	1676.000
818.251	1642.000
818.266	1633.000
818.281	1646.000
818.296	1620.000
818.310	1619.000
818.325	1584.000
818.340	1562.000
818.355	1539.000
818.369	1576.000
818.384	1537.000
818.399	1493.000
818.414	1467.000
818.428	1468.000
818.443	1462.000
818.458	1434.000
818.473	1392.000
818.487	1394.000
818.502	1375.000
818.517	1354.000
818.532	1384.000
818.546	1369.000
818.561	1348.000
818.576	1370.000
818.591	1362.000
818.605	1336.000
818.620	1333.000
818.635	1310.000
818.649	1299.000
818.664	1278.000
818.679	1272.000
818.694	1254.000
818.708	1239.000
818.723	1232.000
818.738	1241.000
818.753	1203.000
818.767	1211.000
818.782	1204.000
818.797	1186.000
818.811	1192.000
818.826	1196.000
818.841	1178.000
818.856	1166.000
818.870	1189.000
818.885	1193.000
818.900	1192.000
818.914	1169.000
818.929	1151.000
818.944	1128.000
818.959	1119.000
818.973	1107.000
818.988	1110.000
819.003	1149.000
819.017	1108.000
819.032	1112.000
819.047	1095.000
819.062	1093.000
819.076	1083.000
819.091	1080.000
819.106	1074.000
819.120	1069.000
819.135	1068.000
819.150	1067.000
819.164	1077.000
819.179	1070.000
819.194	1048.000
819.209	1045.000
819.223	1058.000
819.238	1034.000
819.253	1012.000
819.267	1008.000
819.282	993.000
819.297	979.000
819.311	980.000
819.326	990.000
819.341	966.000
819.355	955.000
819.370	959.000
819.385	956.000
819.399	964.000
819.414	976.000
819.429	979.000
819.444	944.000
819.458	967.000
819.473	983.000
819.488	970.000
819.502	960.000
819.517	911.000
819.532	930.000
819.546	878.000
819.561	893.000
819.576	902.000
819.590	881.000
819.605	889.000
819.620	890.000
819.634	896.000
819.649	894.000
819.664	894.000
819.678	895.000
819.693	877.000
819.708	908.000
819.722	890.000
819.737	887.000
819.752	862.000
819.766	879.000
819.781	866.000
819.795	864.000
819.810	841.000
819.825	844.000
819.839	832.000
819.854	832.000
819.869	838.000
819.883	830.000
819.898	828.000
819.913	827.000
819.927	822.000
819.942	834.000
819.957	830.000
819.971	823.000
819.986	833.000
820.001	830.000
820.015	844.000
820.030	830.000
820.044	810.000
820.059	804.000
820.074	812.000
820.088	780.000
820.103	770.000
820.118	797.000
820.132	783.000
820.147	767.000
820.161	750.000
820.176	753.000
820.191	783.000
820.205	772.000
820.220	773.000
820.235	775.000
820.249	780.000
820.264	774.000
820.278	768.000
820.293	780.000
820.308	779.000
820.322	766.000
820.337	760.000
820.352	758.000
820.366	763.000
820.381	733.000
820.395	740.000
820.410	740.000
820.425	740.000
820.439	733.000
820.454	734.000
820.468	716.000
820.483	744.000
820.498	752.000
820.512	738.000
820.527	728.000
820.541	732.000
820.556	720.000
820.571	727.000
820.585	720.000
820.600	743.000
820.614	733.000
820.629	734.000
820.644	724.000
820.658	738.000
820.673	724.000
820.687	712.000
820.702	701.000
820.717	719.000
820.731	732.000
820.746	700.000
820.760	697.000
820.775	688.000
820.790	687.000
820.804	690.000
820.819	682.000
820.833	696.000
820.848	698.000
820.862	688.000
820.877	702.000
820.892	695.000
820.906	693.000
820.921	689.000
820.935	680.000
820.950	671.000
820.964	671.000
820.979	666.000
820.994	672.000
821.008	656.000
821.023	663.000
821.037	655.000
821.052	667.000
821.066	632.000
821.081	637.000
821.096	656.000
821.110	650.000
821.125	668.000
821.139	683.000
821.154	673.000
821.168	670.000
821.183	662.000
821.197	650.000
821.212	632.000
821.227	650.000
821.241	645.000
821.256	633.000
821.270	654.000
821.285	632.000
821.299	620.000
821.314	622.000
821.328	636.000
821.343	628.000
821.357	610.000
821.372	622.000
821.387	631.000
821.401	642.000
821.416	641.000
821.430	639.000
821.445	649.000
821.459	652.000
821.474	649.000
821.488	652.000
821.503	640.000
821.517	614.000
821.532	629.000
821.546	625.000
821.561	612.000
821.576	608.000
821.590	604.000
821.605	618.000
821.619	610.000
821.634	590.000
821.648	618.000
821.663	596.000
821.677	611.000
821.692	600.000
821.706	629.000
821.721	624.000
821.735	606.000
821.750	620.000
821.764	610.000
821.779	608.000
821.793	611.000
821.808	604.000
821.822	595.000
821.837	582.000
821.851	585.000
821.866	591.000
821.880	571.000
821.895	553.000
821.909	588.000
821.924	581.000
821.938	574.000
821.953	608.000
821.967	603.000
821.982	596.000
821.996	602.000
822.011	592.000
822.025	602.000
822.040	599.000
822.054	594.000
822.069	591.000
822.083	596.000
822.098	586.000
822.112	583.000
822.127	566.000
822.141	555.000
822.156	562.000
822.170	568.000
822.185	564.000
822.199	573.000
822.214	603.000
822.228	561.000
822.243	570.000
822.257	572.000
822.272	584.000
822.286	586.000
822.301	592.000
822.315	605.000
822.330	589.000
822.344	590.000
822.359	566.000
822.373	570.000
822.388	564.000
822.402	562.000
822.416	544.000
822.431	561.000
822.445	546.000
822.460	547.000
822.474	538.000
822.489	541.000
822.503	533.000
822.518	537.000
822.532	546.000
822.547	564.000
822.561	574.000
822.576	575.000
822.590	554.000
822.605	554.000
822.619	564.000
822.633	565.000
822.648	575.000
822.662	562.000
822.677	551.000
822.691	528.000
822.706	536.000
822.720	535.000
822.735	522.000
822.749	522.000
822.763	515.000
822.778	518.000
822.792	524.000
822.807	514.000
822.821	529.000
822.836	542.000
822.850	541.000
822.865	550.000
822.879	552.000
822.893	544.000
822.908	547.000
822.922	551.000
822.937	554.000
822.951	548.000
822.966	548.000
822.980	534.000
822.994	532.000
823.009	526.000
823.023	511.000
823.038	520.000
823.052	520.000
823.067	508.000
823.081	504.000
823.095	524.000
823.110	516.000
823.124	519.000
823.139	526.000
823.153	543.000
823.168	547.000
823.182	556.000
823.196	547.000
823.211	542.000
823.225	533.000
823.240	528.000
823.254	520.000
823.268	512.000
823.283	524.000
823.297	501.000
823.312	515.000
823.326	522.000
823.340	512.000
823.355	508.000
823.369	517.000
823.384	537.000
823.398	547.000
823.412	546.000
823.427	532.000
823.441	539.000
823.456	518.000
823.470	532.000
823.484	529.000
823.499	534.000
823.513	506.000
823.528	532.000
823.542	540.000
823.556	512.000
823.571	510.000
823.585	508.000
823.600	506.000
823.614	476.000
823.628	494.000
823.643	508.000
823.657	503.000
823.671	485.000
823.686	506.000
823.700	523.000
823.715	509.000
823.729	536.000
823.743	518.000
823.758	514.000
823.772	510.000
823.786	524.000
823.801	536.000
823.815	520.000
823.830	490.000
823.844	498.000
823.858	474.000
823.873	484.000
823.887	477.000
823.901	493.000
823.916	518.000
823.930	510.000
823.945	506.000
823.959	498.000
823.973	506.000
823.988	506.000
824.002	505.000
824.016	489.000
824.031	506.000
824.045	521.000
824.059	518.000
824.074	510.000
824.088	491.000
824.102	480.000
824.117	493.000
824.131	477.000
824.145	496.000
824.160	478.000
824.174	494.000
824.188	490.000
824.203	495.000
824.217	486.000
824.232	494.000
824.246	496.000
824.260	504.000
824.275	498.000
824.289	499.000
824.303	513.000
824.318	510.000
824.332	502.000
824.346	501.000
824.361	493.000
824.375	495.000
824.389	491.000
824.404	486.000
824.418	488.000
824.432	498.000
824.446	492.000
824.461	495.000
824.475	502.000
824.489	490.000
824.504	480.000
824.518	466.000
824.532	470.000
824.547	488.000
824.561	510.000
824.575	506.000
824.590	508.000
824.604	553.000
824.618	500.000
824.633	507.000
824.647	480.000
824.661	498.000
824.676	494.000
824.690	510.000
824.704	489.000
824.718	478.000
824.733	478.000
824.747	478.000
824.761	476.000
824.776	512.000
824.791	498.000
824.806	541.000
824.821	552.000
824.836	526.000
824.851	532.000
824.866	523.000
824.880	524.000
824.895	506.000
824.910	531.000
824.925	519.000
824.940	498.000
824.955	526.000
824.970	516.000
824.985	514.000
825.000	517.000
825.014	506.000
825.029	499.000
825.044	504.000
825.059	507.000
825.074	518.000
825.089	515.000
825.104	516.000
825.119	506.000
825.134	516.000
825.148	500.000
825.163	498.000
825.178	512.000
825.193	518.000
825.208	498.000
825.223	491.000
825.238	513.000
825.253	517.000
825.267	492.000
825.282	512.000
825.297	488.000
825.312	498.000
825.327	481.000
825.342	498.000
825.357	498.000
825.372	518.000
825.386	510.000
825.401	498.000
825.416	515.000
825.431	500.000
825.446	489.000
825.461	502.000
825.476	494.000
825.490	493.000
825.505	492.000
825.520	500.000
825.535	502.000
825.550	504.000
825.565	499.000
825.580	504.000
825.594	470.000
825.609	478.000
825.624	498.000
825.639	504.000
825.654	512.000
825.669	524.000
825.683	496.000
825.698	513.000
825.713	510.000
825.728	506.000
825.743	507.000
825.758	493.000
825.773	491.000
825.787	480.000
825.802	490.000
825.817	498.000
825.832	491.000
825.847	512.000
825.862	484.000
825.876	484.000
825.891	485.000
825.906	494.000
825.921	499.000
825.936	500.000
825.951	497.000
825.965	490.000
825.980	509.000
825.995	521.000
826.010	506.000
826.025	490.000
826.039	480.000
826.054	477.000
826.069	498.000
826.084	478.000
826.099	500.000
826.114	480.000
826.128	490.000
826.143	486.000
826.158	499.000
826.173	482.000
826.188	442.000
826.202	477.000
826.217	488.000
826.232	492.000
826.247	520.000
826.262	521.000
826.276	540.000
826.291	521.000
826.306	510.000
826.321	502.000
826.336	500.000
826.351	488.000
826.365	485.000
826.380	496.000
826.395	476.000
826.410	477.000
826.425	472.000
826.439	469.000
826.454	464.000
826.469	474.000
826.484	476.000
826.498	509.000
826.513	480.000
826.528	494.000
826.543	511.000
826.558	503.000
826.572	508.000
826.587	496.000
826.602	493.000
826.617	494.000
826.632	490.000
826.646	501.000
826.661	486.000
826.676	486.000
826.691	486.000
826.705	481.000
826.720	488.000
826.735	460.000
826.750	468.000
826.765	480.000
826.779	468.000
826.794	480.000
826.809	484.000
826.824	472.000
826.838	468.000
826.853	481.000
826.868	481.000
826.883	474.000
826.897	475.000
826.912	480.000
826.927	484.000
826.942	490.000
826.957	475.000
826.971	483.000
826.986	484.000
827.001	489.000
827.016	477.000
827.030	514.000
827.045	478.000
827.060	469.000
827.075	472.000
827.089	485.000
827.104	491.000
827.119	486.000
827.134	480.000
827.148	494.000
827.163	484.000
827.178	473.000
827.193	479.000
827.207	479.000
827.222	468.000
827.237	474.000
827.252	460.000
827.266	466.000
827.281	470.000
827.296	455.000
827.311	464.000
827.325	454.000
827.340	466.000
827.355	464.000
827.369	472.000
827.384	488.000
827.399	484.000
827.414	479.000
827.428	483.000
827.443	471.000
827.458	482.000
827.473	483.000
827.487	494.000
827.502	480.000
827.517	461.000
827.531	475.000
827.546	488.000
827.561	477.000
827.576	490.000
827.590	487.000
827.605	491.000
827.620	474.000
827.634	482.000
827.649	484.000
827.664	468.000
827.679	471.000
827.693	490.000
827.708	491.000
827.723	486.000
827.737	490.000
827.752	483.000
827.767	503.000
827.782	494.000
827.796	480.000
827.811	472.000
827.826	478.000
827.840	466.000
827.855	481.000
827.870	457.000
827.885	474.000
827.899	474.000
827.914	466.000
827.929	495.000
827.943	469.000
827.958	476.000
827.973	485.000
827.987	494.000
828.002	494.000
828.017	480.000
828.031	484.000
828.046	472.000
828.061	465.000
828.076	480.000
828.090	460.000
828.105	482.000
828.120	473.000
828.134	474.000
828.149	454.000
828.164	449.000
828.178	457.000
828.193	474.000
828.208	466.000
828.222	453.000
828.237	473.000
828.252	480.000
828.266	465.000
828.281	471.000
828.296	476.000
828.310	456.000
828.325	467.000
828.340	466.000
828.354	469.000
828.369	472.000
828.384	461.000
828.398	470.000
828.413	461.000
828.428	466.000
828.442	465.000
828.457	458.000
828.472	457.000
828.486	464.000
828.501	468.000
828.516	474.000
828.530	484.000
828.545	482.000
828.560	482.000
828.574	472.000
828.589	474.000
828.604	472.000
828.618	480.000
828.633	497.000
828.648	482.000
828.662	492.000
828.677	496.000
828.691	480.000
828.706	486.000
828.721	468.000
828.735	480.000
828.750	467.000
828.765	458.000
828.779	482.000
828.794	490.000
828.809	502.000
828.823	493.000
828.838	516.000
828.853	507.000
828.867	513.000
828.882	532.000
828.896	528.000
828.911	499.000
828.926	519.000
828.940	530.000
828.955	515.000
828.970	500.000
828.984	528.000
828.999	519.000
829.013	509.000
829.028	506.000
829.043	510.000
829.057	528.000
829.072	536.000
829.087	524.000
829.101	528.000
829.116	545.000
829.130	520.000
829.145	526.000
829.160	535.000
829.174	531.000
829.189	528.000
829.203	545.000
829.218	546.000
829.233	544.000
829.247	542.000
829.262	539.000
829.276	540.000
829.291	515.000
829.306	544.000
829.320	522.000
829.335	518.000
829.349	509.000
829.364	526.000
829.379	517.000
829.393	512.000
829.408	517.000
829.422	514.000
829.437	498.000
829.452	506.000
829.466	508.000
829.481	513.000
829.495	517.000
829.510	509.000
829.525	497.000
829.539	510.000
829.554	513.000
829.568	494.000
829.583	503.000
829.598	500.000
829.612	502.000
829.627	482.000
829.641	480.000
829.656	474.000
829.670	492.000
829.685	464.000
829.700	463.000
829.714	486.000
829.729	501.000
829.743	460.000
829.758	469.000
829.772	456.000
829.787	466.000
829.802	465.000
829.816	460.000
829.831	462.000
829.845	469.000
829.860	450.000
829.874	469.000
829.889	508.000
829.904	477.000
829.918	451.000
829.933	466.000
829.947	465.000
829.962	456.000
829.976	448.000
829.991	456.000
830.005	439.000
830.020	430.000
830.035	446.000
830.049	441.000
830.064	440.000
830.078	455.000
830.093	471.000
830.107	473.000
830.122	447.000
830.136	448.000
830.151	447.000
830.166	471.000
830.180	455.000
830.195	456.000
830.209	440.000
830.224	444.000
830.238	422.000
830.253	434.000
830.267	417.000
830.282	432.000
830.296	444.000
830.311	437.000
830.325	438.000
830.340	438.000
830.355	442.000
830.369	433.000
830.384	438.000
830.398	439.000
830.413	445.000
830.427	436.000
830.442	446.000
830.456	432.000
830.471	450.000
830.485	440.000
830.500	442.000
830.514	426.000
830.529	412.000
830.543	423.000
830.558	411.000
830.572	420.000
830.587	421.000
830.601	437.000
830.616	439.000
830.630	456.000
830.645	446.000
830.659	456.000
830.674	448.000
830.688	457.000
830.703	448.000
830.718	452.000
830.732	441.000
830.747	442.000
830.761	440.000
830.776	446.000
830.790	437.000
830.805	439.000
830.819	441.000
830.834	442.000
830.848	444.000
830.863	426.000
830.877	430.000
830.892	450.000
830.906	458.000
830.921	466.000
830.935	484.000
830.949	462.000
830.964	477.000
830.978	483.000
830.993	471.000
831.007	472.000
831.022	475.000
831.036	471.000
831.051	479.000
831.065	482.000
831.080	470.000
831.094	481.000
831.109	470.000
831.123	464.000
831.138	468.000
831.152	452.000
831.167	447.000
831.181	469.000
831.196	473.000
831.210	460.000
831.225	462.000
831.239	478.000
831.254	487.000
831.268	494.000
831.283	500.000
831.297	478.000
831.311	477.000
831.326	472.000
831.340	464.000
831.355	468.000
831.369	466.000
831.384	449.000
831.398	456.000
831.413	456.000
831.427	463.000
831.442	456.000
831.456	442.000
831.471	445.000
831.485	451.000
831.499	463.000
831.514	473.000
831.528	452.000
831.543	464.000
831.557	459.000
831.572	460.000
831.586	449.000
831.601	454.000
831.615	460.000
831.629	451.000
831.644	442.000
831.658	449.000
831.673	447.000
831.687	428.000
831.702	431.000
831.716	426.000
831.731	421.000
831.745	416.000
831.759	401.000
831.774	424.000
831.788	407.000
831.803	427.000
831.817	434.000
831.832	431.000
831.846	424.000
831.860	418.000
831.875	424.000
831.889	418.000
831.904	426.000
831.918	418.000
831.933	416.000
831.947	418.000
831.961	426.000
831.976	420.000
831.990	424.000
832.005	422.000
832.019	400.000
832.033	410.000
832.048	406.000
832.062	415.000
832.077	413.000
832.091	409.000
832.106	420.000
832.120	425.000
832.134	425.000
832.149	421.000
832.163	421.000
832.178	414.000
832.192	426.000
832.206	434.000
832.221	415.000
832.235	430.000
832.250	435.000
832.264	403.000
832.278	407.000
832.293	413.000
832.307	398.000
832.322	409.000
832.336	412.000
832.350	412.000
832.365	417.000
832.379	418.000
832.394	421.000
832.408	414.000
832.422	414.000
832.437	420.000
832.451	406.000
832.465	412.000
832.480	423.000
832.494	422.000
832.509	418.000
832.523	426.000
832.537	405.000
832.552	411.000
832.566	409.000
832.581	402.000
832.595	408.000
832.609	405.000
832.624	401.000
832.638	401.000
832.652	397.000
832.667	389.000
832.681	412.000
832.696	414.000
832.710	435.000
832.724	406.000
832.739	408.000
832.753	412.000
832.767	413.000
832.782	410.000
832.796	404.000
832.810	412.000
832.825	412.000
832.839	402.000
832.853	399.000
832.868	395.000
832.882	393.000
832.897	400.000
832.911	400.000
832.925	399.000
832.940	390.000
832.954	396.000
832.968	404.000
832.983	412.000
832.997	401.000
833.011	407.000
833.026	399.000
833.040	424.000
833.054	426.000
833.069	402.000
833.083	408.000
833.097	428.000
833.112	401.000
833.126	414.000
833.140	404.000
833.155	377.000
833.169	381.000
833.183	372.000
833.198	391.000
833.212	392.000
833.226	398.000
833.241	395.000
833.255	390.000
833.269	388.000
833.284	397.000
833.298	398.000
833.312	408.000
833.327	402.000
833.341	394.000
833.355	392.000
833.370	398.000
833.384	401.000
833.398	410.000
833.413	377.000
833.427	390.000
833.441	404.000
833.456	389.000
833.470	410.000
833.484	398.000
833.499	384.000
833.513	384.000
833.527	388.000
833.542	390.000
833.556	385.000
833.570	397.000
833.584	400.000
833.599	388.000
833.613	394.000
833.627	404.000
833.642	404.000
833.656	407.000
833.670	399.000
833.685	401.000
833.699	404.000
833.713	414.000
833.727	398.000
833.742	397.000
833.756	386.000
833.770	380.000
833.785	407.000
833.799	395.000
833.813	389.000
833.827	380.000
833.842	379.000
833.856	367.000
833.870	371.000
833.885	373.000
833.899	386.000
833.913	396.000
833.927	402.000
833.942	391.000
833.956	397.000
833.970	392.000
833.985	409.000
833.999	387.000
834.013	412.000
834.027	397.000
834.042	400.000
834.056	394.000
834.070	404.000
834.085	396.000
834.099	385.000
834.113	380.000
834.127	396.000
834.142	380.000
834.156	396.000
834.170	378.000
834.184	386.000
834.199	386.000
834.213	385.000
834.227	400.000
834.241	394.000
834.256	399.000
834.270	410.000
834.284	409.000
834.298	402.000
834.313	392.000
834.327	403.000
834.341	402.000
834.355	390.000
834.370	395.000
834.384	400.000
834.398	386.000
834.412	392.000
834.427	385.000
834.441	388.000
834.455	377.000
834.469	368.000
834.484	376.000
834.498	377.000
834.512	398.000
834.526	397.000
834.541	406.000
834.555	388.000
834.569	406.000
834.583	397.000
834.598	410.000
834.612	402.000
834.626	390.000
834.640	378.000
834.655	392.000
834.669	366.000
834.683	366.000
834.697	380.000
834.711	379.000
834.726	384.000
834.740	370.000
834.754	382.000
834.768	386.000
834.783	378.000
834.797	371.000
834.811	386.000
834.825	399.000
834.839	384.000
834.854	394.000
834.868	390.000
834.882	378.000
834.896	361.000
834.910	383.000
834.925	374.000
834.939	366.000
834.953	387.000
834.967	380.000
834.982	376.000
834.996	374.000
835.010	366.000
835.024	368.000
835.038	366.000
835.053	368.000
835.067	388.000
835.081	380.000
835.095	377.000
835.109	386.000
835.124	367.000
835.138	388.000
835.152	376.000
835.166	382.000
835.180	372.000
835.195	374.000
835.209	373.000
835.223	369.000
835.237	384.000
835.251	369.000
835.265	366.000
835.280	352.000
835.294	357.000
835.308	362.000
835.322	357.000
835.336	357.000
835.351	366.000
835.365	394.000
835.379	368.000
835.393	376.000
835.407	378.000
835.421	366.000
835.436	378.000
835.450	364.000
835.464	368.000
835.478	382.000
835.492	390.000
835.506	364.000
835.521	384.000
835.535	374.000
835.549	368.000
835.563	368.000
835.577	387.000
835.591	380.000
835.606	388.000
835.620	375.000
835.634	377.000
835.648	372.000
835.662	368.000
835.676	362.000
835.691	365.000
835.705	378.000
835.719	366.000
835.733	379.000
835.747	366.000
835.761	370.000
835.775	366.000
835.790	347.000
835.804	371.000
835.818	368.000
835.832	359.000
835.846	351.000
835.860	352.000
835.874	363.000
835.889	353.000
835.903	358.000
835.917	353.000
835.931	356.000
835.945	345.000
835.959	356.000
835.973	368.000
835.988	365.000
836.002	368.000
836.016	362.000
836.030	374.000
836.044	369.000
836.058	363.000
836.072	351.000
836.086	366.000
836.101	358.000
836.115	365.000
836.129	367.000
836.143	349.000
836.157	357.000
836.171	360.000
836.185	357.000
836.199	353.000
836.214	340.000
836.228	340.000
836.242	358.000
836.256	342.000
836.270	344.000
836.284	347.000
836.298	366.000
836.312	358.000
836.326	360.000
836.341	368.000
836.355	367.000
836.369	372.000
836.383	371.000
836.397	364.000
836.411	360.000
836.425	361.000
836.439	360.000
836.453	366.000
836.468	352.000
836.482	365.000
836.496	354.000
836.510	346.000
836.524	339.000
836.538	356.000
836.552	363.000
836.566	346.000
836.580	345.000
836.594	350.000
836.608	344.000
836.623	343.000
836.637	356.000
836.651	344.000
836.665	344.000
836.679	338.000
836.693	358.000
836.707	339.000
836.721	340.000
836.735	343.000
836.749	338.000
836.763	343.000
836.777	377.000
836.792	357.000
836.806	346.000
836.820	344.000
836.834	338.000
836.848	341.000
836.862	347.000
836.876	337.000
836.890	334.000
836.904	340.000
836.918	353.000
836.932	357.000
836.946	346.000
836.960	343.000
836.974	348.000
836.988	340.000
837.003	354.000
837.017	354.000
837.031	388.000
837.045	347.000
837.059	348.000
837.073	356.000
837.087	355.000
837.101	336.000
837.115	340.000
837.129	358.000
837.143	338.000
837.157	348.000
837.171	347.000
837.185	335.000
837.199	338.000
837.213	332.000
837.227	348.000
837.241	337.000
837.255	332.000
837.269	344.000
837.283	344.000
837.298	349.000
837.312	347.000
837.326	336.000
837.340	333.000
837.354	327.000
837.368	336.000
837.382	340.000
837.396	334.000
837.410	327.000
837.424	336.000
837.438	330.000
837.452	330.000
837.466	339.000
837.480	332.000
837.494	339.000
837.508	332.000
837.522	334.000
837.536	339.000
837.550	324.000
837.564	321.000
837.578	323.000
837.592	324.000
837.606	326.000
837.620	318.000
837.634	324.000
837.648	350.000
837.662	330.000
837.676	327.000
837.690	315.000
837.704	322.000
837.718	326.000
837.732	331.000
837.746	334.000
837.760	346.000
837.774	344.000
837.788	347.000
837.802	339.000
837.816	344.000
837.830	334.000
837.844	335.000
837.858	339.000
837.872	324.000
837.886	331.000
837.900	342.000
837.914	330.000
837.928	321.000
837.942	334.000
837.956	328.000
837.970	329.000
837.984	334.000
837.998	330.000
838.012	317.000
838.026	320.000
838.040	322.000
838.054	347.000
838.068	329.000
838.082	331.000
838.096	328.000
838.110	342.000
838.124	332.000
838.138	347.000
838.152	340.000
838.166	356.000
838.180	352.000
838.194	357.000
838.208	351.000
838.222	332.000
838.236	318.000
838.250	332.000
838.264	324.000
838.278	317.000
838.292	314.000
838.306	333.000
838.319	321.000
838.333	334.000
838.347	330.000
838.361	336.000
838.375	328.000
838.389	323.000
838.403	319.000
838.417	322.000
838.431	325.000
838.445	325.000
838.459	319.000
838.473	323.000
838.487	322.000
838.501	329.000
838.515	310.000
838.529	323.000
838.543	332.000
838.557	332.000
838.571	350.000
838.585	352.000
838.599	337.000
838.612	336.000
838.626	322.000
838.640	317.000
838.654	325.000
838.668	325.000
838.682	337.000
838.696	335.000
838.710	329.000
838.724	338.000
838.738	330.000
838.752	330.000
838.766	327.000
838.780	322.000
838.794	338.000
838.808	320.000
838.821	324.000
838.835	324.000
838.849	313.000
838.863	316.000
838.877	312.000
838.891	321.000
838.905	323.000
838.919	326.000
838.933	322.000
838.947	320.000
838.961	311.000
838.975	320.000
838.988	333.000
839.002	346.000
839.016	330.000
839.030	336.000
839.044	335.000
839.058	331.000
839.072	328.000
839.086	330.000
839.100	326.000
839.114	332.000
839.128	324.000
839.141	320.000
839.155	321.000
839.169	327.000
839.183	324.000
839.197	328.000
839.211	339.000
839.225	334.000
839.239	326.000
839.253	313.000
839.266	316.000
839.280	330.000
839.294	336.000
839.308	345.000
839.322	342.000
839.336	343.000
839.350	363.000
839.364	329.000
839.378	319.000
839.391	318.000
839.405	329.000
839.419	310.000
839.433	334.000
839.447	326.000
839.461	320.000
839.475	326.000
839.489	327.000
839.502	319.000
