794.000	17672.000
794.016	18884.000
794.031	18891.000
794.047	18346.000
794.063	16930.000
794.079	14790.000
794.094	12813.000
794.110	11466.000
794.126	10800.000
794.142	10392.000
794.157	10268.000
794.173	10333.000
794.189	10525.000
794.204	10885.000
794.220	11736.000
794.236	13209.000
794.252	15209.000
794.267	16862.000
794.283	17575.000
794.299	17445.000
794.314	16697.000
794.330	15173.000
794.346	13165.000
794.362	11546.000
794.377	10625.000
794.393	9926.000
794.409	9686.000
794.424	9672.000
794.440	9770.000
794.456	10104.000
794.472	10683.000
794.487	11606.000
794.503	13048.000
794.519	14786.000
794.534	16180.000
794.550	16533.000
794.566	16174.000
794.581	15159.000
794.597	13645.000
794.613	11863.000
794.629	10500.000
794.644	9717.000
794.660	9347.000
794.676	9166.000
794.691	9150.000
794.707	9367.000
794.723	9648.000
794.738	10341.000
794.754	11317.000
794.770	12848.000
794.785	14410.000
794.801	15350.000
794.817	15445.000
794.832	15013.000
794.848	13911.000
794.864	12374.000
794.880	10803.000
794.895	9710.000
794.911	9037.000
794.927	8750.000
794.942	8742.000
794.958	8917.000
794.974	9004.000
794.989	9356.000
795.005	9945.000
795.021	10924.000
795.036	12242.000
795.052	13483.000
795.068	14169.000
795.083	14148.000
795.099	13615.000
795.115	12561.000
795.130	11166.000
795.146	9902.000
795.162	9069.000
795.177	8628.000
795.193	8414.000
795.209	8363.000
795.224	8506.000
795.240	8665.000
795.256	8983.000
795.271	9546.000
795.287	10598.000
795.303	11728.000
795.318	12748.000
795.334	13079.000
795.350	13020.000
795.365	12461.000
795.381	11400.000
795.396	10236.000
795.412	9209.000
795.428	8512.000
795.443	8195.000
795.459	8043.000
795.475	7944.000
795.490	8141.000
795.506	8232.000
795.522	8675.000
795.537	9251.000
795.553	10096.000
795.569	11236.000
795.584	12182.000
795.600	12391.000
795.615	12247.000
795.631	11774.000
795.647	10722.000
795.662	9451.000
795.678	8563.000
795.694	8007.000
795.709	7684.000
795.725	7590.000
795.741	7576.000
795.756	7668.000
795.772	7873.000
795.787	8279.000
795.803	8855.000
795.819	9730.000
795.834	10688.000
795.850	11478.000
795.866	11703.000
795.881	11439.000
795.897	10828.000
795.912	9953.000
795.928	8915.000
795.944	8136.000
795.959	7585.000
795.975	7342.000
795.990	7198.000
796.006	7243.000
796.022	7300.000
796.037	7529.000
796.053	7913.000
796.068	8484.000
796.084	9315.000
796.100	10283.000
796.115	10806.000
796.131	10943.000
796.147	10772.000
796.162	10165.000
796.178	9194.000
796.193	8246.000
796.209	7584.000
796.225	7162.000
796.240	6939.000
796.256	6935.000
796.271	6868.000
796.287	7109.000
796.303	7291.000
796.318	7645.000
796.334	8140.000
796.349	8846.000
796.365	9665.000
796.380	10160.000
796.396	10163.000
796.412	9903.000
796.427	9364.000
796.443	8548.000
796.458	7813.000
796.474	7140.000
796.490	6790.000
796.505	6666.000
796.521	6562.000
796.536	6644.000
796.552	6819.000
796.567	7024.000
796.583	7308.000
796.599	7792.000
796.614	8381.000
796.630	9147.000
796.645	9540.000
796.661	9612.000
796.676	9224.000
796.692	8815.000
796.708	8023.000
796.723	7286.000
796.739	6766.000
796.754	6532.000
796.770	6334.000
796.785	6292.000
796.801	6330.000
796.817	6430.000
796.832	6630.000
796.848	6953.000
796.863	7309.000
796.879	7927.000
796.894	8502.000
796.910	8864.000
796.925	8975.000
796.941	8710.000
796.957	8290.000
796.972	7633.000
796.988	6972.000
797.003	6490.000
797.019	6194.000
797.034	6045.000
797.050	6035.000
797.065	6050.000
797.081	6108.000
797.097	6262.000
797.112	6511.000
797.128	6894.000
797.143	7478.000
797.159	7994.000
797.174	8364.000
797.190	8389.000
797.205	8234.000
797.221	7762.000
797.236	7229.000
797.252	6683.000
797.267	6140.000
797.283	5900.000
797.299	5795.000
797.314	5714.000
797.330	5766.000
797.345	5883.000
797.361	6017.000
797.376	6162.000
797.392	6534.000
797.407	7060.000
797.423	7619.000
797.438	7952.000
797.454	7947.000
797.469	7790.000
797.485	7434.000
797.500	6850.000
797.516	6269.000
797.531	5789.000
797.547	5572.000
797.562	5442.000
797.578	5421.000
797.594	5455.000
797.609	5539.000
797.625	5728.000
797.640	5960.000
797.656	6287.000
797.671	6672.000
797.687	7156.000
797.702	7432.000
797.718	7506.000
797.733	7380.000
797.749	7046.000
797.764	6551.000
797.780	6007.000
797.795	5610.000
797.811	5379.000
797.826	5225.000
797.842	5236.000
797.857	5231.000
797.873	5312.000
797.888	5396.000
797.904	5580.000
797.919	5846.000
797.935	6231.000
797.950	6640.000
797.966	6914.000
797.981	7027.000
797.997	6948.000
798.012	6625.000
798.028	6185.000
798.043	5752.000
798.059	5395.000
798.074	5193.000
798.089	5038.000
798.105	5047.000
798.120	5020.000
798.136	5101.000
798.151	5164.000
798.167	5270.000
798.182	5502.000
798.198	5773.000
798.213	6141.000
798.229	6416.000
798.244	6534.000
798.260	6431.000
798.275	6295.000
798.291	5943.000
798.306	5562.000
798.322	5168.000
798.337	5021.000
798.353	4852.000
798.368	4826.000
798.383	4810.000
798.399	4915.000
798.414	4915.000
798.430	4995.000
798.445	5181.000
798.461	5404.000
798.476	5830.000
798.492	6082.000
798.507	6225.000
798.523	6220.000
798.538	6032.000
798.554	5767.000
798.569	5335.000
798.584	5051.000
798.600	4783.000
798.615	4646.000
798.631	4576.000
798.646	4564.000
798.662	4623.000
798.677	4624.000
798.693	4741.000
798.708	4944.000
798.724	5111.000
798.739	5392.000
798.754	5738.000
798.770	5932.000
798.785	5929.000
798.801	5838.000
798.816	5559.000
798.832	5242.000
798.847	4909.000
798.862	4588.000
798.878	4502.000
798.893	4375.000
798.909	4356.000
798.924	4387.000
798.940	4366.000
798.955	4447.000
798.970	4630.000
798.986	4822.000
799.001	5170.000
799.017	5404.000
799.032	5605.000
799.048	5646.000
799.063	5577.000
799.078	5368.000
799.094	5025.000
799.109	4750.000
799.125	4503.000
799.140	4273.000
799.156	4206.000
799.171	4206.000
799.186	4182.000
799.202	4284.000
799.217	4334.000
799.233	4446.000
799.248	4563.000
799.263	4834.000
799.279	5101.000
799.294	5265.000
799.310	5381.000
799.325	5323.000
799.341	5154.000
799.356	4899.000
799.371	4567.000
799.387	4280.000
799.402	4184.000
799.418	4066.000
799.433	4070.000
799.448	4015.000
799.464	4054.000
799.479	4138.000
799.495	4247.000
799.510	4344.000
799.525	4513.000
799.541	4755.000
799.556	4968.000
799.571	5054.000
799.587	5078.000
799.602	4928.000
799.618	4709.000
799.633	4431.000
799.648	4188.000
799.664	3988.000
799.679	3889.000
799.695	3826.000
799.710	3826.000
799.725	3872.000
799.741	3876.000
799.756	3943.000
799.771	4051.000
799.787	4189.000
799.802	4354.000
799.818	4594.000
799.833	4719.000
799.848	4788.000
799.864	4724.000
799.879	4578.000
799.894	4350.000
799.910	4092.000
799.925	3909.000
799.941	3787.000
799.956	3686.000
799.971	3646.000
799.987	3704.000
800.002	3672.000
800.017	3727.000
800.033	3772.000
800.048	3894.000
800.063	4036.000
800.079	4200.000
800.094	4415.000
800.110	4446.000
800.125	4522.000
800.140	4423.000
800.156	4246.000
800.171	4014.000
800.186	3759.000
800.202	3648.000
800.217	3499.000
800.232	3467.000
800.248	3494.000
800.263	3490.000
800.278	3531.000
800.294	3573.000
800.309	3669.000
800.324	3824.000
800.340	3989.000
800.355	4154.000
800.370	4273.000
800.386	4313.000
800.401	4218.000
800.417	4118.000
800.432	3856.000
800.447	3651.000
800.463	3494.000
800.478	3376.000
800.493	3348.000
800.509	3269.000
800.524	3270.000
800.539	3324.000
800.555	3338.000
800.570	3473.000
800.585	3611.000
800.600	3744.000
800.616	3922.000
800.631	4077.000
800.646	4131.000
800.662	4103.000
800.677	4002.000
800.692	3829.000
800.708	3562.000
800.723	3346.000
800.738	3210.000
800.754	3169.000
800.769	3145.000
800.784	3122.000
800.800	3155.000
800.815	3205.000
800.830	3284.000
800.846	3357.000
800.861	3489.000
800.876	3639.000
800.891	3826.000
800.907	3940.000
800.922	3926.000
800.937	3822.000
800.953	3653.000
800.968	3525.000
800.983	3317.000
800.999	3156.000
801.014	3072.000
801.029	3029.000
801.045	3020.000
801.060	3086.000
801.075	3071.000
801.090	3078.000
801.106	3152.000
801.121	3279.000
801.136	3373.000
801.152	3526.000
801.167	3654.000
801.182	3741.000
801.197	3688.000
801.213	3556.000
801.228	3452.000
801.243	3257.000
801.259	3098.000
801.274	2980.000
801.289	2957.000
801.304	2915.000
801.320	2934.000
801.335	2990.000
801.350	2959.000
801.366	2991.000
801.381	3054.000
801.396	3183.000
801.411	3296.000
801.427	3442.000
801.442	3516.000
801.457	3525.000
801.472	3531.000
801.488	3385.000
801.503	3244.000
801.518	3059.000
801.534	2911.000
801.549	2854.000
801.564	2826.000
801.579	2784.000
801.595	2800.000
801.610	2824.000
801.625	2848.000
801.640	2914.000
801.656	2934.000
801.671	3084.000
801.686	3199.000
801.701	3372.000
801.717	3416.000
801.732	3389.000
801.747	3335.000
801.762	3211.000
801.778	3016.000
801.793	2881.000
801.808	2774.000
801.823	2674.000
801.839	2661.000
801.854	2653.000
801.869	2693.000
801.884	2710.000
801.900	2753.000
801.915	2776.000
801.930	2881.000
801.945	2982.000
801.961	3113.000
801.976	3190.000
801.991	3302.000
802.006	3224.000
802.022	3165.000
802.037	3040.000
802.052	2850.000
802.067	2698.000
802.082	2616.000
802.098	2562.000
802.113	2536.000
802.128	2582.000
802.143	2570.000
802.159	2589.000
802.174	2646.000
802.189	2706.000
802.204	2802.000
802.220	2906.000
802.235	3010.000
802.250	3090.000
802.265	3104.000
802.280	3041.000
802.296	2933.000
802.311	2754.000
802.326	2644.000
802.341	2526.000
802.356	2464.000
802.372	2483.000
802.387	2434.000
802.402	2479.000
802.417	2507.000
802.433	2538.000
802.448	2625.000
802.463	2647.000
802.478	2754.000
802.493	2833.000
802.509	2904.000
802.524	2948.000
802.539	2932.000
802.554	2873.000
802.569	2726.000
802.585	2634.000
802.600	2482.000
802.615	2395.000
802.630	2360.000
802.645	2351.000
802.661	2384.000
802.676	2385.000
802.691	2428.000
802.706	2432.000
802.721	2450.000
802.736	2553.000
802.752	2681.000
802.767	2756.000
802.782	2810.000
802.797	2883.000
802.812	2759.000
802.828	2732.000
802.843	2638.000
802.858	2519.000
802.873	2378.000
802.888	2300.000
802.903	2290.000
802.919	2285.000
802.934	2272.000
802.949	2292.000
802.964	2326.000
802.979	2295.000
802.995	2386.000
803.010	2440.000
803.025	2522.000
803.040	2598.000
803.055	2688.000
803.070	2664.000
803.086	2641.000
803.101	2578.000
803.116	2493.000
803.131	2389.000
803.146	2284.000
803.161	2216.000
803.177	2222.000
803.192	2199.000
803.207	2224.000
803.222	2224.000
803.237	2232.000
803.252	2237.000
803.267	2295.000
803.283	2362.000
803.298	2448.000
803.313	2525.000
803.328	2552.000
803.343	2563.000
803.358	2518.000
803.374	2451.000
803.389	2355.000
803.404	2252.000
803.419	2143.000
803.434	2132.000
803.449	2109.000
803.464	2106.000
803.480	2135.000
803.495	2141.000
803.510	2183.000
803.525	2222.000
803.540	2264.000
803.555	2350.000
803.570	2406.000
803.585	2428.000
803.601	2511.000
803.616	2487.000
803.631	2457.000
803.646	2348.000
803.661	2210.000
803.676	2150.000
803.691	2082.000
803.706	2072.000
803.722	2025.000
803.737	2021.000
803.752	2051.000
803.767	2072.000
803.782	2107.000
803.797	2143.000
803.812	2200.000
803.827	2250.000
803.843	2346.000
803.858	2394.000
803.873	2396.000
803.888	2371.000
803.903	2359.000
803.918	2280.000
803.933	2159.000
803.948	2079.000
803.963	1982.000
803.979	1984.000
803.994	1978.000
804.009	1984.000
804.024	1976.000
804.039	2042.000
804.054	2066.000
804.069	2066.000
804.084	2104.000
804.099	2158.000
804.115	2222.000
804.130	2242.000
804.145	2282.000
804.160	2292.000
804.175	2242.000
804.190	2162.000
804.205	2072.000
804.220	1998.000
804.235	1950.000
804.250	1905.000
804.265	1909.000
804.281	1924.000
804.296	1956.000
804.311	1956.000
804.326	1984.000
804.341	1988.000
804.356	2020.000
804.371	2085.000
804.386	2141.000
804.401	2177.000
804.416	2225.000
804.431	2215.000
804.446	2121.000
804.461	2054.000
804.477	1982.000
804.492	1913.000
804.507	1850.000
804.522	1832.000
804.537	1842.000
804.552	1854.000
804.567	1860.000
804.582	1874.000
804.597	1892.000
804.612	1943.000
804.627	1963.000
804.642	2002.000
804.657	2063.000
804.672	2120.000
804.688	2128.000
804.703	2119.000
804.718	2077.000
804.733	2010.000
804.748	1920.000
804.763	1882.000
804.778	1822.000
804.793	1748.000
804.808	1745.000
804.823	1789.000
804.838	1761.000
804.853	1810.000
804.868	1818.000
804.883	1859.000
804.898	1870.000
804.913	1910.000
804.928	1979.000
804.943	2012.000
804.958	2032.000
804.973	2044.000
804.989	2018.000
805.004	1934.000
805.019	1865.000
805.034	1784.000
805.049	1735.000
805.064	1714.000
805.079	1712.000
805.094	1736.000
805.109	1738.000
805.124	1740.000
805.139	1748.000
805.154	1767.000
805.169	1794.000
805.184	1850.000
805.199	1882.000
805.214	1915.000
805.229	1942.000
805.244	1926.000
805.259	1880.000
805.274	1851.000
805.289	1772.000
805.304	1710.000
805.319	1670.000
805.334	1657.000
805.349	1661.000
805.364	1667.000
805.379	1713.000
805.394	1690.000
805.409	1694.000
805.424	1731.000
805.439	1738.000
805.454	1811.000
805.469	1802.000
805.484	1852.000
805.499	1881.000
805.514	1868.000
805.529	1804.000
805.544	1767.000
805.559	1691.000
805.574	1612.000
805.589	1593.000
805.604	1586.000
805.619	1576.000
805.634	1604.000
805.649	1586.000
805.664	1652.000
805.679	1647.000
805.694	1652.000
805.709	1698.000
805.724	1688.000
805.739	1725.000
805.754	1750.000
805.769	1792.000
805.784	1815.000
805.799	1752.000
805.814	1710.000
805.829	1640.000
805.844	1644.000
805.859	1573.000
805.874	1532.000
805.889	1514.000
805.904	1535.000
805.919	1508.000
805.934	1532.000
805.949	1572.000
805.964	1516.000
805.979	1555.000
805.994	1598.000
806.009	1657.000
806.024	1716.000
806.039	1711.000
806.054	1719.000
806.069	1717.000
806.084	1683.000
806.099	1608.000
806.114	1571.000
806.129	1524.000
806.144	1495.000
806.159	1457.000
806.174	1460.000
806.188	1483.000
806.203	1482.000
806.218	1476.000
806.233	1537.000
806.248	1528.000
806.263	1530.000
806.278	1596.000
806.293	1606.000
806.308	1652.000
806.323	1670.000
806.338	1623.000
806.353	1604.000
806.368	1559.000
806.383	1511.000
806.398	1464.000
806.413	1426.000
806.428	1410.000
806.443	1402.000
806.458	1421.000
806.473	1415.000
806.487	1449.000
806.502	1430.000
806.517	1468.000
806.532	1506.000
806.547	1498.000
806.562	1592.000
806.577	1596.000
806.592	1623.000
806.607	1598.000
806.622	1553.000
806.637	1490.000
806.652	1468.000
806.667	1391.000
806.682	1376.000
806.697	1363.000
806.711	1338.000
806.726	1343.000
806.741	1353.000
806.756	1373.000
806.771	1391.000
806.786	1388.000
806.801	1459.000
806.816	1426.000
806.831	1511.000
806.846	1500.000
806.861	1543.000
806.876	1555.000
806.890	1490.000
806.905	1442.000
806.920	1416.000
806.935	1389.000
806.950	1309.000
806.965	1336.000
806.980	1332.000
806.995	1300.000
807.010	1316.000
807.025	1341.000
807.040	1353.000
807.054	1353.000
807.069	1360.000
807.084	1376.000
807.099	1404.000
807.114	1429.000
807.129	1453.000
807.144	1458.000
807.159	1420.000
807.174	1406.000
807.189	1390.000
807.203	1320.000
807.218	1299.000
807.233	1261.000
807.248	1252.000
807.263	1272.000
807.278	1269.000
807.293	1239.000
807.308	1287.000
807.323	1265.000
807.337	1271.000
807.352	1306.000
807.367	1349.000
807.382	1382.000
807.397	1375.000
807.412	1410.000
807.427	1421.000
807.442	1370.000
807.456	1316.000
807.471	1306.000
807.486	1254.000
807.501	1229.000
807.516	1212.000
807.531	1202.000
807.546	1214.000
807.561	1233.000
807.575	1223.000
807.590	1220.000
807.605	1256.000
807.620	1286.000
807.635	1296.000
807.650	1325.000
807.665	1348.000
807.679	1362.000
807.694	1374.000
807.709	1348.000
807.724	1310.000
807.739	1272.000
807.754	1215.000
807.769	1182.000
807.783	1170.000
807.798	1156.000
807.813	1152.000
807.828	1159.000
807.843	1181.000
807.858	1162.000
807.872	1180.000
807.887	1224.000
807.902	1222.000
807.917	1272.000
807.932	1322.000
807.947	1327.000
807.962	1319.000
807.976	1345.000
807.991	1283.000
808.006	1244.000
808.021	1199.000
808.036	1138.000
808.051	1132.000
808.065	1123.000
808.080	1132.000
808.095	1128.000
808.110	1148.000
808.125	1138.000
808.140	1180.000
808.154	1170.000
808.169	1202.000
808.184	1184.000
808.199	1254.000
808.214	1282.000
808.228	1250.000
808.243	1241.000
808.258	1261.000
808.273	1203.000
808.288	1161.000
808.303	1123.000
808.317	1103.000
808.332	1106.000
808.347	1085.000
808.362	1110.000
808.377	1104.000
808.391	1116.000
808.406	1141.000
808.421	1130.000
808.436	1142.000
808.451	1165.000
808.465	1180.000
808.480	1196.000
808.495	1212.000
808.510	1221.000
808.525	1206.000
808.540	1176.000
808.554	1145.000
808.569	1100.000
808.584	1086.000
808.599	1108.000
808.613	1055.000
808.628	1073.000
808.643	1054.000
808.658	1078.000
808.673	1079.000
808.687	1076.000
808.702	1100.000
808.717	1112.000
808.732	1150.000
808.747	1136.000
808.761	1166.000
808.776	1177.000
808.791	1183.000
808.806	1149.000
808.821	1121.000
808.835	1096.000
808.850	1068.000
808.865	1048.000
808.880	1025.000
808.894	1037.000
808.909	1036.000
808.924	1043.000
808.939	1024.000
808.953	1039.000
808.968	1050.000
808.983	1077.000
808.998	1066.000
809.013	1096.000
809.027	1116.000
809.042	1144.000
809.057	1135.000
809.072	1125.000
809.086	1097.000
809.101	1075.000
809.116	1037.000
809.131	1022.000
809.145	978.000
809.160	988.000
809.175	989.000
809.190	1016.000
809.204	998.000
809.219	1003.000
809.234	1030.000
809.249	1006.000
809.263	1030.000
809.278	1056.000
809.293	1070.000
809.308	1078.000
809.322	1093.000
809.337	1100.000
809.352	1059.000
809.367	1055.000
809.381	1017.000
809.396	988.000
809.411	954.000
809.426	987.000
809.440	955.000
809.455	964.000
809.470	950.000
809.485	974.000
809.499	974.000
809.514	1009.000
809.529	1015.000
809.544	986.000
809.558	1032.000
809.573	1053.000
809.588	1054.000
809.602	1096.000
809.618	1063.000
809.633	1105.000
809.648	1110.000
809.664	1045.000
809.679	1006.000
809.694	971.000
809.710	960.000
809.725	935.000
809.740	954.000
809.756	942.000
809.771	964.000
809.786	974.000
809.802	966.000
809.817	984.000
809.832	1000.000
809.847	998.000
809.863	1005.000
809.878	1030.000
809.893	1046.000
809.909	1032.000
809.924	1023.000
809.939	1015.000
809.955	978.000
809.970	942.000
809.985	924.000
810.000	924.000
810.016	912.000
810.031	907.000
810.046	946.000
810.062	925.000
810.077	934.000
810.092	934.000
810.108	926.000
810.123	947.000
810.138	958.000
810.153	975.000
810.169	992.000
810.184	1009.000
810.199	996.000
810.215	954.000
810.230	927.000
810.245	914.000
810.260	902.000
810.276	887.000
810.291	874.000
810.306	882.000
810.321	893.000
810.337	893.000
810.352	875.000
810.367	877.000
810.383	909.000
810.398	898.000
810.413	905.000
810.428	938.000
810.444	954.000
810.459	942.000
810.474	940.000
810.489	939.000
810.505	906.000
810.520	872.000
810.535	877.000
810.550	874.000
810.566	852.000
810.581	852.000
810.596	860.000
810.612	853.000
810.627	871.000
810.642	876.000
810.657	852.000
810.673	862.000
810.688	879.000
810.703	896.000
810.718	928.000
810.734	915.000
810.749	929.000
810.764	931.000
810.779	882.000
810.795	867.000
810.810	835.000
810.825	810.000
810.840	821.000
810.856	812.000
810.871	826.000
810.886	828.000
810.901	838.000
810.916	830.000
810.932	846.000
810.947	851.000
810.962	902.000
810.977	881.000
810.993	894.000
811.008	912.000
811.023	901.000
811.038	877.000
811.054	863.000
811.069	851.000
811.084	805.000
811.099	812.000
811.114	795.000
811.130	804.000
811.145	810.000
811.160	806.000
811.175	806.000
811.191	805.000
811.206	816.000
811.221	828.000
811.236	852.000
811.251	860.000
811.267	850.000
811.282	874.000
811.297	860.000
811.312	854.000
811.328	842.000
811.343	828.000
811.358	805.000
811.373	799.000
811.388	767.000
811.404	771.000
811.419	777.000
811.434	787.000
811.449	780.000
811.464	786.000
811.480	786.000
811.495	814.000
811.510	792.000
811.525	830.000
811.540	829.000
811.556	865.000
811.571	849.000
811.586	840.000
811.601	827.000
811.616	802.000
811.632	793.000
811.647	794.000
811.662	776.000
811.677	768.000
811.692	800.000
811.708	757.000
811.723	787.000
811.738	782.000
811.753	793.000
811.768	790.000
811.783	780.000
811.799	823.000
811.814	827.000
811.829	845.000
811.844	846.000
811.859	847.000
811.875	830.000
811.890	821.000
811.905	790.000
811.920	823.000
811.935	785.000
811.950	754.000
811.966	744.000
811.981	760.000
811.996	763.000
812.011	779.000
812.026	771.000
812.041	785.000
812.057	786.000
812.072	793.000
812.087	854.000
812.102	844.000
812.117	870.000
812.132	856.000
812.148	864.000
812.163	838.000
812.178	827.000
812.193	798.000
812.208	789.000
812.223	777.000
812.239	795.000
812.254	780.000
812.269	795.000
812.284	793.000
812.299	798.000
812.314	816.000
812.329	834.000
812.345	813.000
812.360	842.000
812.375	852.000
812.390	864.000
812.405	893.000
812.420	880.000
812.435	854.000
812.451	838.000
812.466	808.000
812.481	809.000
812.496	782.000
812.511	792.000
812.526	787.000
812.541	786.000
812.557	815.000
812.572	784.000
812.587	798.000
812.602	814.000
812.617	820.000
812.632	836.000
812.647	822.000
812.662	846.000
812.678	864.000
812.693	868.000
812.708	844.000
812.723	829.000
812.738	805.000
812.753	770.000
812.768	760.000
812.783	760.000
812.799	763.000
812.814	758.000
812.829	786.000
812.844	777.000
812.859	780.000
812.874	778.000
812.889	775.000
812.904	775.000
812.919	780.000
812.935	786.000
812.950	802.000
812.965	800.000
812.980	795.000
812.995	770.000
813.010	758.000
813.025	752.000
813.040	742.000
813.055	710.000
813.071	711.000
813.086	690.000
813.101	705.000
813.116	706.000
813.131	714.000
813.146	719.000
813.161	724.000
813.176	739.000
813.191	750.000
813.206	752.000
813.222	746.000
813.237	752.000
813.252	768.000
813.267	739.000
813.282	727.000
813.297	715.000
813.312	702.000
813.327	682.000
813.342	674.000
813.357	671.000
813.372	664.000
813.387	658.000
813.403	662.000
813.418	670.000
813.433	681.000
813.448	686.000
813.463	700.000
813.478	704.000
813.493	699.000
813.508	702.000
813.523	715.000
813.538	706.000
813.553	694.000
813.568	675.000
813.583	660.000
813.598	658.000
813.614	616.000
813.629	632.000
813.644	617.000
813.659	648.000
813.674	638.000
813.689	633.000
813.704	638.000
813.719	633.000
813.734	650.000
813.749	658.000
813.764	652.000
813.779	660.000
813.794	674.000
813.809	674.000
813.824	650.000
813.839	652.000
813.854	637.000
813.870	618.000
813.885	599.000
813.900	601.000
813.915	591.000
813.930	601.000
813.945	595.000
813.960	605.000
813.975	605.000
813.990	626.000
814.005	611.000
814.020	611.000
814.035	616.000
814.050	632.000
814.065	650.000
814.080	657.000
814.095	638.000
814.110	624.000
814.125	602.000
814.140	604.000
814.155	571.000
814.170	565.000
814.185	555.000
814.200	577.000
814.215	570.000
814.230	566.000
814.245	563.000
814.260	557.000
814.275	572.000
814.291	581.000
814.306	578.000
814.321	610.000
814.336	597.000
814.351	620.000
814.366	626.000
814.381	603.000
814.396	594.000
814.411	571.000
814.426	568.000
814.441	559.000
814.456	562.000
814.471	548.000
814.486	557.000
814.501	552.000
814.516	561.000
814.531	538.000
814.546	556.000
814.561	558.000
814.576	568.000
814.591	566.000
814.606	576.000
814.621	567.000
814.636	604.000
814.651	584.000
814.666	581.000
814.681	573.000
814.696	586.000
814.711	552.000
814.726	540.000
814.741	529.000
814.756	538.000
814.771	540.000
814.786	530.000
814.801	525.000
814.816	533.000
814.831	541.000
814.846	538.000
814.861	598.000
814.876	572.000
814.891	581.000
814.906	571.000
814.921	588.000
814.936	575.000
814.951	546.000
814.966	536.000
814.980	555.000
814.995	525.000
815.010	529.000
815.025	517.000
815.040	522.000
815.055	496.000
815.070	526.000
815.085	519.000
815.100	537.000
815.115	538.000
815.130	517.000
815.145	549.000
815.160	548.000
815.175	552.000
815.190	556.000
815.205	554.000
815.220	558.000
815.235	551.000
815.250	530.000
815.265	530.000
815.280	505.000
815.295	494.000
815.310	522.000
815.325	494.000
815.340	488.000
815.355	491.000
815.370	509.000
815.384	508.000
815.399	514.000
815.414	511.000
815.429	524.000
815.444	531.000
815.459	539.000
815.474	537.000
815.489	533.000
815.504	532.000
815.519	529.000
815.534	531.000
815.549	527.000
815.564	498.000
815.579	512.000
815.594	501.000
815.609	489.000
815.624	500.000
815.638	513.000
815.653	500.000
815.668	500.000
815.683	504.000
815.698	526.000
815.713	532.000
815.728	524.000
815.743	523.000
815.758	536.000
815.773	523.000
815.788	505.000
815.803	515.000
815.818	519.000
815.833	524.000
815.847	500.000
815.862	496.000
815.877	486.000
815.892	495.000
815.907	498.000
815.922	496.000
815.937	501.000
815.952	528.000
815.967	517.000
815.982	524.000
815.997	516.000
816.012	499.000
816.026	506.000
816.041	529.000
816.056	522.000
816.071	504.000
816.086	505.000
816.101	515.000
816.116	504.000
816.131	480.000
816.146	491.000
816.161	480.000
816.175	464.000
816.190	493.000
816.205	479.000
816.220	487.000
816.235	495.000
816.250	494.000
816.265	506.000
816.280	503.000
816.295	512.000
816.309	514.000
816.324	505.000
816.339	518.000
816.354	504.000
816.369	510.000
816.384	501.000
816.399	480.000
816.414	492.000
816.429	479.000
816.443	458.000
816.458	462.000
816.473	467.000
816.488	481.000
816.503	458.000
816.518	479.000
816.533	503.000
816.548	482.000
816.562	496.000
816.577	497.000
816.592	515.000
816.607	503.000
816.622	512.000
816.637	508.000
816.652	504.000
816.667	486.000
816.681	472.000
816.696	476.000
816.711	479.000
816.726	472.000
816.741	480.000
816.756	468.000
816.771	453.000
816.785	478.000
816.800	464.000
816.815	477.000
816.830	498.000
816.845	490.000
816.860	480.000
816.875	498.000
816.889	491.000
816.904	501.000
816.919	483.000
816.934	489.000
816.949	485.000
816.964	469.000
816.978	472.000
816.993	458.000
817.008	469.000
817.023	478.000
817.038	473.000
817.053	469.000
817.068	464.000
817.082	470.000
817.097	468.000
817.112	485.000
817.127	475.000
817.142	498.000
817.157	476.000
817.171	511.000
817.186	492.000
817.201	478.000
817.216	486.000
817.231	468.000
817.246	465.000
817.260	458.000
817.275	471.000
817.290	470.000
817.305	455.000
817.320	466.000
817.334	450.000
817.349	458.000
817.364	461.000
817.379	467.000
817.394	470.000
817.409	473.000
817.423	472.000
817.438	488.000
817.453	478.000
817.468	489.000
817.483	489.000
817.497	470.000
817.512	479.000
817.527	464.000
817.542	451.000
817.557	457.000
817.571	441.000
817.586	450.000
817.601	471.000
817.616	463.000
817.631	453.000
817.645	460.000
817.660	460.000
817.675	466.000
817.690	463.000
817.705	462.000
817.719	478.000
817.734	491.000
817.749	492.000
817.764	484.000
817.779	487.000
817.793	483.000
817.808	466.000
817.823	461.000
817.838	445.000
817.853	445.000
817.867	450.000
817.882	455.000
817.897	464.000
817.912	468.000
817.926	462.000
817.941	458.000
817.956	460.000
817.971	452.000
817.986	473.000
818.000	480.000
818.015	506.000
818.030	513.000
818.045	498.000
818.059	494.000
818.074	474.000
818.089	478.000
818.104	484.000
818.119	476.000
818.133	467.000
818.148	454.000
818.163	500.000
818.178	466.000
818.192	475.000
818.207	472.000
818.222	466.000
818.237	475.000
818.251	478.000
818.266	490.000
818.281	500.000
818.296	501.000
818.310	526.000
818.325	506.000
818.340	482.000
818.355	478.000
818.369	481.000
818.384	467.000
818.399	458.000
818.414	467.000
818.428	468.000
818.443	465.000
818.458	462.000
818.473	466.000
818.487	467.000
818.502	472.000
818.517	489.000
818.532	484.000
818.546	485.000
818.561	506.000
818.576	509.000
818.591	514.000
818.605	513.000
818.620	515.000
818.635	488.000
818.649	482.000
818.664	473.000
818.679	483.000
818.694	476.000
818.708	478.000
818.723	481.000
818.738	488.000
818.753	488.000
818.767	517.000
818.782	485.000
818.797	502.000
818.811	508.000
818.826	497.000
818.841	508.000
818.856	538.000
818.870	533.000
818.885	532.000
818.900	535.000
818.914	522.000
818.929	502.000
818.944	513.000
818.959	506.000
818.973	522.000
818.988	500.000
819.003	523.000
819.017	509.000
819.032	517.000
819.047	520.000
819.062	518.000
819.076	522.000
819.091	546.000
819.106	540.000
819.120	562.000
819.135	556.000
819.150	578.000
819.164	566.000
819.179	581.000
819.194	571.000
819.209	576.000
819.223	581.000
819.238	555.000
819.253	595.000
819.267	575.000
819.282	570.000
819.297	579.000
819.311	576.000
819.326	580.000
819.341	604.000
819.355	608.000
819.370	616.000
819.385	636.000
819.399	624.000
819.414	644.000
819.429	644.000
819.444	647.000
819.458	644.000
819.473	672.000
819.488	666.000
819.502	658.000
819.517	644.000
819.532	653.000
819.546	634.000
819.561	632.000
819.576	651.000
819.590	649.000
819.605	644.000
819.620	644.000
819.634	650.000
819.649	650.000
819.664	682.000
819.678	668.000
819.693	680.000
819.708	702.000
819.722	693.000
819.737	675.000
819.752	677.000
819.766	679.000
819.781	652.000
819.795	642.000
819.810	638.000
819.825	638.000
819.839	628.000
819.854	643.000
819.869	637.000
819.883	720.000
819.898	778.000
819.913	635.000
819.927	636.000
819.942	654.000
819.957	644.000
819.971	656.000
819.986	658.000
820.001	656.000
820.015	680.000
820.030	644.000
820.044	659.000
820.059	649.000
820.074	638.000
820.088	640.000
820.103	628.000
820.118	645.000
820.132	627.000
820.147	624.000
820.161	647.000
820.176	638.000
820.191	652.000
820.205	657.000
820.220	830.000
820.235	680.000
820.249	661.000
820.264	681.000
820.278	692.000
820.293	688.000
820.308	698.000
820.322	678.000
820.337	690.000
820.352	700.000
820.366	714.000
820.381	708.000
820.395	685.000
820.410	692.000
820.425	692.000
820.439	729.000
820.454	741.000
820.468	738.000
820.483	744.000
820.498	772.000
820.512	773.000
820.527	765.000
820.541	816.000
820.556	814.000
820.571	816.000
820.585	838.000
820.600	836.000
820.614	854.000
820.629	860.000
820.644	872.000
820.658	855.000
820.673	870.000
820.687	888.000
820.702	872.000
820.717	892.000
820.731	901.000
820.746	897.000
820.760	902.000
820.775	907.000
820.790	928.000
820.804	936.000
820.819	936.000
820.833	936.000
820.848	962.000
820.862	939.000
820.877	945.000
820.892	935.000
820.906	913.000
820.921	941.000
820.935	924.000
820.950	896.000
820.964	866.000
820.979	876.000
820.994	876.000
821.008	882.000
821.023	871.000
821.037	819.000
821.052	855.000
821.066	829.000
821.081	816.000
821.096	796.000
821.110	805.000
821.125	782.000
821.139	794.000
821.154	767.000
821.168	764.000
821.183	729.000
821.197	745.000
821.212	716.000
821.227	704.000
821.241	682.000
821.256	688.000
821.270	660.000
821.285	647.000
821.299	638.000
821.314	640.000
821.328	640.000
821.343	622.000
821.357	613.000
821.372	600.000
821.387	599.000
821.401	580.000
821.416	569.000
821.430	582.000
821.445	577.000
821.459	562.000
821.474	558.000
821.488	527.000
821.503	518.000
821.517	519.000
821.532	516.000
821.546	510.000
821.561	484.000
821.576	488.000
821.590	475.000
821.605	483.000
821.619	484.000
821.634	460.000
821.648	479.000
821.663	463.000
821.677	455.000
821.692	452.000
821.706	457.000
821.721	431.000
821.735	446.000
821.750	439.000
821.764	438.000
821.779	420.000
821.793	428.000
821.808	413.000
821.822	402.000
821.837	386.000
821.851	388.000
821.866	395.000
821.880	380.000
821.895	384.000
821.909	388.000
821.924	387.000
821.938	380.000
821.953	399.000
821.967	377.000
821.982	362.000
821.996	388.000
822.011	379.000
822.025	380.000
822.040	375.000
822.054	364.000
822.069	356.000
822.083	352.000
822.098	344.000
822.112	351.000
822.127	343.000
822.141	328.000
822.156	333.000
822.170	339.000
822.185	332.000
822.199	332.000
822.214	366.000
822.228	332.000
822.243	327.000
822.257	333.000
822.272	332.000
822.286	344.000
822.301	326.000
822.315	321.000
822.330	335.000
822.344	327.000
822.359	312.000
822.373	319.000
822.388	317.000
822.402	298.000
822.416	291.000
822.431	308.000
822.445	289.000
822.460	293.000
822.474	298.000
822.489	301.000
822.503	292.000
822.518	304.000
822.532	298.000
822.547	297.000
822.561	295.000
822.576	300.000
822.590	290.000
822.605	299.000
822.619	302.000
822.633	302.000
822.648	288.000
822.662	286.000
822.677	285.000
822.691	276.000
822.706	286.000
822.720	280.000
822.735	274.000
822.749	278.000
822.763	277.000
822.778	269.000
822.792	273.000
822.807	280.000
822.821	278.000
822.836	274.000
822.850	294.000
822.865	292.000
822.879	282.000
822.893	283.000
822.908	283.000
822.922	276.000
822.937	271.000
822.951	272.000
822.966	264.000
822.980	264.000
822.994	262.000
823.009	246.000
823.023	248.000
823.038	254.000
823.052	251.000
823.067	261.000
823.081	274.000
823.095	260.000
823.110	268.000
823.124	268.000
823.139	266.000
823.153	268.000
823.168	268.000
823.182	272.000
823.196	276.000
823.211	266.000
823.225	259.000
823.240	258.000
823.254	254.000
823.268	255.000
823.283	251.000
823.297	238.000
823.312	254.000
823.326	260.000
823.340	241.000
823.355	246.000
823.369	256.000
823.384	247.000
823.398	249.000
823.412	244.000
823.427	249.000
823.441	261.000
823.456	252.000
823.470	263.000
823.484	262.000
823.499	255.000
823.513	250.000
823.528	254.000
823.542	250.000
823.556	240.000
823.571	230.000
823.585	233.000
823.600	236.000
823.614	231.000
823.628	236.000
823.643	234.000
823.657	239.000
823.671	232.000
823.686	248.000
823.700	250.000
823.715	257.000
823.729	258.000
823.743	248.000
823.758	249.000
823.772	254.000
823.786	242.000
823.801	271.000
823.815	244.000
823.830	232.000
823.844	227.000
823.858	225.000
823.873	220.000
823.887	230.000
823.901	220.000
823.916	228.000
823.930	233.000
823.945	228.000
823.959	233.000
823.973	242.000
823.988	237.000
824.002	247.000
824.016	250.000
824.031	244.000
824.045	250.000
824.059	240.000
824.074	241.000
824.088	239.000
824.102	224.000
824.117	227.000
824.131	223.000
824.145	228.000
824.160	213.000
824.174	222.000
824.188	234.000
824.203	219.000
824.217	226.000
824.232	232.000
824.246	225.000
824.260	228.000
824.275	236.000
824.289	228.000
824.303	234.000
824.318	241.000
824.332	240.000
824.346	237.000
824.361	229.000
824.375	236.000
824.389	231.000
824.404	221.000
824.418	228.000
824.432	214.000
824.446	227.000
824.461	222.000
824.475	231.000
824.489	222.000
824.504	217.000
824.518	221.000
824.532	223.000
824.547	225.000
824.561	224.000
824.575	222.000
824.590	234.000
824.604	272.000
824.618	232.000
824.633	222.000
824.647	228.000
824.661	228.000
824.676	226.000
824.690	243.000
824.704	227.000
824.718	216.000
824.733	207.000
824.747	206.000
824.761	212.000
824.776	241.000
824.791	237.000
824.806	251.000
824.821	261.000
824.836	244.000
824.851	252.000
824.866	250.000
824.880	239.000
824.895	237.000
824.910	230.000
824.925	224.000
824.940	235.000
824.955	226.000
824.970	224.000
824.985	222.000
825.000	238.000
825.014	240.000
825.029	221.000
825.044	238.000
825.059	240.000
825.074	244.000
825.089	254.000
825.104	246.000
825.119	244.000
825.134	240.000
825.148	244.000
825.163	245.000
825.178	228.000
825.193	226.000
825.208	219.000
825.223	218.000
825.238	212.000
825.253	232.000
825.267	229.000
825.282	224.000
825.297	220.000
825.312	236.000
825.327	227.000
825.342	230.000
825.357	239.000
825.372	231.000
825.386	236.000
825.401	249.000
825.416	246.000
825.431	235.000
825.446	236.000
825.461	231.000
825.476	224.000
825.490	230.000
825.505	219.000
825.520	220.000
825.535	233.000
825.550	220.000
825.565	216.000
825.580	229.000
825.594	220.000
825.609	226.000
825.624	229.000
825.639	227.000
825.654	232.000
825.669	234.000
825.683	239.000
825.698	235.000
825.713	233.000
825.728	231.000
825.743	230.000
825.758	232.000
825.773	217.000
825.787	222.000
825.802	227.000
825.817	219.000
825.832	218.000
825.847	227.000
825.862	226.000
825.876	225.000
825.891	214.000
825.906	226.000
825.921	224.000
825.936	232.000
825.951	210.000
825.965	225.000
825.980	229.000
825.995	224.000
826.010	225.000
826.025	227.000
826.039	217.000
826.054	226.000
826.069	218.000
826.084	218.000
826.099	232.000
826.114	215.000
826.128	224.000
826.143	217.000
826.158	230.000
826.173	223.000
826.188	214.000
826.202	222.000
826.217	212.000
826.232	221.000
826.247	223.000
826.262	222.000
826.276	240.000
826.291	220.000
826.306	226.000
826.321	223.000
826.336	218.000
826.351	225.000
826.365	215.000
826.380	220.000
826.395	212.000
826.410	214.000
826.425	214.000
826.439	220.000
826.454	215.000
826.469	210.000
826.484	212.000
826.498	228.000
826.513	218.000
826.528	219.000
826.543	222.000
826.558	219.000
826.572	220.000
826.587	223.000
826.602	218.000
826.617	226.000
826.632	212.000
826.646	220.000
826.661	212.000
826.676	224.000
826.691	206.000
826.705	214.000
826.720	205.000
826.735	206.000
826.750	209.000
826.765	216.000
826.779	222.000
826.794	220.000
826.809	239.000
826.824	214.000
826.838	222.000
826.853	222.000
826.868	222.000
826.883	222.000
826.897	228.000
826.912	216.000
826.927	216.000
826.942	207.000
826.957	210.000
826.971	193.000
826.986	220.000
827.001	221.000
827.016	200.000
827.030	242.000
827.045	202.000
827.060	208.000
827.075	203.000
827.089	212.000
827.104	206.000
827.119	214.000
827.134	212.000
827.148	210.000
827.163	213.000
827.178	213.000
827.193	218.000
827.207	212.000
827.222	198.000
827.237	213.000
827.252	198.000
827.266	196.000
827.281	208.000
827.296	196.000
827.311	200.000
827.325	200.000
827.340	201.000
827.355	207.000
827.369	202.000
827.384	206.000
827.399	207.000
827.414	211.000
827.428	215.000
827.443	226.000
827.458	224.000
827.473	228.000
827.487	215.000
827.502	218.000
827.517	203.000
827.531	195.000
827.546	200.000
827.561	201.000
827.576	199.000
827.590	199.000
827.605	206.000
827.620	196.000
827.634	193.000
827.649	189.000
827.664	198.000
827.679	200.000
827.693	204.000
827.708	212.000
827.723	210.000
827.737	214.000
827.752	220.000
827.767	217.000
827.782	212.000
827.796	209.000
827.811	215.000
827.826	193.000
827.840	192.000
827.855	216.000
827.870	192.000
827.885	201.000
827.899	197.000
827.914	191.000
827.929	214.000
827.943	206.000
827.958	206.000
827.973	210.000
827.987	209.000
828.002	210.000
828.017	221.000
828.031	209.000
828.046	212.000
828.061	208.000
828.076	208.000
828.090	206.000
828.105	209.000
828.120	202.000
828.134	206.000
828.149	192.000
828.164	192.000
828.178	196.000
828.193	197.000
828.208	209.000
828.222	202.000
828.237	226.000
828.252	210.000
828.266	206.000
828.281	202.000
828.296	213.000
828.310	211.000
828.325	204.000
828.340	209.000
828.354	200.000
828.369	212.000
828.384	210.000
828.398	198.000
828.413	198.000
828.428	200.000
828.442	194.000
828.457	196.000
828.472	203.000
828.486	192.000
828.501	210.000
828.516	204.000
828.530	209.000
828.545	198.000
828.560	204.000
828.574	194.000
828.589	198.000
828.604	204.000
828.618	202.000
828.633	212.000
828.648	206.000
828.662	204.000
828.677	211.000
828.691	208.000
828.706	197.000
828.721	204.000
828.735	206.000
828.750	196.000
828.765	195.000
828.779	200.000
828.794	190.000
828.809	191.000
828.823	199.000
828.838	205.000
828.853	205.000
828.867	198.000
828.882	202.000
828.896	213.000
828.911	208.000
828.926	202.000
828.940	206.000
828.955	209.000
828.970	200.000
828.984	203.000
828.999	206.000
829.013	200.000
829.028	196.000
829.043	204.000
829.057	199.000
829.072	191.000
829.087	202.000
829.101	194.000
829.116	204.000
829.130	204.000
829.145	199.000
829.160	192.000
829.174	198.000
829.189	205.000
829.203	205.000
829.218	202.000
829.233	213.000
829.247	202.000
829.262	204.000
829.276	194.000
829.291	196.000
829.306	188.000
829.320	193.000
829.335	193.000
829.349	192.000
829.364	197.000
829.379	197.000
829.393	195.000
829.408	194.000
829.422	198.000
829.437	187.000
829.452	194.000
829.466	197.000
829.481	196.000
829.495	199.000
829.510	201.000
829.525	203.000
829.539	191.000
829.554	199.000
829.568	190.000
829.583	186.000
829.598	190.000
829.612	186.000
829.627	193.000
829.641	183.000
829.656	198.000
829.670	198.000
829.685	189.000
829.700	197.000
829.714	192.000
829.729	217.000
829.743	189.000
829.758	198.000
829.772	198.000
829.787	197.000
829.802	195.000
829.816	196.000
829.831	198.000
829.845	191.000
829.860	182.000
829.874	191.000
829.889	220.000
829.904	202.000
829.918	183.000
829.933	179.000
829.947	194.000
829.962	180.000
829.976	185.000
829.991	182.000
830.005	188.000
830.020	186.000
830.035	184.000
830.049	192.000
830.064	191.000
830.078	184.000
830.093	200.000
830.107	186.000
830.122	190.000
830.136	189.000
830.151	191.000
830.166	194.000
830.180	188.000
830.195	179.000
830.209	182.000
830.224	180.000
830.238	190.000
830.253	186.000
830.267	186.000
830.282	182.000
830.296	192.000
830.311	182.000
830.325	179.000
830.340	178.000
830.355	186.000
830.369	188.000
830.384	189.000
830.398	192.000
830.413	188.000
830.427	180.000
830.442	185.000
830.456	186.000
830.471	192.000
830.485	185.000
830.500	183.000
830.514	179.000
830.529	181.000
830.543	178.000
830.558	176.000
830.572	178.000
830.587	183.000
830.601	190.000
830.616	181.000
830.630	180.000
830.645	182.000
830.659	177.000
830.674	186.000
830.688	183.000
830.703	191.000
830.718	220.000
830.732	182.000
830.747	175.000
830.761	178.000
830.776	178.000
830.790	182.000
830.805	186.000
830.819	188.000
830.834	177.000
830.848	174.000
830.863	178.000
830.877	177.000
830.892	186.000
830.906	184.000
830.921	184.000
830.935	186.000
830.949	193.000
830.964	182.000
830.978	181.000
830.993	184.000
831.007	184.000
831.022	183.000
831.036	183.000
831.051	177.000
831.065	175.000
831.080	190.000
831.094	182.000
831.109	183.000
831.123	170.000
831.138	180.000
831.152	186.000
831.167	178.000
831.181	175.000
831.196	176.000
831.210	176.000
831.225	186.000
831.239	172.000
831.254	181.000
831.268	182.000
831.283	182.000
831.297	192.000
831.311	180.000
831.326	184.000
831.340	176.000
831.355	188.000
831.369	178.000
831.384	178.000
831.398	181.000
831.413	179.000
831.427	178.000
831.442	176.000
831.456	184.000
831.471	167.000
831.485	170.000
831.499	178.000
831.514	192.000
831.528	174.000
831.543	181.000
831.557	179.000
831.572	179.000
831.586	184.000
831.601	188.000
831.615	180.000
831.629	181.000
831.644	182.000
831.658	182.000
831.673	172.000
831.687	182.000
831.702	182.000
831.716	192.000
831.731	178.000
831.745	174.000
831.759	178.000
831.774	176.000
831.788	174.000
831.803	170.000
831.817	174.000
831.832	180.000
831.846	187.000
831.860	190.000
831.875	193.000
831.889	179.000
831.904	190.000
831.918	186.000
831.933	179.000
831.947	171.000
831.961	180.000
831.976	178.000
831.990	192.000
832.005	183.000
832.019	170.000
832.033	172.000
832.048	172.000
832.062	172.000
832.077	186.000
832.091	190.000
832.106	173.000
832.120	183.000
832.134	182.000
832.149	190.000
832.163	181.000
832.178	183.000
832.192	182.000
832.206	178.000
832.221	181.000
832.235	198.000
832.250	182.000
832.264	170.000
832.278	168.000
832.293	170.000
832.307	169.000
832.322	176.000
832.336	175.000
832.350	174.000
832.365	174.000
832.379	169.000
832.394	177.000
832.408	179.000
832.422	182.000
832.437	176.000
832.451	182.000
832.465	190.000
832.480	182.000
832.494	178.000
832.509	175.000
832.523	180.000
832.537	172.000
832.552	179.000
832.566	176.000
832.581	173.000
832.595	182.000
832.609	172.000
832.624	166.000
832.638	174.000
832.652	169.000
832.667	171.000
832.681	178.000
832.696	173.000
832.710	174.000
832.724	176.000
832.739	164.000
832.753	181.000
832.767	167.000
832.782	173.000
832.796	176.000
832.810	173.000
832.825	176.000
832.839	174.000
832.853	170.000
832.868	176.000
832.882	174.000
832.897	168.000
832.911	171.000
832.925	170.000
832.940	170.000
832.954	172.000
832.968	193.000
832.983	181.000
832.997	163.000
833.011	170.000
833.026	177.000
833.040	196.000
833.054	189.000
833.069	186.000
833.083	184.000
833.097	197.000
833.112	166.000
833.126	181.000
833.140	164.000
833.155	174.000
833.169	176.000
833.183	164.000
833.198	166.000
833.212	166.000
833.226	170.000
833.241	180.000
833.255	164.000
833.269	159.000
833.284	172.000
833.298	161.000
833.312	172.000
833.327	169.000
833.341	178.000
833.355	176.000
833.370	175.000
833.384	172.000
833.398	178.000
833.413	177.000
833.427	172.000
833.441	188.000
833.456	174.000
833.470	166.000
833.484	166.000
833.499	178.000
833.513	162.000
833.527	158.000
833.542	162.000
833.556	176.000
833.570	178.000
833.584	164.000
833.599	167.000
833.613	169.000
833.627	166.000
833.642	176.000
833.656	178.000
833.670	185.000
833.685	171.000
833.699	174.000
833.713	178.000
833.727	177.000
833.742	172.000
833.756	170.000
833.770	172.000
833.785	171.000
833.799	163.000
833.813	171.000
833.827	164.000
833.842	160.000
833.856	165.000
833.870	168.000
833.885	165.000
833.899	169.000
833.913	186.000
833.927	170.000
833.942	172.000
833.956	167.000
833.970	170.000
833.985	170.000
833.999	169.000
834.013	172.000
834.027	170.000
834.042	176.000
834.056	164.000
834.070	161.000
834.085	170.000
834.099	164.000
834.113	170.000
834.127	165.000
834.142	166.000
834.156	182.000
834.170	174.000
834.184	170.000
834.199	170.000
834.213	164.000
834.227	164.000
834.241	174.000
834.256	177.000
834.270	178.000
834.284	180.000
834.298	175.000
834.313	168.000
834.327	172.000
834.341	172.000
834.355	160.000
834.370	152.000
834.384	167.000
834.398	168.000
834.412	168.000
834.427	161.000
834.441	160.000
834.455	164.000
834.469	165.000
834.484	161.000
834.498	166.000
834.512	162.000
834.526	165.000
834.541	162.000
834.555	172.000
834.569	168.000
834.583	172.000
834.598	167.000
834.612	165.000
834.626	166.000
834.640	162.000
834.655	164.000
834.669	168.000
834.683	154.000
834.697	168.000
834.711	158.000
834.726	171.000
834.740	162.000
834.754	163.000
834.768	164.000
834.783	170.000
834.797	169.000
834.811	173.000
834.825	191.000
834.839	160.000
834.854	174.000
834.868	169.000
834.882	167.000
834.896	172.000
834.910	164.000
834.925	175.000
834.939	168.000
834.953	171.000
834.967	160.000
834.982	158.000
834.996	167.000
835.010	162.000
835.024	168.000
835.038	160.000
835.053	170.000
835.067	184.000
835.081	163.000
835.095	166.000
835.109	174.000
835.124	177.000
835.138	168.000
835.152	169.000
835.166	168.000
835.180	166.000
835.195	168.000
835.209	164.000
835.223	164.000
835.237	170.000
835.251	163.000
835.265	163.000
835.280	163.000
835.294	163.000
835.308	164.000
835.322	162.000
835.336	162.000
835.351	166.000
835.365	173.000
835.379	173.000
835.393	166.000
835.407	170.000
835.421	169.000
835.436	169.000
835.450	169.000
835.464	162.000
835.478	161.000
835.492	176.000
835.506	173.000
835.521	167.000
835.535	168.000
835.549	157.000
835.563	165.000
835.577	165.000
835.591	171.000
835.606	160.000
835.620	156.000
835.634	164.000
835.648	160.000
835.662	168.000
835.676	157.000
835.691	168.000
835.705	173.000
835.719	162.000
835.733	166.000
835.747	170.000
835.761	162.000
835.775	168.000
835.790	162.000
835.804	168.000
835.818	166.000
835.832	155.000
835.846	170.000
835.860	170.000
835.874	170.000
835.889	155.000
835.903	162.000
835.917	169.000
835.931	166.000
835.945	162.000
835.959	157.000
835.973	162.000
835.988	161.000
836.002	160.000
836.016	160.000
836.030	162.000
836.044	160.000
836.058	165.000
836.072	163.000
836.086	166.000
836.101	159.000
836.115	164.000
836.129	162.000
836.143	158.000
836.157	166.000
836.171	173.000
836.185	167.000
836.199	163.000
836.214	160.000
836.228	162.000
836.242	163.000
836.256	146.000
836.270	150.000
836.284	157.000
836.298	163.000
836.312	159.000
836.326	158.000
836.341	170.000
836.355	162.000
836.369	164.000
836.383	166.000
836.397	173.000
836.411	160.000
836.425	158.000
836.439	158.000
836.453	164.000
836.468	156.000
836.482	168.000
836.496	164.000
836.510	156.000
836.524	158.000
836.538	171.000
836.552	160.000
836.566	156.000
836.580	157.000
836.594	160.000
836.608	160.000
836.623	162.000
836.637	168.000
836.651	159.000
836.665	156.000
836.679	161.000
836.693	162.000
836.707	174.000
836.721	166.000
836.735	162.000
836.749	162.000
836.763	161.000
836.777	176.000
836.792	161.000
836.806	158.000
836.820	154.000
836.834	152.000
836.848	157.000
836.862	155.000
836.876	161.000
836.890	159.000
836.904	152.000
836.918	161.000
836.932	166.000
836.946	160.000
836.960	157.000
836.974	155.000
836.988	161.000
837.003	165.000
837.017	168.000
837.031	199.000
837.045	165.000
837.059	158.000
837.073	155.000
837.087	162.000
837.101	148.000
837.115	158.000
837.129	155.000
837.143	160.000
837.157	152.000
837.171	155.000
837.185	160.000
837.199	154.000
837.213	151.000
837.227	154.000
837.241	159.000
837.255	164.000
837.269	158.000
837.283	156.000
837.298	161.000
837.312	162.000
837.326	160.000
837.340	157.000
837.354	149.000
837.368	155.000
837.382	154.000
837.396	153.000
837.410	143.000
837.424	149.000
837.438	154.000
837.452	150.000
837.466	153.000
837.480	156.000
837.494	152.000
837.508	157.000
837.522	156.000
837.536	156.000
837.550	149.000
837.564	152.000
837.578	155.000
837.592	156.000
837.606	155.000
837.620	156.000
837.634	158.000
837.648	154.000
837.662	159.000
837.676	159.000
837.690	146.000
837.704	152.000
837.718	154.000
837.732	148.000
837.746	154.000
837.760	164.000
837.774	156.000
837.788	153.000
837.802	153.000
837.816	158.000
837.830	154.000
837.844	159.000
837.858	152.000
837.872	161.000
837.886	163.000
837.900	161.000
837.914	143.000
837.928	152.000
837.942	150.000
837.956	143.000
837.970	150.000
837.984	158.000
837.998	158.000
838.012	146.000
838.026	154.000
838.040	152.000
838.054	152.000
838.068	150.000
838.082	152.000
838.096	160.000
838.110	164.000
838.124	148.000
838.138	149.000
838.152	151.000
838.166	152.000
838.180	156.000
838.194	150.000
838.208	156.000
838.222	148.000
838.236	143.000
838.250	155.000
838.264	150.000
838.278	151.000
838.292	148.000
838.306	156.000
838.319	155.000
838.333	143.000
838.347	154.000
838.361	158.000
838.375	155.000
838.389	158.000
838.403	152.000
838.417	153.000
838.431	154.000
838.445	153.000
838.459	156.000
838.473	146.000
838.487	155.000
838.501	159.000
838.515	147.000
838.529	152.000
838.543	150.000
838.557	159.000
838.571	173.000
838.585	152.000
838.599	145.000
838.612	154.000
838.626	147.000
838.640	147.000
838.654	146.000
838.668	149.000
838.682	150.000
838.696	151.000
838.710	148.000
838.724	150.000
838.738	151.000
838.752	154.000
838.766	153.000
838.780	149.000
838.794	149.000
838.808	150.000
838.821	154.000
838.835	153.000
838.849	153.000
838.863	149.000
838.877	161.000
838.891	154.000
838.905	146.000
838.919	148.000
838.933	148.000
838.947	149.000
838.961	142.000
838.975	149.000
838.988	156.000
839.002	150.000
839.016	148.000
839.030	160.000
839.044	148.000
839.058	150.000
839.072	142.000
839.086	152.000
839.100	143.000
839.114	143.000
839.128	156.000
839.141	151.000
839.155	152.000
839.169	154.000
839.183	144.000
839.197	148.000
839.211	153.000
839.225	156.000
839.239	157.000
839.253	145.000
839.266	150.000
839.280	142.000
839.294	146.000
839.308	160.000
839.322	150.000
839.336	152.000
839.350	180.000
839.364	144.000
839.378	154.000
839.391	147.000
839.405	152.000
839.419	148.000
839.433	172.000
839.447	148.000
839.461	139.000
839.475	144.000
839.489	143.000
839.502	138.000
