794.000	27992.000
794.016	26846.000
794.031	25662.000
794.047	24954.000
794.063	24262.000
794.079	24190.000
794.094	24108.000
794.110	24064.000
794.126	24376.000
794.142	24418.000
794.157	24590.000
794.173	24972.000
794.189	25826.000
794.204	26618.000
794.220	26944.000
794.236	27144.000
794.252	26890.000
794.267	26008.000
794.283	25038.000
794.299	24486.000
794.314	23556.000
794.330	23482.000
794.346	23170.000
794.362	23066.000
794.377	23210.000
794.393	23150.000
794.409	23386.000
794.424	23934.000
794.440	24370.000
794.456	24900.000
794.472	25912.000
794.487	25918.000
794.503	25976.000
794.519	25570.000
794.534	24890.000
794.550	23920.000
794.566	23238.000
794.581	22930.000
794.597	22318.000
794.613	22128.000
794.629	22158.000
794.644	22056.000
794.660	22236.000
794.676	22610.000
794.691	23016.000
794.707	23816.000
794.723	24662.000
794.738	25124.000
794.754	25094.000
794.770	25054.000
794.785	24670.000
794.801	23766.000
794.817	22872.000
794.832	22110.000
794.848	21594.000
794.864	21264.000
794.880	21114.000
794.895	21046.000
794.911	21082.000
794.927	20928.000
794.942	21278.000
794.958	22020.000
794.974	22736.000
794.989	23746.000
795.005	23938.000
795.021	23894.000
795.036	23756.000
795.052	23218.000
795.068	22360.000
795.083	21784.000
795.099	20940.000
795.115	20726.000
795.130	20548.000
795.146	20100.000
795.162	20282.000
795.177	20594.000
795.193	20678.000
795.209	21052.000
795.224	21518.000
795.240	22162.000
795.256	22818.000
795.271	22792.000
795.287	22816.000
795.303	22630.000
795.318	21738.000
795.334	20932.000
795.350	20412.000
795.365	20238.000
795.381	20204.000
795.396	20142.000
795.412	19476.000
795.428	19626.000
795.443	20054.000
795.459	19996.000
795.475	20136.000
795.490	20856.000
795.506	21452.000
795.522	21590.000
795.537	21816.000
795.553	21706.000
795.569	21240.000
795.584	20890.000
795.600	20004.000
795.615	19340.000
795.631	19438.000
795.647	19040.000
795.662	18842.000
795.678	18848.000
795.694	18962.000
795.709	18920.000
795.725	19294.000
795.741	19646.000
795.756	19752.000
795.772	20362.000
795.787	20568.000
795.803	20924.000
795.819	20772.000
795.834	20220.000
795.850	19858.000
795.866	19394.000
795.881	18946.000
795.897	18556.000
795.912	18394.000
795.928	18406.000
795.944	18246.000
795.959	18106.000
795.975	18326.000
795.990	18192.000
796.006	18556.000
796.022	18714.000
796.037	19458.000
796.053	19546.000
796.068	19932.000
796.084	19944.000
796.100	19770.000
796.115	19308.000
796.131	18636.000
796.147	17960.000
796.162	18062.000
796.178	17592.000
796.193	17456.000
796.209	17482.000
796.225	17564.000
796.240	17358.000
796.256	17698.000
796.271	17772.000
796.287	18072.000
796.303	18668.000
796.318	19090.000
796.334	19150.000
796.349	19390.000
796.365	18908.000
796.380	18596.000
796.396	17942.000
796.412	17448.000
796.427	16818.000
796.443	16930.000
796.458	16640.000
796.474	16894.000
796.490	16822.000
796.505	17100.000
796.521	17024.000
796.536	17252.000
796.552	17720.000
796.567	18216.000
796.583	18544.000
796.599	18340.000
796.614	18418.000
796.630	17856.000
796.645	17460.000
796.661	17004.000
796.676	16628.000
796.692	16406.000
796.708	15996.000
796.723	16152.000
796.739	16006.000
796.754	15970.000
796.770	16322.000
796.785	16446.000
796.801	16614.000
796.817	17132.000
796.832	17292.000
796.848	17684.000
796.863	17574.000
796.879	17466.000
796.894	17036.000
796.910	16558.000
796.925	16336.000
796.941	15856.000
796.957	15738.000
796.972	15502.000
796.988	15412.000
797.003	15628.000
797.019	15496.000
797.034	15628.000
797.050	15756.000
797.065	15924.000
797.081	16354.000
797.097	16342.000
797.112	16718.000
797.128	16776.000
797.143	16666.000
797.159	16188.000
797.174	16240.000
797.190	15684.000
797.205	15252.000
797.221	15132.000
797.236	15088.000
797.252	15016.000
797.267	14938.000
797.283	15144.000
797.299	15124.000
797.314	15196.000
797.330	15322.000
797.345	15546.000
797.361	15956.000
797.376	16226.000
797.392	16218.000
797.407	16056.000
797.423	15750.000
797.438	15322.000
797.454	14980.000
797.469	14792.000
797.485	14238.000
797.500	14446.000
797.516	14494.000
797.531	14370.000
797.547	14302.000
797.562	14328.000
797.578	14580.000
797.594	14536.000
797.609	15086.000
797.625	15710.000
797.640	15514.000
797.656	15500.000
797.671	15552.000
797.687	15174.000
797.702	14868.000
797.718	14404.000
797.733	14104.000
797.749	13850.000
797.764	13744.000
797.780	13722.000
797.795	13726.000
797.811	13548.000
797.826	13730.000
797.842	13942.000
797.857	14142.000
797.873	14258.000
797.888	14600.000
797.904	14662.000
797.919	14836.000
797.935	14862.000
797.950	14500.000
797.966	14136.000
797.981	14032.000
797.997	13714.000
798.012	13056.000
798.028	13196.000
798.043	13004.000
798.059	13004.000
798.074	13270.000
798.089	13224.000
798.105	13306.000
798.120	13718.000
798.136	13584.000
798.151	13816.000
798.167	14026.000
798.182	13998.000
798.198	14012.000
798.213	13798.000
798.229	13356.000
798.244	13290.000
798.260	12964.000
798.275	12834.000
798.291	12642.000
798.306	12688.000
798.322	12766.000
798.337	12558.000
798.353	12892.000
798.368	12740.000
798.383	12874.000
798.399	13040.000
798.414	13056.000
798.430	13320.000
798.445	13266.000
798.461	13200.000
798.476	13284.000
798.492	12760.000
798.507	12454.000
798.523	12344.000
798.538	12232.000
798.554	11966.000
798.569	11886.000
798.584	12146.000
798.600	12082.000
798.615	12034.000
798.631	12126.000
798.646	12406.000
798.662	12274.000
798.677	12728.000
798.693	12726.000
798.708	12614.000
798.724	12846.000
798.739	12630.000
798.754	12476.000
798.770	12126.000
798.785	12212.000
798.801	11640.000
798.816	11594.000
798.832	11362.000
798.847	11658.000
798.862	11476.000
798.878	11516.000
798.893	11566.000
798.909	11620.000
798.924	11748.000
798.940	12004.000
798.955	11956.000
798.970	12074.000
798.986	12080.000
799.001	11992.000
799.017	11972.000
799.032	11728.000
799.048	11398.000
799.063	11288.000
799.078	11094.000
799.094	11146.000
799.109	10966.000
799.125	11098.000
799.140	11060.000
799.156	11116.000
799.171	11210.000
799.186	11068.000
799.202	11458.000
799.217	11470.000
799.233	11626.000
799.248	11644.000
799.263	11448.000
799.279	11440.000
799.294	11142.000
799.310	10900.000
799.325	10948.000
799.341	10406.000
799.356	10466.000
799.371	10342.000
799.387	10574.000
799.402	10504.000
799.418	10600.000
799.433	10738.000
799.448	10892.000
799.464	10692.000
799.479	10966.000
799.495	11106.000
799.510	11172.000
799.525	11126.000
799.541	11066.000
799.556	10638.000
799.571	10518.000
799.587	10294.000
799.602	9892.000
799.618	9978.000
799.633	9902.000
799.648	10030.000
799.664	10008.000
799.679	10048.000
799.695	10182.000
799.710	9904.000
799.725	10318.000
799.741	10358.000
799.756	10224.000
799.771	10528.000
799.787	10730.000
799.802	10622.000
799.818	10296.000
799.833	10102.000
799.848	9874.000
799.864	9596.000
799.879	9700.000
799.894	9664.000
799.910	9582.000
799.925	9712.000
799.941	9736.000
799.956	9386.000
799.971	9580.000
799.987	9852.000
800.002	9914.000
800.017	9700.000
800.033	9816.000
800.048	9836.000
800.063	9804.000
800.079	9720.000
800.094	9584.000
800.110	9490.000
800.125	9406.000
800.140	9240.000
800.156	9136.000
800.171	9070.000
800.186	9210.000
800.202	9220.000
800.217	9140.000
800.232	9100.000
800.248	9362.000
800.263	9210.000
800.278	9302.000
800.294	9220.000
800.309	9394.000
800.324	9334.000
800.340	9196.000
800.355	9346.000
800.370	9160.000
800.386	8844.000
800.401	8812.000
800.417	8792.000
800.432	8762.000
800.447	8562.000
800.463	8720.000
800.478	8516.000
800.493	8714.000
800.509	8676.000
800.524	8742.000
800.539	9004.000
800.555	8842.000
800.570	8924.000
800.585	9022.000
800.600	8874.000
800.616	9036.000
800.631	8772.000
800.646	8626.000
800.662	8550.000
800.677	8222.000
800.692	8280.000
800.708	8216.000
800.723	8358.000
800.738	8186.000
800.754	8104.000
800.769	8142.000
800.784	8122.000
800.800	8308.000
800.815	8416.000
800.830	8656.000
800.846	8576.000
800.861	8618.000
800.876	8452.000
800.891	8450.000
800.907	8414.000
800.922	8252.000
800.937	8008.000
800.953	7986.000
800.968	7804.000
800.983	7774.000
800.999	7850.000
801.014	7884.000
801.029	7814.000
801.045	7730.000
801.060	8036.000
801.075	8092.000
801.090	8102.000
801.106	7954.000
801.121	8138.000
801.136	8052.000
801.152	7900.000
801.167	7758.000
801.182	7792.000
801.197	7644.000
801.213	7590.000
801.228	7488.000
801.243	7472.000
801.259	7384.000
801.274	7560.000
801.289	7644.000
801.304	7690.000
801.320	7500.000
801.335	7588.000
801.350	7710.000
801.366	7744.000
801.381	7588.000
801.396	7562.000
801.411	7688.000
801.427	7330.000
801.442	7254.000
801.457	7234.000
801.472	7166.000
801.488	7042.000
801.503	7156.000
801.518	7084.000
801.534	7206.000
801.549	7052.000
801.564	7190.000
801.579	7214.000
801.595	7154.000
801.610	7016.000
801.625	7254.000
801.640	7184.000
801.656	7322.000
801.671	7368.000
801.686	7190.000
801.701	7134.000
801.717	7082.000
801.732	6932.000
801.747	6714.000
801.762	6716.000
801.778	6684.000
801.793	6614.000
801.808	6774.000
801.823	6740.000
801.839	6738.000
801.854	6734.000
801.869	6672.000
801.884	6924.000
801.900	6872.000
801.915	6864.000
801.930	6968.000
801.945	6912.000
801.961	6934.000
801.976	6716.000
801.991	6786.000
802.006	6796.000
802.022	6402.000
802.037	6530.000
802.052	6382.000
802.067	6464.000
802.082	6558.000
802.098	6578.000
802.113	6368.000
802.128	6484.000
802.143	6440.000
802.159	6414.000
802.174	6572.000
802.189	6548.000
802.204	6596.000
802.220	6606.000
802.235	6554.000
802.250	6616.000
802.265	6284.000
802.280	6332.000
802.296	6314.000
802.311	6058.000
802.326	6020.000
802.341	6074.000
802.356	6236.000
802.372	6112.000
802.387	6122.000
802.402	6242.000
802.417	6146.000
802.433	6242.000
802.448	6466.000
802.463	6298.000
802.478	6188.000
802.493	6366.000
802.509	6252.000
802.524	5992.000
802.539	5934.000
802.554	5906.000
802.569	5860.000
802.585	5712.000
802.600	5752.000
802.615	5660.000
802.630	5810.000
802.645	5806.000
802.661	5724.000
802.676	6004.000
802.691	5940.000
802.706	6078.000
802.721	6136.000
802.736	6068.000
802.752	6002.000
802.767	5772.000
802.782	5820.000
802.797	5686.000
802.812	5396.000
802.828	5504.000
802.843	5370.000
802.858	5314.000
802.873	5444.000
802.888	5556.000
802.903	5516.000
802.919	5540.000
802.934	5554.000
802.949	5582.000
802.964	5500.000
802.979	5396.000
802.995	5638.000
803.010	5620.000
803.025	5668.000
803.040	5498.000
803.055	5562.000
803.070	5510.000
803.086	5402.000
803.101	5258.000
803.116	5288.000
803.131	5126.000
803.146	5292.000
803.161	5136.000
803.177	5158.000
803.192	5260.000
803.207	5234.000
803.222	5414.000
803.237	5350.000
803.252	5272.000
803.267	5406.000
803.283	5400.000
803.298	5326.000
803.313	5212.000
803.328	5262.000
803.343	5126.000
803.358	5048.000
803.374	5000.000
803.389	5088.000
803.404	4918.000
803.419	5042.000
803.434	4962.000
803.449	5130.000
803.464	5026.000
803.480	5186.000
803.495	4996.000
803.510	5138.000
803.525	5032.000
803.540	5138.000
803.555	5148.000
803.570	5112.000
803.585	5152.000
803.601	4918.000
803.616	4806.000
803.631	4786.000
803.646	4722.000
803.661	4772.000
803.676	4752.000
803.691	4562.000
803.706	4818.000
803.722	4772.000
803.737	4720.000
803.752	4772.000
803.767	4816.000
803.782	4926.000
803.797	4858.000
803.812	4998.000
803.827	4972.000
803.843	4914.000
803.858	4800.000
803.873	4728.000
803.888	4564.000
803.903	4566.000
803.918	4550.000
803.933	4484.000
803.948	4494.000
803.963	4480.000
803.979	4614.000
803.994	4494.000
804.009	4612.000
804.024	4644.000
804.039	4690.000
804.054	4610.000
804.069	4658.000
804.084	4728.000
804.099	4626.000
804.115	4536.000
804.130	4616.000
804.145	4508.000
804.160	4450.000
804.175	4272.000
804.190	4226.000
804.205	4320.000
804.220	4270.000
804.235	4364.000
804.250	4420.000
804.265	4474.000
804.281	4406.000
804.296	4364.000
804.311	4486.000
804.326	4318.000
804.341	4414.000
804.356	4440.000
804.371	4520.000
804.386	4346.000
804.401	4224.000
804.416	4288.000
804.431	4060.000
804.446	4040.000
804.461	4136.000
804.477	4162.000
804.492	4170.000
804.507	4074.000
804.522	4098.000
804.537	4210.000
804.552	4156.000
804.567	4166.000
804.582	4234.000
804.597	4162.000
804.612	4328.000
804.627	4192.000
804.642	4354.000
804.657	4106.000
804.672	4112.000
804.688	4114.000
804.703	3984.000
804.718	3960.000
804.733	4012.000
804.748	3924.000
804.763	3904.000
804.778	3974.000
804.793	4008.000
804.808	3942.000
804.823	3994.000
804.838	4018.000
804.853	4082.000
804.868	4048.000
804.883	4020.000
804.898	4142.000
804.913	4004.000
804.928	3972.000
804.943	3924.000
804.958	3948.000
804.973	3904.000
804.989	3766.000
805.004	3778.000
805.019	3702.000
805.034	3732.000
805.049	3728.000
805.064	3844.000
805.079	3798.000
805.094	3786.000
805.109	3826.000
805.124	3846.000
805.139	3770.000
805.154	3970.000
805.169	3934.000
805.184	3780.000
805.199	3810.000
805.214	3864.000
805.229	3796.000
805.244	3672.000
805.259	3706.000
805.274	3626.000
805.289	3638.000
805.304	3594.000
805.319	3674.000
805.334	3528.000
805.349	3644.000
805.364	3744.000
805.379	3714.000
805.394	3720.000
805.409	3688.000
805.424	3722.000
805.439	3820.000
805.454	3800.000
805.469	3762.000
805.484	3664.000
805.499	3482.000
805.514	3564.000
805.529	3410.000
805.544	3434.000
805.559	3414.000
805.574	3436.000
805.589	3524.000
805.604	3460.000
805.619	3538.000
805.634	3610.000
805.649	3592.000
805.664	3578.000
805.679	3548.000
805.694	3624.000
805.709	3606.000
805.724	3630.000
805.739	3508.000
805.754	3492.000
805.769	3334.000
805.784	3396.000
805.799	3292.000
805.814	3396.000
805.829	3378.000
805.844	3318.000
805.859	3388.000
805.874	3428.000
805.889	3392.000
805.904	3434.000
805.919	3442.000
805.934	3544.000
805.949	3388.000
805.964	3494.000
805.979	3462.000
805.994	3512.000
806.009	3380.000
806.024	3320.000
806.039	3280.000
806.054	3390.000
806.069	3202.000
806.084	3222.000
806.099	3374.000
806.114	3316.000
806.129	3416.000
806.144	3356.000
806.159	3278.000
806.174	3384.000
806.188	3352.000
806.203	3402.000
806.218	3328.000
806.233	3322.000
806.248	3310.000
806.263	3410.000
806.278	3316.000
806.293	3344.000
806.308	3316.000
806.323	3238.000
806.338	3240.000
806.353	3178.000
806.368	3160.000
806.383	3144.000
806.398	3156.000
806.413	3150.000
806.428	3258.000
806.443	3124.000
806.458	3060.000
806.473	3176.000
806.487	3152.000
806.502	3210.000
806.517	3134.000
806.532	3138.000
806.547	3192.000
806.562	3034.000
806.577	3080.000
806.592	3002.000
806.607	2936.000
806.622	3062.000
806.637	3068.000
806.652	2922.000
806.667	3018.000
806.682	2950.000
806.697	2956.000
806.711	2966.000
806.726	2962.000
806.741	3004.000
806.756	3056.000
806.771	3072.000
806.786	3176.000
806.801	3122.000
806.816	3078.000
806.831	2976.000
806.846	2892.000
806.861	2918.000
806.876	2904.000
806.890	2700.000
806.905	2846.000
806.920	2856.000
806.935	2866.000
806.950	2890.000
806.965	2844.000
806.980	2826.000
806.995	2832.000
807.010	2922.000
807.025	2916.000
807.040	2886.000
807.054	2922.000
807.069	2860.000
807.084	3016.000
807.099	2916.000
807.114	2848.000
807.129	2742.000
807.144	2820.000
807.159	2754.000
807.174	2832.000
807.189	2792.000
807.203	2734.000
807.218	2686.000
807.233	2728.000
807.248	2782.000
807.263	2712.000
807.278	2854.000
807.293	2860.000
807.308	2726.000
807.323	2744.000
807.337	2844.000
807.352	2878.000
807.367	2752.000
807.382	2704.000
807.397	2662.000
807.412	2644.000
807.427	2664.000
807.442	2536.000
807.456	2610.000
807.471	2668.000
807.486	2622.000
807.501	2678.000
807.516	2640.000
807.531	2614.000
807.546	2678.000
807.561	2658.000
807.575	2622.000
807.590	2730.000
807.605	2652.000
807.620	2632.000
807.635	2714.000
807.650	2592.000
807.665	2582.000
807.679	2502.000
807.694	2588.000
807.709	2580.000
807.724	2508.000
807.739	2644.000
807.754	2502.000
807.769	2554.000
807.783	2554.000
807.798	2458.000
807.813	2598.000
807.828	2658.000
807.843	2554.000
807.858	2608.000
807.872	2586.000
807.887	2596.000
807.902	2572.000
807.917	2580.000
807.932	2584.000
807.947	2530.000
807.962	2600.000
807.976	2456.000
807.991	2422.000
808.006	2392.000
808.021	2398.000
808.036	2362.000
808.051	2400.000
808.065	2570.000
808.080	2462.000
808.095	2440.000
808.110	2430.000
808.125	2496.000
808.140	2562.000
808.154	2490.000
808.169	2546.000
808.184	2470.000
808.199	2462.000
808.214	2444.000
808.228	2466.000
808.243	2348.000
808.258	2452.000
808.273	2378.000
808.288	2358.000
808.303	2352.000
808.317	2446.000
808.332	2392.000
808.347	2376.000
808.362	2362.000
808.377	2394.000
808.391	2378.000
808.406	2362.000
808.421	2428.000
808.436	2374.000
808.451	2332.000
808.465	2324.000
808.480	2358.000
808.495	2410.000
808.510	2314.000
808.525	2256.000
808.540	2198.000
808.554	2310.000
808.569	2364.000
808.584	2288.000
808.599	2380.000
808.613	2274.000
808.628	2274.000
808.643	2392.000
808.658	2342.000
808.673	2416.000
808.687	2428.000
808.702	2384.000
808.717	2346.000
808.732	2312.000
808.747	2296.000
808.761	2270.000
808.776	2262.000
808.791	2232.000
808.806	2228.000
808.821	2232.000
808.835	2314.000
808.850	2242.000
808.865	2308.000
808.880	2172.000
808.894	2232.000
808.909	2244.000
808.924	2264.000
808.939	2274.000
808.953	2300.000
808.968	2262.000
808.983	2310.000
808.998	2276.000
809.013	2216.000
809.027	2200.000
809.042	2244.000
809.057	2196.000
809.072	2126.000
809.086	2260.000
809.101	2220.000
809.116	2128.000
809.131	2130.000
809.145	2104.000
809.160	2182.000
809.175	2196.000
809.190	2162.000
809.204	2208.000
809.219	2192.000
809.234	2236.000
809.249	2238.000
809.263	2260.000
809.278	2214.000
809.293	2330.000
809.308	2070.000
809.322	2086.000
809.337	2114.000
809.352	2098.000
809.367	2102.000
809.381	2152.000
809.396	2102.000
809.411	2114.000
809.426	2182.000
809.440	2124.000
809.455	2076.000
809.470	2090.000
809.485	2082.000
809.499	2158.000
809.514	2190.000
809.529	2160.000
809.544	2108.000
809.558	2184.000
809.573	2092.000
809.588	2086.000
809.602	2132.000
809.618	2098.000
809.633	2146.000
809.648	2166.000
809.664	2148.000
809.679	2042.000
809.694	2094.000
809.710	2040.000
809.725	2070.000
809.740	2120.000
809.756	2090.000
809.771	2044.000
809.786	2120.000
809.802	2162.000
809.817	2176.000
809.832	2100.000
809.847	2122.000
809.863	2134.000
809.878	2012.000
809.893	1996.000
809.909	2042.000
809.924	1966.000
809.939	2020.000
809.955	2038.000
809.970	1902.000
809.985	1964.000
810.000	1928.000
810.016	2090.000
810.031	2092.000
810.046	2054.000
810.062	2038.000
810.077	2016.000
810.092	2100.000
810.108	2022.000
810.123	2030.000
810.138	2056.000
810.153	1962.000
810.169	2028.000
810.184	2024.000
810.199	1930.000
810.215	1960.000
810.230	1910.000
810.245	1964.000
810.260	1890.000
810.276	1918.000
810.291	1996.000
810.306	1896.000
810.321	1908.000
810.337	2032.000
810.352	1988.000
810.367	1904.000
810.383	2002.000
810.398	1898.000
810.413	1890.000
810.428	1874.000
810.444	1918.000
810.459	1884.000
810.474	1878.000
810.489	1954.000
810.505	1852.000
810.520	1896.000
810.535	1930.000
810.550	1912.000
810.566	1904.000
810.581	1842.000
810.596	1878.000
810.612	1870.000
810.627	1910.000
810.642	1814.000
810.657	1904.000
810.673	1892.000
810.688	1984.000
810.703	1856.000
810.718	1862.000
810.734	1870.000
810.749	1796.000
810.764	1758.000
810.779	1814.000
810.795	1880.000
810.810	1816.000
810.825	1760.000
810.840	1674.000
810.856	1834.000
810.871	1822.000
810.886	1824.000
810.901	1864.000
810.916	1902.000
810.932	1834.000
810.947	1904.000
810.962	1872.000
810.977	1782.000
810.993	1770.000
811.008	1778.000
811.023	1838.000
811.038	1788.000
811.054	1712.000
811.069	1712.000
811.084	1682.000
811.099	1750.000
811.114	1748.000
811.130	1670.000
811.145	1714.000
811.160	1758.000
811.175	1792.000
811.191	1778.000
811.206	1838.000
811.221	1816.000
811.236	1694.000
811.251	1736.000
811.267	1764.000
811.282	1748.000
811.297	1756.000
811.312	1670.000
811.328	1670.000
811.343	1628.000
811.358	1706.000
811.373	1672.000
811.388	1680.000
811.404	1702.000
811.419	1780.000
811.434	1748.000
811.449	1680.000
811.464	1770.000
811.480	1722.000
811.495	1776.000
811.510	1678.000
811.525	1666.000
811.540	1646.000
811.556	1744.000
811.571	1636.000
811.586	1624.000
811.601	1710.000
811.616	1568.000
811.632	1666.000
811.647	1702.000
811.662	1622.000
811.677	1626.000
811.692	1710.000
811.708	1680.000
811.723	1724.000
811.738	1692.000
811.753	1654.000
811.768	1612.000
811.783	1678.000
811.799	1602.000
811.814	1688.000
811.829	1686.000
811.844	1592.000
811.859	1634.000
811.875	1588.000
811.890	1598.000
811.905	1674.000
811.920	1676.000
811.935	1628.000
811.950	1590.000
811.966	1638.000
811.981	1660.000
811.996	1646.000
812.011	1584.000
812.026	1640.000
812.041	1626.000
812.057	1610.000
812.072	1592.000
812.087	1634.000
812.102	1598.000
812.117	1608.000
812.132	1596.000
812.148	1614.000
812.163	1576.000
812.178	1584.000
812.193	1544.000
812.208	1542.000
812.223	1570.000
812.239	1502.000
812.254	1506.000
812.269	1564.000
812.284	1564.000
812.299	1522.000
812.314	1588.000
812.329	1568.000
812.345	1622.000
812.360	1558.000
812.375	1560.000
812.390	1532.000
812.405	1576.000
812.420	1568.000
812.435	1580.000
812.451	1516.000
812.466	1574.000
812.481	1560.000
812.496	1544.000
812.511	1460.000
812.526	1512.000
812.541	1548.000
812.557	1570.000
812.572	1570.000
812.587	1564.000
812.602	1534.000
812.617	1606.000
812.632	1572.000
812.647	1506.000
812.662	1468.000
812.678	1530.000
812.693	1474.000
812.708	1516.000
812.723	1460.000
812.738	1482.000
812.753	1516.000
812.768	1422.000
812.783	1532.000
812.799	1558.000
812.814	1540.000
812.829	1564.000
812.844	1566.000
812.859	1576.000
812.874	1578.000
812.889	1526.000
812.904	1498.000
812.919	1544.000
812.935	1550.000
812.950	1560.000
812.965	1620.000
812.980	1588.000
812.995	1578.000
813.010	1596.000
813.025	1624.000
813.040	1628.000
813.055	1728.000
813.071	1812.000
813.086	1738.000
813.101	1788.000
813.116	1812.000
813.131	1756.000
813.146	1768.000
813.161	1880.000
813.176	1742.000
813.191	1700.000
813.206	1654.000
813.222	1644.000
813.237	1546.000
813.252	1638.000
813.267	1608.000
813.282	1602.000
813.297	1524.000
813.312	1578.000
813.327	1516.000
813.342	1516.000
813.357	1574.000
813.372	1550.000
813.387	1476.000
813.403	1444.000
813.418	1482.000
813.433	1466.000
813.448	1506.000
813.463	1488.000
813.478	1496.000
813.493	1542.000
813.508	1454.000
813.523	1378.000
813.538	1408.000
813.553	1400.000
813.568	1452.000
813.583	1420.000
813.598	1452.000
813.614	1428.000
813.629	1382.000
813.644	1418.000
813.659	1418.000
813.674	1378.000
813.689	1328.000
813.704	1448.000
813.719	1400.000
813.734	1460.000
813.749	1422.000
813.764	1430.000
813.779	1364.000
813.794	1404.000
813.809	1424.000
813.824	1428.000
813.839	1376.000
813.854	1424.000
813.870	1362.000
813.885	1400.000
813.900	1400.000
813.915	1352.000
813.930	1424.000
813.945	1496.000
813.960	1370.000
813.975	1418.000
813.990	1476.000
814.005	1440.000
814.020	1624.000
814.035	1506.000
814.050	1542.000
814.065	1524.000
814.080	1436.000
814.095	1444.000
814.110	1536.000
814.125	1536.000
814.140	1566.000
814.155	1582.000
814.170	1624.000
814.185	1624.000
814.200	1672.000
814.215	1664.000
814.230	1692.000
814.245	1824.000
814.260	1844.000
814.275	1846.000
814.291	2046.000
814.306	1996.000
814.321	2138.000
814.336	2144.000
814.351	2240.000
814.366	2322.000
814.381	2464.000
814.396	2476.000
814.411	2672.000
814.426	2788.000
814.441	2868.000
814.456	2904.000
814.471	3060.000
814.486	2970.000
814.501	3020.000
814.516	2970.000
814.531	2962.000
814.546	2888.000
814.561	2830.000
814.576	2768.000
814.591	2660.000
814.606	2530.000
814.621	2502.000
814.636	2404.000
814.651	2312.000
814.666	2146.000
814.681	2128.000
814.696	2118.000
814.711	1992.000
814.726	1948.000
814.741	1824.000
814.756	1852.000
814.771	1792.000
814.786	1698.000
814.801	1758.000
814.816	1586.000
814.831	1676.000
814.846	1658.000
814.861	1686.000
814.876	1618.000
814.891	1584.000
814.906	1512.000
814.921	1458.000
814.936	1460.000
814.951	1462.000
814.966	1424.000
814.980	1504.000
814.995	1446.000
815.010	1468.000
815.025	1390.000
815.040	1418.000
815.055	1418.000
815.070	1408.000
815.085	1456.000
815.100	1332.000
815.115	1352.000
815.130	1362.000
815.145	1344.000
815.160	1380.000
815.175	1320.000
815.190	1344.000
815.205	1284.000
815.220	1286.000
815.235	1280.000
815.250	1214.000
815.265	1166.000
815.280	1208.000
815.295	1248.000
815.310	1288.000
815.325	1240.000
815.340	1242.000
815.355	1214.000
815.370	1286.000
815.384	1190.000
815.399	1260.000
815.414	1210.000
815.429	1210.000
815.444	1184.000
815.459	1220.000
815.474	1128.000
815.489	1152.000
815.504	1090.000
815.519	1142.000
815.534	1126.000
815.549	1098.000
815.564	1116.000
815.579	1148.000
815.594	1074.000
815.609	1076.000
815.624	1088.000
815.638	1116.000
815.653	1106.000
815.668	1102.000
815.683	1062.000
815.698	1104.000
815.713	1142.000
815.728	1046.000
815.743	1084.000
815.758	1054.000
815.773	1048.000
815.788	1086.000
815.803	1016.000
815.818	1040.000
815.833	1058.000
815.847	988.000
815.862	990.000
815.877	1016.000
815.892	1034.000
815.907	1048.000
815.922	1048.000
815.937	1056.000
815.952	1034.000
815.967	1048.000
815.982	1060.000
815.997	986.000
816.012	1010.000
816.026	1010.000
816.041	984.000
816.056	972.000
816.071	994.000
816.086	978.000
816.101	972.000
816.116	1014.000
816.131	998.000
816.146	1020.000
816.161	988.000
816.175	972.000
816.190	1032.000
816.205	988.000
816.220	928.000
816.235	946.000
816.250	952.000
816.265	1012.000
816.280	1002.000
816.295	928.000
816.309	966.000
816.324	916.000
816.339	912.000
816.354	914.000
816.369	914.000
816.384	916.000
816.399	934.000
816.414	948.000
816.429	894.000
816.443	892.000
816.458	1020.000
816.473	984.000
816.488	1002.000
816.503	886.000
816.518	908.000
816.533	964.000
816.548	958.000
816.562	938.000
816.577	914.000
816.592	906.000
816.607	1004.000
816.622	880.000
816.637	916.000
816.652	896.000
816.667	940.000
816.681	920.000
816.696	910.000
816.711	920.000
816.726	938.000
816.741	924.000
816.756	914.000
816.771	968.000
816.785	864.000
816.800	908.000
816.815	902.000
816.830	930.000
816.845	934.000
816.860	942.000
816.875	880.000
816.889	902.000
816.904	880.000
816.919	916.000
816.934	848.000
816.949	834.000
816.964	860.000
816.978	896.000
816.993	894.000
817.008	882.000
817.023	880.000
817.038	904.000
817.053	874.000
817.068	880.000
817.082	926.000
817.097	830.000
817.112	938.000
817.127	894.000
817.142	866.000
817.157	860.000
817.171	808.000
817.186	888.000
817.201	800.000
817.216	886.000
817.231	830.000
817.246	858.000
817.260	854.000
817.275	896.000
817.290	840.000
817.305	854.000
817.320	850.000
817.334	822.000
817.349	816.000
817.364	870.000
817.379	840.000
817.394	886.000
817.409	856.000
817.423	826.000
817.438	822.000
817.453	866.000
817.468	792.000
817.483	786.000
817.497	810.000
817.512	836.000
817.527	766.000
817.542	798.000
817.557	806.000
817.571	826.000
817.586	790.000
817.601	832.000
817.616	814.000
817.631	798.000
817.645	800.000
817.660	810.000
817.675	788.000
817.690	816.000
817.705	806.000
817.719	778.000
817.734	812.000
817.749	750.000
817.764	782.000
817.779	822.000
817.793	776.000
817.808	796.000
817.823	786.000
817.838	840.000
817.853	818.000
817.867	830.000
817.882	778.000
817.897	774.000
817.912	782.000
817.926	804.000
817.941	788.000
817.956	814.000
817.971	736.000
817.986	800.000
818.000	784.000
818.015	782.000
818.030	758.000
818.045	748.000
818.059	770.000
818.074	740.000
818.089	752.000
818.104	814.000
818.119	774.000
818.133	802.000
818.148	750.000
818.163	786.000
818.178	736.000
818.192	762.000
818.207	740.000
818.222	690.000
818.237	744.000
818.251	700.000
818.266	702.000
818.281	782.000
818.296	728.000
818.310	750.000
818.325	698.000
818.340	756.000
818.355	688.000
818.369	678.000
818.384	692.000
818.399	732.000
818.414	688.000
818.428	740.000
818.443	734.000
818.458	726.000
818.473	748.000
818.487	742.000
818.502	734.000
818.517	772.000
818.532	716.000
818.546	748.000
818.561	732.000
818.576	770.000
818.591	696.000
818.605	754.000
818.620	694.000
818.635	646.000
818.649	694.000
818.664	656.000
818.679	708.000
818.694	700.000
818.708	740.000
818.723	696.000
818.738	732.000
818.753	714.000
818.767	690.000
818.782	696.000
818.797	720.000
818.811	678.000
818.826	702.000
818.841	652.000
818.856	670.000
818.870	732.000
818.885	698.000
818.900	644.000
818.914	674.000
818.929	728.000
818.944	658.000
818.959	722.000
818.973	690.000
818.988	688.000
819.003	704.000
819.017	708.000
819.032	722.000
819.047	708.000
819.062	736.000
819.076	674.000
819.091	640.000
819.106	686.000
819.120	696.000
819.135	692.000
819.150	686.000
819.164	668.000
819.179	678.000
819.194	680.000
819.209	676.000
819.223	640.000
819.238	748.000
819.253	696.000
819.267	656.000
819.282	658.000
819.297	658.000
819.311	690.000
819.326	660.000
819.341	660.000
819.355	646.000
819.370	678.000
819.385	648.000
819.399	698.000
819.414	642.000
819.429	704.000
819.444	660.000
819.458	646.000
819.473	650.000
819.488	624.000
819.502	628.000
819.517	662.000
819.532	654.000
819.546	628.000
819.561	684.000
819.576	644.000
819.590	652.000
819.605	652.000
819.620	668.000
819.634	666.000
819.649	658.000
819.664	640.000
819.678	674.000
819.693	670.000
819.708	694.000
819.722	642.000
819.737	654.000
819.752	614.000
819.766	654.000
819.781	634.000
819.795	614.000
819.810	654.000
819.825	614.000
819.839	620.000
819.854	644.000
819.869	622.000
819.883	650.000
819.898	646.000
819.913	614.000
819.927	602.000
819.942	662.000
819.957	668.000
819.971	688.000
819.986	630.000
820.001	622.000
820.015	650.000
820.030	622.000
820.044	622.000
820.059	634.000
820.074	660.000
820.088	654.000
820.103	666.000
820.118	656.000
820.132	586.000
820.147	640.000
820.161	656.000
820.176	616.000
820.191	666.000
820.205	606.000
820.220	610.000
820.235	608.000
820.249	640.000
820.264	608.000
820.278	604.000
820.293	614.000
820.308	576.000
820.322	606.000
820.337	628.000
820.352	612.000
820.366	630.000
820.381	588.000
820.395	672.000
820.410	610.000
820.425	616.000
820.439	680.000
820.454	558.000
820.468	640.000
820.483	622.000
820.498	616.000
820.512	634.000
820.527	610.000
820.541	612.000
820.556	620.000
820.571	600.000
820.585	598.000
820.600	594.000
820.614	612.000
820.629	570.000
820.644	652.000
820.658	594.000
820.673	582.000
820.687	594.000
820.702	600.000
820.717	606.000
820.731	624.000
820.746	614.000
820.760	568.000
820.775	626.000
820.790	638.000
820.804	636.000
820.819	620.000
820.833	614.000
820.848	620.000
820.862	614.000
820.877	602.000
820.892	586.000
820.906	558.000
820.921	588.000
820.935	564.000
820.950	594.000
820.964	602.000
820.979	552.000
820.994	580.000
821.008	558.000
821.023	600.000
821.037	600.000
821.052	588.000
821.066	610.000
821.081	608.000
821.096	554.000
821.110	556.000
821.125	584.000
821.139	566.000
821.154	638.000
821.168	548.000
821.183	542.000
821.197	544.000
821.212	548.000
821.227	560.000
821.241	600.000
821.256	564.000
821.270	536.000
821.285	560.000
821.299	576.000
821.314	590.000
821.328	546.000
821.343	568.000
821.357	596.000
821.372	564.000
821.387	602.000
821.401	538.000
821.416	572.000
821.430	562.000
821.445	560.000
821.459	546.000
821.474	520.000
821.488	540.000
821.503	530.000
821.517	566.000
821.532	542.000
821.546	512.000
821.561	560.000
821.576	564.000
821.590	580.000
821.605	576.000
821.619	542.000
821.634	570.000
821.648	530.000
821.663	560.000
821.677	588.000
821.692	568.000
821.706	616.000
821.721	550.000
821.735	572.000
821.750	494.000
821.764	552.000
821.779	498.000
821.793	520.000
821.808	532.000
821.822	532.000
821.837	538.000
821.851	578.000
821.866	584.000
821.880	570.000
821.895	528.000
821.909	506.000
821.924	550.000
821.938	580.000
821.953	542.000
821.967	592.000
821.982	552.000
821.996	524.000
822.011	534.000
822.025	534.000
822.040	506.000
822.054	512.000
822.069	550.000
822.083	518.000
822.098	520.000
822.112	514.000
822.127	518.000
822.141	512.000
822.156	500.000
822.170	536.000
822.185	520.000
822.199	526.000
822.214	528.000
822.228	476.000
822.243	500.000
822.257	516.000
822.272	570.000
822.286	526.000
822.301	502.000
822.315	518.000
822.330	476.000
822.344	532.000
822.359	512.000
822.373	530.000
822.388	480.000
822.402	494.000
822.416	510.000
822.431	532.000
822.445	540.000
822.460	518.000
822.474	528.000
822.489	494.000
822.503	500.000
822.518	508.000
822.532	552.000
822.547	516.000
822.561	510.000
822.576	512.000
822.590	520.000
822.605	516.000
822.619	540.000
822.633	506.000
822.648	486.000
822.662	522.000
822.677	512.000
822.691	500.000
822.706	458.000
822.720	492.000
822.735	514.000
822.749	510.000
822.763	538.000
822.778	488.000
822.792	502.000
822.807	476.000
822.821	528.000
822.836	486.000
822.850	514.000
822.865	520.000
822.879	482.000
822.893	490.000
822.908	498.000
822.922	482.000
822.937	478.000
822.951	482.000
822.966	478.000
822.980	498.000
822.994	530.000
823.009	484.000
823.023	486.000
823.038	502.000
823.052	488.000
823.067	482.000
823.081	510.000
823.095	496.000
823.110	524.000
823.124	516.000
823.139	464.000
823.153	510.000
823.168	480.000
823.182	484.000
823.196	506.000
823.211	468.000
823.225	496.000
823.240	498.000
823.254	482.000
823.268	466.000
823.283	486.000
823.297	514.000
823.312	488.000
823.326	528.000
823.340	512.000
823.355	498.000
823.369	472.000
823.384	550.000
823.398	510.000
823.412	498.000
823.427	464.000
823.441	464.000
823.456	474.000
823.470	476.000
823.484	498.000
823.499	512.000
823.513	514.000
823.528	518.000
823.542	534.000
823.556	450.000
823.571	490.000
823.585	494.000
823.600	474.000
823.614	454.000
823.628	506.000
823.643	492.000
823.657	464.000
823.671	466.000
823.686	470.000
823.700	522.000
823.715	482.000
823.729	530.000
823.743	492.000
823.758	472.000
823.772	462.000
823.786	462.000
823.801	450.000
823.815	478.000
823.830	460.000
823.844	448.000
823.858	484.000
823.873	408.000
823.887	512.000
823.901	450.000
823.916	440.000
823.930	474.000
823.945	482.000
823.959	496.000
823.973	482.000
823.988	440.000
824.002	472.000
824.016	470.000
824.031	472.000
824.045	444.000
824.059	462.000
824.074	490.000
824.088	456.000
824.102	446.000
824.117	452.000
824.131	470.000
824.145	438.000
824.160	418.000
824.174	490.000
824.188	462.000
824.203	466.000
824.217	456.000
824.232	482.000
824.246	446.000
824.260	516.000
824.275	512.000
824.289	484.000
824.303	490.000
824.318	488.000
824.332	502.000
824.346	428.000
824.361	466.000
824.375	440.000
824.389	454.000
824.404	452.000
824.418	442.000
824.432	472.000
824.446	454.000
824.461	468.000
824.475	492.000
824.489	470.000
824.504	424.000
824.518	426.000
824.532	474.000
824.547	436.000
824.561	480.000
824.575	482.000
824.590	452.000
824.604	498.000
824.618	462.000
824.633	482.000
824.647	476.000
824.661	436.000
824.676	454.000
824.690	482.000
824.704	458.000
824.718	432.000
824.733	448.000
824.747	474.000
824.761	424.000
824.776	476.000
824.791	456.000
824.806	516.000
824.821	484.000
824.836	462.000
824.851	452.000
824.866	506.000
824.880	450.000
824.895	478.000
824.910	426.000
824.925	450.000
824.940	448.000
824.955	440.000
824.970	478.000
824.985	436.000
825.000	508.000
825.014	476.000
825.029	468.000
825.044	480.000
825.059	440.000
825.074	502.000
825.089	462.000
825.104	456.000
825.119	470.000
825.134	458.000
825.148	460.000
825.163	452.000
825.178	470.000
825.193	452.000
825.208	414.000
825.223	468.000
825.238	480.000
825.253	482.000
825.267	448.000
825.282	446.000
825.297	466.000
825.312	482.000
825.327	434.000
825.342	488.000
825.357	438.000
825.372	470.000
825.386	456.000
825.401	454.000
825.416	454.000
825.431	456.000
825.446	448.000
825.461	456.000
825.476	462.000
825.490	412.000
825.505	468.000
825.520	468.000
825.535	402.000
825.550	456.000
825.565	448.000
825.580	466.000
825.594	440.000
825.609	414.000
825.624	478.000
825.639	450.000
825.654	454.000
825.669	444.000
825.683	440.000
825.698	470.000
825.713	428.000
825.728	444.000
825.743	388.000
825.758	444.000
825.773	440.000
825.787	474.000
825.802	424.000
825.817	440.000
825.832	432.000
825.847	464.000
825.862	450.000
825.876	406.000
825.891	440.000
825.906	494.000
825.921	436.000
825.936	500.000
825.951	430.000
825.965	422.000
825.980	440.000
825.995	458.000
826.010	458.000
826.025	428.000
826.039	460.000
826.054	430.000
826.069	424.000
826.084	444.000
826.099	426.000
826.114	428.000
826.128	462.000
826.143	454.000
826.158	484.000
826.173	438.000
826.188	446.000
826.202	444.000
826.217	454.000
826.232	408.000
826.247	478.000
826.262	426.000
826.276	496.000
826.291	390.000
826.306	450.000
826.321	390.000
826.336	432.000
826.351	426.000
826.365	422.000
826.380	458.000
826.395	438.000
826.410	422.000
826.425	414.000
826.439	410.000
826.454	436.000
826.469	408.000
826.484	408.000
826.498	444.000
826.513	374.000
826.528	422.000
826.543	420.000
826.558	426.000
826.572	438.000
826.587	428.000
826.602	420.000
826.617	442.000
826.632	432.000
826.646	466.000
826.661	424.000
826.676	448.000
826.691	408.000
826.705	392.000
826.720	398.000
826.735	394.000
826.750	414.000
826.765	412.000
826.779	418.000
826.794	452.000
826.809	434.000
826.824	414.000
826.838	410.000
826.853	412.000
826.868	412.000
826.883	386.000
826.897	426.000
826.912	438.000
826.927	422.000
826.942	412.000
826.957	398.000
826.971	412.000
826.986	380.000
827.001	418.000
827.016	408.000
827.030	436.000
827.045	380.000
827.060	412.000
827.075	420.000
827.089	414.000
827.104	432.000
827.119	428.000
827.134	410.000
827.148	444.000
827.163	426.000
827.178	392.000
827.193	390.000
827.207	394.000
827.222	410.000
827.237	386.000
827.252	404.000
827.266	394.000
827.281	428.000
827.296	396.000
827.311	394.000
827.325	382.000
827.340	410.000
827.355	418.000
827.369	410.000
827.384	378.000
827.399	404.000
827.414	410.000
827.428	388.000
827.443	386.000
827.458	392.000
827.473	410.000
827.487	394.000
827.502	402.000
827.517	404.000
827.531	402.000
827.546	390.000
827.561	402.000
827.576	404.000
827.590	412.000
827.605	406.000
827.620	422.000
827.634	408.000
827.649	364.000
827.664	382.000
827.679	382.000
827.693	398.000
827.708	366.000
827.723	392.000
827.737	414.000
827.752	368.000
827.767	422.000
827.782	390.000
827.796	408.000
827.811	392.000
827.826	400.000
827.840	458.000
827.855	428.000
827.870	412.000
827.885	400.000
827.899	402.000
827.914	386.000
827.929	380.000
827.943	428.000
827.958	378.000
827.973	424.000
827.987	398.000
828.002	408.000
828.017	394.000
828.031	392.000
828.046	390.000
828.061	384.000
828.076	404.000
828.090	404.000
828.105	380.000
828.120	412.000
828.134	384.000
828.149	380.000
828.164	376.000
828.178	400.000
828.193	392.000
828.208	390.000
828.222	418.000
828.237	402.000
828.252	412.000
828.266	440.000
828.281	428.000
828.296	370.000
828.310	390.000
828.325	382.000
828.340	424.000
828.354	388.000
828.369	380.000
828.384	356.000
828.398	390.000
828.413	372.000
828.428	392.000
828.442	402.000
828.457	414.000
828.472	388.000
828.486	378.000
828.501	404.000
828.516	394.000
828.530	440.000
828.545	398.000
828.560	384.000
828.574	382.000
828.589	386.000
828.604	382.000
828.618	380.000
828.633	408.000
828.648	380.000
828.662	376.000
828.677	364.000
828.691	376.000
828.706	378.000
828.721	390.000
828.735	410.000
828.750	362.000
828.765	390.000
828.779	380.000
828.794	392.000
828.809	378.000
828.823	374.000
828.838	364.000
828.853	364.000
828.867	374.000
828.882	376.000
828.896	378.000
828.911	384.000
828.926	406.000
828.940	382.000
828.955	348.000
828.970	372.000
828.984	410.000
828.999	368.000
829.013	370.000
829.028	338.000
829.043	362.000
829.057	398.000
829.072	358.000
829.087	412.000
829.101	366.000
829.116	392.000
829.130	376.000
829.145	376.000
829.160	404.000
829.174	376.000
829.189	366.000
829.203	400.000
829.218	394.000
829.233	420.000
829.247	368.000
829.262	398.000
829.276	418.000
829.291	384.000
829.306	402.000
829.320	362.000
829.335	348.000
829.349	360.000
829.364	406.000
829.379	404.000
829.393	374.000
829.408	364.000
829.422	370.000
829.437	412.000
829.452	388.000
829.466	406.000
829.481	358.000
829.495	388.000
829.510	404.000
829.525	362.000
829.539	376.000
829.554	374.000
829.568	362.000
829.583	366.000
829.598	388.000
829.612	336.000
829.627	358.000
829.641	380.000
829.656	360.000
829.670	374.000
829.685	362.000
829.700	364.000
829.714	394.000
829.729	396.000
829.743	352.000
829.758	366.000
829.772	366.000
829.787	344.000
829.802	342.000
829.816	364.000
829.831	336.000
829.845	344.000
829.860	338.000
829.874	362.000
829.889	370.000
829.904	378.000
829.918	362.000
829.933	354.000
829.947	342.000
829.962	366.000
829.976	352.000
829.991	346.000
830.005	366.000
830.020	372.000
830.035	368.000
830.049	380.000
830.064	376.000
830.078	378.000
830.093	370.000
830.107	358.000
830.122	346.000
830.136	340.000
830.151	352.000
830.166	370.000
830.180	362.000
830.195	384.000
830.209	332.000
830.224	392.000
830.238	344.000
830.253	334.000
830.267	340.000
830.282	376.000
830.296	362.000
830.311	338.000
830.325	346.000
830.340	362.000
830.355	364.000
830.369	356.000
830.384	366.000
830.398	330.000
830.413	342.000
830.427	358.000
830.442	338.000
830.456	336.000
830.471	332.000
830.485	320.000
830.500	386.000
830.514	346.000
830.529	350.000
830.543	354.000
830.558	368.000
830.572	382.000
830.587	358.000
830.601	354.000
830.616	362.000
830.630	336.000
830.645	358.000
830.659	342.000
830.674	366.000
830.688	342.000
830.703	320.000
830.718	358.000
830.732	310.000
830.747	336.000
830.761	348.000
830.776	310.000
830.790	364.000
830.805	290.000
830.819	352.000
830.834	336.000
830.848	298.000
830.863	318.000
830.877	332.000
830.892	326.000
830.906	316.000
830.921	330.000
830.935	346.000
830.949	334.000
830.964	338.000
830.978	344.000
830.993	332.000
831.007	298.000
831.022	332.000
831.036	330.000
831.051	322.000
831.065	336.000
831.080	334.000
831.094	290.000
831.109	294.000
831.123	322.000
831.138	322.000
831.152	328.000
831.167	318.000
831.181	326.000
831.196	342.000
831.210	352.000
831.225	328.000
831.239	366.000
831.254	324.000
831.268	312.000
831.283	298.000
831.297	358.000
831.311	324.000
831.326	324.000
831.340	316.000
831.355	358.000
831.369	324.000
831.384	324.000
831.398	342.000
831.413	320.000
831.427	296.000
831.442	306.000
831.456	318.000
831.471	318.000
831.485	350.000
831.499	294.000
831.514	290.000
831.528	318.000
831.543	310.000
831.557	322.000
831.572	328.000
831.586	278.000
831.601	322.000
831.615	312.000
831.629	326.000
831.644	332.000
831.658	308.000
831.673	316.000
831.687	302.000
831.702	338.000
831.716	304.000
831.731	328.000
831.745	296.000
831.759	316.000
831.774	320.000
831.788	318.000
831.803	316.000
831.817	322.000
831.832	328.000
831.846	320.000
831.860	330.000
831.875	342.000
831.889	282.000
831.904	280.000
831.918	308.000
831.933	298.000
831.947	308.000
831.961	318.000
831.976	330.000
831.990	316.000
832.005	348.000
832.019	318.000
832.033	306.000
832.048	272.000
832.062	304.000
832.077	316.000
832.091	284.000
832.106	284.000
832.120	286.000
832.134	292.000
832.149	314.000
832.163	302.000
832.178	282.000
832.192	310.000
832.206	314.000
832.221	288.000
832.235	286.000
832.250	320.000
832.264	298.000
832.278	298.000
832.293	274.000
832.307	302.000
832.322	310.000
832.336	280.000
832.350	302.000
832.365	270.000
832.379	278.000
832.394	294.000
832.408	306.000
832.422	266.000
832.437	240.000
832.451	294.000
832.465	296.000
832.480	272.000
832.494	292.000
832.509	264.000
832.523	306.000
832.537	274.000
832.552	288.000
832.566	292.000
832.581	300.000
832.595	272.000
832.609	282.000
832.624	290.000
832.638	280.000
832.652	280.000
832.667	302.000
832.681	314.000
832.696	264.000
832.710	310.000
832.724	308.000
832.739	292.000
832.753	258.000
832.767	302.000
832.782	296.000
832.796	268.000
832.810	278.000
832.825	290.000
832.839	282.000
832.853	278.000
832.868	278.000
832.882	286.000
832.897	266.000
832.911	308.000
832.925	278.000
832.940	290.000
832.954	274.000
832.968	332.000
832.983	322.000
832.997	276.000
833.011	284.000
833.026	312.000
833.040	322.000
833.054	294.000
833.069	282.000
833.083	242.000
833.097	334.000
833.112	266.000
833.126	298.000
833.140	316.000
833.155	262.000
833.169	280.000
833.183	280.000
833.198	266.000
833.212	282.000
833.226	288.000
833.241	318.000
833.255	256.000
833.269	252.000
833.284	278.000
833.298	276.000
833.312	280.000
833.327	240.000
833.341	280.000
833.355	272.000
833.370	294.000
833.384	284.000
833.398	282.000
833.413	252.000
833.427	268.000
833.441	282.000
833.456	278.000
833.470	262.000
833.484	262.000
833.499	290.000
833.513	268.000
833.527	296.000
833.542	306.000
833.556	270.000
833.570	302.000
833.584	282.000
833.599	272.000
833.613	298.000
833.627	256.000
833.642	290.000
833.656	236.000
833.670	274.000
833.685	272.000
833.699	256.000
833.713	272.000
833.727	304.000
833.742	276.000
833.756	256.000
833.770	292.000
833.785	294.000
833.799	236.000
833.813	280.000
833.827	280.000
833.842	280.000
833.856	272.000
833.870	262.000
833.885	268.000
833.899	296.000
833.913	272.000
833.927	282.000
833.942	282.000
833.956	250.000
833.970	284.000
833.985	242.000
833.999	288.000
834.013	270.000
834.027	264.000
834.042	290.000
834.056	278.000
834.070	258.000
834.085	230.000
834.099	300.000
834.113	268.000
834.127	246.000
834.142	258.000
834.156	286.000
834.170	278.000
834.184	280.000
834.199	264.000
834.213	272.000
834.227	270.000
834.241	288.000
834.256	262.000
834.270	284.000
834.284	318.000
834.298	270.000
834.313	276.000
834.327	236.000
834.341	252.000
834.355	266.000
834.370	264.000
834.384	274.000
834.398	264.000
834.412	250.000
834.427	250.000
834.441	272.000
834.455	248.000
834.469	292.000
834.484	264.000
834.498	240.000
834.512	268.000
834.526	282.000
834.541	260.000
834.555	278.000
834.569	280.000
834.583	282.000
834.598	248.000
834.612	260.000
834.626	266.000
834.640	274.000
834.655	262.000
834.669	248.000
834.683	240.000
834.697	282.000
834.711	258.000
834.726	254.000
834.740	254.000
834.754	236.000
834.768	280.000
834.783	282.000
834.797	268.000
834.811	268.000
834.825	280.000
834.839	224.000
834.854	254.000
834.868	274.000
834.882	260.000
834.896	278.000
834.910	250.000
834.925	256.000
834.939	252.000
834.953	218.000
834.967	262.000
834.982	250.000
834.996	276.000
835.010	258.000
835.024	248.000
835.038	260.000
835.053	268.000
835.067	268.000
835.081	282.000
835.095	244.000
835.109	268.000
835.124	248.000
835.138	236.000
835.152	250.000
835.166	274.000
835.180	258.000
835.195	254.000
835.209	278.000
835.223	270.000
835.237	238.000
835.251	228.000
835.265	224.000
835.280	234.000
835.294	262.000
835.308	246.000
835.322	250.000
835.336	240.000
835.351	264.000
835.365	282.000
835.379	256.000
835.393	254.000
835.407	232.000
835.421	252.000
835.436	252.000
835.450	244.000
835.464	248.000
835.478	244.000
835.492	230.000
835.506	256.000
835.521	234.000
835.535	252.000
835.549	268.000
835.563	250.000
835.577	254.000
835.591	238.000
835.606	282.000
835.620	250.000
835.634	240.000
835.648	222.000
835.662	244.000
835.676	258.000
835.691	252.000
835.705	260.000
835.719	248.000
835.733	260.000
835.747	226.000
835.761	246.000
835.775	256.000
835.790	252.000
835.804	242.000
835.818	234.000
835.832	240.000
835.846	272.000
835.860	222.000
835.874	278.000
835.889	234.000
835.903	240.000
835.917	246.000
835.931	238.000
835.945	242.000
835.959	254.000
835.973	254.000
835.988	266.000
836.002	230.000
836.016	240.000
836.030	262.000
836.044	252.000
836.058	248.000
836.072	238.000
836.086	254.000
836.101	246.000
836.115	264.000
836.129	226.000
836.143	270.000
836.157	250.000
836.171	244.000
836.185	244.000
836.199	256.000
836.214	226.000
836.228	220.000
836.242	246.000
836.256	272.000
836.270	220.000
836.284	216.000
836.298	234.000
836.312	238.000
836.326	266.000
836.341	276.000
836.355	250.000
836.369	240.000
836.383	250.000
836.397	238.000
836.411	240.000
836.425	218.000
836.439	250.000
836.453	256.000
836.468	222.000
836.482	242.000
836.496	254.000
836.510	260.000
836.524	242.000
836.538	262.000
836.552	252.000
836.566	246.000
836.580	234.000
836.594	228.000
836.608	254.000
836.623	256.000
836.637	250.000
836.651	224.000
836.665	258.000
836.679	234.000
836.693	228.000
836.707	242.000
836.721	232.000
836.735	230.000
836.749	234.000
836.763	242.000
836.777	248.000
836.792	228.000
836.806	228.000
836.820	254.000
836.834	218.000
836.848	246.000
836.862	240.000
836.876	254.000
836.890	228.000
836.904	232.000
836.918	272.000
836.932	260.000
836.946	248.000
836.960	250.000
836.974	246.000
836.988	228.000
837.003	220.000
837.017	226.000
837.031	272.000
837.045	210.000
837.059	248.000
837.073	210.000
837.087	240.000
837.101	218.000
837.115	226.000
837.129	256.000
837.143	244.000
837.157	248.000
837.171	222.000
837.185	220.000
837.199	242.000
837.213	230.000
837.227	228.000
837.241	224.000
837.255	250.000
837.269	222.000
837.283	230.000
837.298	232.000
837.312	236.000
837.326	224.000
837.340	216.000
837.354	250.000
837.368	250.000
837.382	234.000
837.396	210.000
837.410	246.000
837.424	250.000
837.438	242.000
837.452	250.000
837.466	234.000
837.480	208.000
837.494	226.000
837.508	222.000
837.522	222.000
837.536	242.000
837.550	230.000
837.564	230.000
837.578	234.000
837.592	212.000
837.606	234.000
837.620	228.000
837.634	244.000
837.648	194.000
837.662	224.000
837.676	210.000
837.690	214.000
837.704	230.000
837.718	214.000
837.732	222.000
837.746	236.000
837.760	184.000
837.774	224.000
837.788	244.000
837.802	260.000
837.816	204.000
837.830	228.000
837.844	240.000
837.858	206.000
837.872	216.000
837.886	216.000
837.900	226.000
837.914	246.000
837.928	234.000
837.942	222.000
837.956	218.000
837.970	214.000
837.984	250.000
837.998	206.000
838.012	242.000
838.026	186.000
838.040	222.000
838.054	246.000
838.068	210.000
838.082	210.000
838.096	234.000
838.110	260.000
838.124	228.000
838.138	214.000
838.152	220.000
838.166	248.000
838.180	228.000
838.194	212.000
838.208	212.000
838.222	236.000
838.236	214.000
838.250	208.000
838.264	238.000
838.278	216.000
838.292	218.000
838.306	238.000
838.319	236.000
838.333	210.000
838.347	220.000
838.361	212.000
838.375	214.000
838.389	228.000
838.403	222.000
838.417	214.000
838.431	246.000
838.445	220.000
838.459	236.000
838.473	202.000
838.487	210.000
838.501	232.000
838.515	206.000
838.529	208.000
838.543	226.000
838.557	248.000
838.571	226.000
838.585	232.000
838.599	228.000
838.612	232.000
838.626	222.000
838.640	206.000
838.654	212.000
838.668	218.000
838.682	212.000
838.696	244.000
838.710	250.000
838.724	246.000
838.738	192.000
838.752	216.000
838.766	206.000
838.780	218.000
838.794	224.000
838.808	224.000
838.821	216.000
838.835	246.000
838.849	204.000
838.863	226.000
838.877	226.000
838.891	212.000
838.905	210.000
838.919	208.000
838.933	202.000
838.947	196.000
838.961	194.000
838.975	200.000
838.988	198.000
839.002	224.000
839.016	208.000
839.030	240.000
839.044	208.000
839.058	216.000
839.072	200.000
839.086	188.000
839.100	214.000
839.114	198.000
839.128	212.000
839.141	206.000
839.155	206.000
839.169	240.000
839.183	214.000
839.197	212.000
839.211	232.000
839.225	238.000
839.239	232.000
839.253	198.000
839.266	228.000
839.280	220.000
839.294	230.000
839.308	200.000
839.322	236.000
839.336	214.000
839.350	290.000
839.364	236.000
839.378	230.000
839.391	214.000
839.405	232.000
839.419	228.000
839.433	220.000
839.447	200.000
839.461	204.000
839.475	220.000
839.489	230.000
839.502	214.000
