794.000	30356.000
794.016	29992.000
794.031	29232.000
794.047	28142.000
794.063	26924.000
794.079	26250.000
794.094	25518.000
794.110	25392.000
794.126	25196.000
794.142	25330.000
794.157	25368.000
794.173	25328.000
794.189	25618.000
794.204	26306.000
794.220	27146.000
794.236	28050.000
794.252	28478.000
794.267	28550.000
794.283	28382.000
794.299	27464.000
794.314	26522.000
794.330	25846.000
794.346	24848.000
794.362	24558.000
794.377	24300.000
794.393	23994.000
794.409	23934.000
794.424	24246.000
794.440	24530.000
794.456	24410.000
794.472	25468.000
794.487	26258.000
794.503	26992.000
794.519	27298.000
794.534	27304.000
794.550	27102.000
794.566	26254.000
794.581	24930.000
794.597	24412.000
794.613	23468.000
794.629	22918.000
794.644	23010.000
794.660	23212.000
794.676	23182.000
794.691	23248.000
794.707	23518.000
794.723	23972.000
794.738	24860.000
794.754	25600.000
794.770	26024.000
794.785	26486.000
794.801	26270.000
794.817	25626.000
794.832	24702.000
794.848	23548.000
794.864	22728.000
794.880	22484.000
794.895	22298.000
794.911	22180.000
794.927	21894.000
794.942	22240.000
794.958	22518.000
794.974	22648.000
794.989	23286.000
795.005	24080.000
795.021	24810.000
795.036	25116.000
795.052	25364.000
795.068	24710.000
795.083	24520.000
795.099	23318.000
795.115	22556.000
795.130	21816.000
795.146	21460.000
795.162	21124.000
795.177	21488.000
795.193	21198.000
795.209	21768.000
795.224	21758.000
795.240	22028.000
795.256	22470.000
795.271	23072.000
795.287	23460.000
795.303	23814.000
795.318	23712.000
795.334	23196.000
795.350	22594.000
795.365	22342.000
795.381	21264.000
795.396	20848.000
795.412	20662.000
795.428	20738.000
795.443	20830.000
795.459	20684.000
795.475	21018.000
795.490	20880.000
795.506	21128.000
795.522	21604.000
795.537	22022.000
795.553	22458.000
795.569	22978.000
795.584	22300.000
795.600	22418.000
795.615	21560.000
795.631	21016.000
795.647	20552.000
795.662	20220.000
795.678	20018.000
795.694	19912.000
795.709	19858.000
795.725	19702.000
795.741	19918.000
795.756	20270.000
795.772	20264.000
795.787	20578.000
795.803	21340.000
795.819	21764.000
795.834	21736.000
795.850	21656.000
795.866	21290.000
795.881	20956.000
795.897	20268.000
795.912	19876.000
795.928	19524.000
795.944	19312.000
795.959	19190.000
795.975	19020.000
795.990	18958.000
796.006	19010.000
796.022	19132.000
796.037	19480.000
796.053	19760.000
796.068	20472.000
796.084	20724.000
796.100	20848.000
796.115	21206.000
796.131	20392.000
796.147	20076.000
796.162	19512.000
796.178	19002.000
796.193	18754.000
796.209	18312.000
796.225	18058.000
796.240	18176.000
796.256	18384.000
796.271	18378.000
796.287	18598.000
796.303	18870.000
796.318	19432.000
796.334	19822.000
796.349	20106.000
796.365	20002.000
796.380	19878.000
796.396	19616.000
796.412	18834.000
796.427	18410.000
796.443	17856.000
796.458	17628.000
796.474	17536.000
796.490	17420.000
796.505	17608.000
796.521	17520.000
796.536	17648.000
796.552	18098.000
796.567	18228.000
796.583	18626.000
796.599	18880.000
796.614	19008.000
796.630	19266.000
796.645	18800.000
796.661	18694.000
796.676	18160.000
796.692	17464.000
796.708	17096.000
796.723	17120.000
796.739	16688.000
796.754	16350.000
796.770	16782.000
796.785	17188.000
796.801	17102.000
796.817	17258.000
796.832	17660.000
796.848	17734.000
796.863	18166.000
796.879	18310.000
796.894	18334.000
796.910	18122.000
796.925	17962.000
796.941	17488.000
796.957	16962.000
796.972	16748.000
796.988	16546.000
797.003	16250.000
797.019	16268.000
797.034	16210.000
797.050	16272.000
797.065	16252.000
797.081	16588.000
797.097	16628.000
797.112	16712.000
797.128	17006.000
797.143	17530.000
797.159	17204.000
797.174	17560.000
797.190	16984.000
797.205	16596.000
797.221	16276.000
797.236	16048.000
797.252	15982.000
797.267	15562.000
797.283	15664.000
797.299	15838.000
797.314	15544.000
797.330	16002.000
797.345	15870.000
797.361	16184.000
797.376	16498.000
797.392	16708.000
797.407	16708.000
797.423	16764.000
797.438	16554.000
797.454	16326.000
797.469	16246.000
797.485	15754.000
797.500	15364.000
797.516	15230.000
797.531	15234.000
797.547	15114.000
797.562	15104.000
797.578	15094.000
797.594	15198.000
797.609	15180.000
797.625	15456.000
797.640	15826.000
797.656	15948.000
797.671	16278.000
797.687	16076.000
797.702	16074.000
797.718	16018.000
797.733	15468.000
797.749	14984.000
797.764	14732.000
797.780	14488.000
797.795	14562.000
797.811	14258.000
797.826	14394.000
797.842	14354.000
797.857	14516.000
797.873	14594.000
797.888	14770.000
797.904	15092.000
797.919	15234.000
797.935	15368.000
797.950	15514.000
797.966	15486.000
797.981	15190.000
797.997	14664.000
798.012	14456.000
798.028	14028.000
798.043	13930.000
798.059	13724.000
798.074	13698.000
798.089	13756.000
798.105	13592.000
798.120	13704.000
798.136	14174.000
798.151	14116.000
798.167	14180.000
798.182	14394.000
798.198	14578.000
798.213	14650.000
798.229	14370.000
798.244	14504.000
798.260	14034.000
798.275	13728.000
798.291	13538.000
798.306	13302.000
798.322	13360.000
798.337	13000.000
798.353	13320.000
798.368	13384.000
798.383	13364.000
798.399	13452.000
798.414	13606.000
798.430	13622.000
798.445	13690.000
798.461	13834.000
798.476	13772.000
798.492	13628.000
798.507	13478.000
798.523	13472.000
798.538	13112.000
798.554	12782.000
798.569	12852.000
798.584	12764.000
798.600	12666.000
798.615	12660.000
798.631	12586.000
798.646	13042.000
798.662	12634.000
798.677	12700.000
798.693	12918.000
798.708	13168.000
798.724	13280.000
798.739	13322.000
798.754	13224.000
798.770	13150.000
798.785	13066.000
798.801	12494.000
798.816	12468.000
798.832	12360.000
798.847	12264.000
798.862	12230.000
798.878	11880.000
798.893	12186.000
798.909	12104.000
798.924	12038.000
798.940	12206.000
798.955	12186.000
798.970	12494.000
798.986	12614.000
799.001	12616.000
799.017	12608.000
799.032	12458.000
799.048	12408.000
799.063	12146.000
799.078	11988.000
799.094	11960.000
799.109	11726.000
799.125	11450.000
799.140	11648.000
799.156	11544.000
799.171	11688.000
799.186	11506.000
799.202	11736.000
799.217	11724.000
799.233	11788.000
799.248	11990.000
799.263	12090.000
799.279	12118.000
799.294	12082.000
799.310	11832.000
799.325	11722.000
799.341	11462.000
799.356	11328.000
799.371	11140.000
799.387	11152.000
799.402	10954.000
799.418	11060.000
799.433	11108.000
799.448	11146.000
799.464	11258.000
799.479	11030.000
799.495	11240.000
799.510	11442.000
799.525	11388.000
799.541	11642.000
799.556	11436.000
799.571	11290.000
799.587	11144.000
799.602	10802.000
799.618	10850.000
799.633	10556.000
799.648	10410.000
799.664	10400.000
799.679	10568.000
799.695	10612.000
799.710	10482.000
799.725	10736.000
799.741	10574.000
799.756	10546.000
799.771	10848.000
799.787	11016.000
799.802	10946.000
799.818	11016.000
799.833	10798.000
799.848	10686.000
799.864	10580.000
799.879	10274.000
799.894	10026.000
799.910	10134.000
799.925	10228.000
799.941	10014.000
799.956	10102.000
799.971	10176.000
799.987	9994.000
800.002	9796.000
800.017	10104.000
800.033	10206.000
800.048	10202.000
800.063	10172.000
800.079	10210.000
800.094	10204.000
800.110	10212.000
800.125	10134.000
800.140	9976.000
800.156	9988.000
800.171	9700.000
800.186	9714.000
800.202	9762.000
800.217	9516.000
800.232	9622.000
800.248	9442.000
800.263	9436.000
800.278	9676.000
800.294	9470.000
800.309	9550.000
800.324	9620.000
800.340	9586.000
800.355	9766.000
800.370	9796.000
800.386	9566.000
800.401	9554.000
800.417	9296.000
800.432	9354.000
800.447	9176.000
800.463	9254.000
800.478	9142.000
800.493	9012.000
800.509	9032.000
800.524	9074.000
800.539	8934.000
800.555	9100.000
800.570	9282.000
800.585	9210.000
800.600	9340.000
800.616	9390.000
800.631	9476.000
800.646	9214.000
800.662	9284.000
800.677	8862.000
800.692	8766.000
800.708	8550.000
800.723	8668.000
800.738	8592.000
800.754	8486.000
800.769	8588.000
800.784	8516.000
800.800	8530.000
800.815	8656.000
800.830	8770.000
800.846	8678.000
800.861	8882.000
800.876	8952.000
800.891	8940.000
800.907	8920.000
800.922	8722.000
800.937	8792.000
800.953	8414.000
800.968	8386.000
800.983	8178.000
800.999	8142.000
801.014	8242.000
801.029	8226.000
801.045	8086.000
801.060	8220.000
801.075	8272.000
801.090	8296.000
801.106	8310.000
801.121	8498.000
801.136	8414.000
801.152	8636.000
801.167	8292.000
801.182	8434.000
801.197	8162.000
801.213	7924.000
801.228	7942.000
801.243	8042.000
801.259	7754.000
801.274	7714.000
801.289	7880.000
801.304	7830.000
801.320	7624.000
801.335	7832.000
801.350	7990.000
801.366	7830.000
801.381	7968.000
801.396	8008.000
801.411	7944.000
801.427	7950.000
801.442	7894.000
801.457	7646.000
801.472	7780.000
801.488	7704.000
801.503	7600.000
801.518	7384.000
801.534	7364.000
801.549	7482.000
801.564	7512.000
801.579	7546.000
801.595	7372.000
801.610	7426.000
801.625	7360.000
801.640	7544.000
801.656	7598.000
801.671	7614.000
801.686	7564.000
801.701	7340.000
801.717	7454.000
801.732	7540.000
801.747	7372.000
801.762	7224.000
801.778	7180.000
801.793	7136.000
801.808	7072.000
801.823	6984.000
801.839	7126.000
801.854	6986.000
801.869	7026.000
801.884	7078.000
801.900	7026.000
801.915	7044.000
801.930	7252.000
801.945	7302.000
801.961	7262.000
801.976	7272.000
801.991	7178.000
802.006	7088.000
802.022	7006.000
802.037	6894.000
802.052	6610.000
802.067	6702.000
802.082	6762.000
802.098	6768.000
802.113	6692.000
802.128	6824.000
802.143	6780.000
802.159	6688.000
802.174	6814.000
802.189	6770.000
802.204	6974.000
802.220	6862.000
802.235	6862.000
802.250	6870.000
802.265	6776.000
802.280	6854.000
802.296	6552.000
802.311	6510.000
802.326	6450.000
802.341	6526.000
802.356	6390.000
802.372	6382.000
802.387	6420.000
802.402	6556.000
802.417	6454.000
802.433	6508.000
802.448	6470.000
802.463	6586.000
802.478	6728.000
802.493	6532.000
802.509	6740.000
802.524	6494.000
802.539	6296.000
802.554	6148.000
802.569	6162.000
802.585	5880.000
802.600	6094.000
802.615	5958.000
802.630	5992.000
802.645	6208.000
802.661	6054.000
802.676	6180.000
802.691	6084.000
802.706	6140.000
802.721	6138.000
802.736	6134.000
802.752	6294.000
802.767	6292.000
802.782	6126.000
802.797	6166.000
802.812	6000.000
802.828	5900.000
802.843	5696.000
802.858	5726.000
802.873	5596.000
802.888	5852.000
802.903	5752.000
802.919	5754.000
802.934	5750.000
802.949	5804.000
802.964	5724.000
802.979	5712.000
802.995	5934.000
803.010	5868.000
803.025	5918.000
803.040	5846.000
803.055	5838.000
803.070	5752.000
803.086	5744.000
803.101	5720.000
803.116	5644.000
803.131	5604.000
803.146	5616.000
803.161	5518.000
803.177	5382.000
803.192	5494.000
803.207	5430.000
803.222	5494.000
803.237	5594.000
803.252	5504.000
803.267	5672.000
803.283	5556.000
803.298	5538.000
803.313	5482.000
803.328	5454.000
803.343	5492.000
803.358	5466.000
803.374	5368.000
803.389	5220.000
803.404	5340.000
803.419	5174.000
803.434	5282.000
803.449	5278.000
803.464	5122.000
803.480	5160.000
803.495	5136.000
803.510	5286.000
803.525	5484.000
803.540	5392.000
803.555	5378.000
803.570	5458.000
803.585	5236.000
803.601	5284.000
803.616	5138.000
803.631	5042.000
803.646	5136.000
803.661	4986.000
803.676	4964.000
803.691	4948.000
803.706	4938.000
803.722	4892.000
803.737	4854.000
803.752	4900.000
803.767	4992.000
803.782	5028.000
803.797	5086.000
803.812	5102.000
803.827	5102.000
803.843	5170.000
803.858	5114.000
803.873	5068.000
803.888	5066.000
803.903	4900.000
803.918	4822.000
803.933	4664.000
803.948	4626.000
803.963	4630.000
803.979	4620.000
803.994	4680.000
804.009	4736.000
804.024	4756.000
804.039	4852.000
804.054	4804.000
804.069	4998.000
804.084	4890.000
804.099	4904.000
804.115	4796.000
804.130	4740.000
804.145	4762.000
804.160	4850.000
804.175	4702.000
804.190	4478.000
804.205	4580.000
804.220	4520.000
804.235	4404.000
804.250	4562.000
804.265	4544.000
804.281	4532.000
804.296	4766.000
804.311	4596.000
804.326	4580.000
804.341	4652.000
804.356	4728.000
804.371	4794.000
804.386	4572.000
804.401	4530.000
804.416	4552.000
804.431	4598.000
804.446	4436.000
804.461	4328.000
804.477	4304.000
804.492	4368.000
804.507	4336.000
804.522	4300.000
804.537	4336.000
804.552	4330.000
804.567	4364.000
804.582	4394.000
804.597	4448.000
804.612	4298.000
804.627	4298.000
804.642	4516.000
804.657	4514.000
804.672	4500.000
804.688	4380.000
804.703	4332.000
804.718	4260.000
804.733	4148.000
804.748	4250.000
804.763	4132.000
804.778	4230.000
804.793	4140.000
804.808	4062.000
804.823	4056.000
804.838	4172.000
804.853	4176.000
804.868	4118.000
804.883	4186.000
804.898	4288.000
804.913	4256.000
804.928	4274.000
804.943	4184.000
804.958	4262.000
804.973	4078.000
804.989	4160.000
805.004	3980.000
805.019	4000.000
805.034	3966.000
805.049	3886.000
805.064	3900.000
805.079	3840.000
805.094	3958.000
805.109	4086.000
805.124	3928.000
805.139	4068.000
805.154	3928.000
805.169	4044.000
805.184	4028.000
805.199	4070.000
805.214	4134.000
805.229	4172.000
805.244	3946.000
805.259	3876.000
805.274	3718.000
805.289	3680.000
805.304	3842.000
805.319	3644.000
805.334	3744.000
805.349	3824.000
805.364	3886.000
805.379	3866.000
805.394	3840.000
805.409	3872.000
805.424	3812.000
805.439	3956.000
805.454	3932.000
805.469	3768.000
805.484	3816.000
805.499	3838.000
805.514	3814.000
805.529	3770.000
805.544	3684.000
805.559	3682.000
805.574	3680.000
805.589	3678.000
805.604	3552.000
805.619	3670.000
805.634	3724.000
805.649	3736.000
805.664	3776.000
805.679	3696.000
805.694	3618.000
805.709	3772.000
805.724	3716.000
805.739	3744.000
805.754	3776.000
805.769	3726.000
805.784	3688.000
805.799	3580.000
805.814	3550.000
805.829	3478.000
805.844	3500.000
805.859	3582.000
805.874	3574.000
805.889	3542.000
805.904	3648.000
805.919	3602.000
805.934	3630.000
805.949	3654.000
805.964	3716.000
805.979	3582.000
805.994	3694.000
806.009	3688.000
806.024	3522.000
806.039	3546.000
806.054	3686.000
806.069	3722.000
806.084	3436.000
806.099	3538.000
806.114	3464.000
806.129	3502.000
806.144	3374.000
806.159	3476.000
806.174	3550.000
806.188	3500.000
806.203	3460.000
806.218	3544.000
806.233	3462.000
806.248	3510.000
806.263	3500.000
806.278	3432.000
806.293	3596.000
806.308	3546.000
806.323	3428.000
806.338	3432.000
806.353	3418.000
806.368	3568.000
806.383	3348.000
806.398	3240.000
806.413	3366.000
806.428	3284.000
806.443	3326.000
806.458	3278.000
806.473	3376.000
806.487	3400.000
806.502	3396.000
806.517	3308.000
806.532	3326.000
806.547	3298.000
806.562	3440.000
806.577	3396.000
806.592	3296.000
806.607	3288.000
806.622	3146.000
806.637	3310.000
806.652	3124.000
806.667	3150.000
806.682	3258.000
806.697	3074.000
806.711	3140.000
806.726	3150.000
806.741	3042.000
806.756	3094.000
806.771	3206.000
806.786	3114.000
806.801	3112.000
806.816	3124.000
806.831	3178.000
806.846	3278.000
806.861	3274.000
806.876	3160.000
806.890	2950.000
806.905	2962.000
806.920	2896.000
806.935	2942.000
806.950	2930.000
806.965	3078.000
806.980	3120.000
806.995	3032.000
807.010	3074.000
807.025	2962.000
807.040	2960.000
807.054	3020.000
807.069	2986.000
807.084	3088.000
807.099	3098.000
807.114	3024.000
807.129	3016.000
807.144	2964.000
807.159	2936.000
807.174	2960.000
807.189	2918.000
807.203	3062.000
807.218	2888.000
807.233	2846.000
807.248	2834.000
807.263	2970.000
807.278	2910.000
807.293	2912.000
807.308	2848.000
807.323	2858.000
807.337	2836.000
807.352	2958.000
807.367	2924.000
807.382	2868.000
807.397	2920.000
807.412	2924.000
807.427	2904.000
807.442	2854.000
807.456	2698.000
807.471	2802.000
807.486	2744.000
807.501	2736.000
807.516	2794.000
807.531	2734.000
807.546	2822.000
807.561	2808.000
807.575	2784.000
807.590	2726.000
807.605	2856.000
807.620	2818.000
807.635	2774.000
807.650	2720.000
807.665	2830.000
807.679	2742.000
807.694	2756.000
807.709	2724.000
807.724	2688.000
807.739	2640.000
807.754	2670.000
807.769	2612.000
807.783	2644.000
807.798	2626.000
807.813	2718.000
807.828	2710.000
807.843	2620.000
807.858	2656.000
807.872	2694.000
807.887	2744.000
807.902	2772.000
807.917	2730.000
807.932	2702.000
807.947	2670.000
807.962	2732.000
807.976	2680.000
807.991	2702.000
808.006	2494.000
808.021	2510.000
808.036	2586.000
808.051	2552.000
808.065	2546.000
808.080	2552.000
808.095	2534.000
808.110	2578.000
808.125	2608.000
808.140	2564.000
808.154	2552.000
808.169	2582.000
808.184	2726.000
808.199	2660.000
808.214	2684.000
808.228	2720.000
808.243	2556.000
808.258	2588.000
808.273	2502.000
808.288	2522.000
808.303	2430.000
808.317	2476.000
808.332	2556.000
808.347	2474.000
808.362	2496.000
808.377	2542.000
808.391	2550.000
808.406	2608.000
808.421	2548.000
808.436	2536.000
808.451	2552.000
808.465	2466.000
808.480	2458.000
808.495	2518.000
808.510	2472.000
808.525	2510.000
808.540	2426.000
808.554	2478.000
808.569	2354.000
808.584	2472.000
808.599	2464.000
808.613	2406.000
808.628	2422.000
808.643	2436.000
808.658	2432.000
808.673	2484.000
808.687	2508.000
808.702	2474.000
808.717	2476.000
808.732	2488.000
808.747	2428.000
808.761	2308.000
808.776	2406.000
808.791	2394.000
808.806	2414.000
808.821	2430.000
808.835	2408.000
808.850	2422.000
808.865	2366.000
808.880	2324.000
808.894	2348.000
808.909	2416.000
808.924	2448.000
808.939	2440.000
808.953	2418.000
808.968	2318.000
808.983	2392.000
808.998	2434.000
809.013	2312.000
809.027	2436.000
809.042	2348.000
809.057	2450.000
809.072	2324.000
809.086	2332.000
809.101	2234.000
809.116	2300.000
809.131	2290.000
809.145	2348.000
809.160	2348.000
809.175	2250.000
809.190	2298.000
809.204	2296.000
809.219	2214.000
809.234	2304.000
809.249	2294.000
809.263	2366.000
809.278	2392.000
809.293	2386.000
809.308	2360.000
809.322	2350.000
809.337	2376.000
809.352	2330.000
809.367	2250.000
809.381	2296.000
809.396	2350.000
809.411	2200.000
809.426	2234.000
809.440	2168.000
809.455	2262.000
809.470	2294.000
809.485	2186.000
809.499	2308.000
809.514	2242.000
809.529	2360.000
809.544	2298.000
809.558	2314.000
809.573	2360.000
809.588	2252.000
809.602	2426.000
809.618	2202.000
809.633	2260.000
809.648	2258.000
809.664	2286.000
809.679	2152.000
809.694	2210.000
809.710	2184.000
809.725	2164.000
809.740	2104.000
809.756	2296.000
809.771	2162.000
809.786	2264.000
809.802	2252.000
809.817	2194.000
809.832	2308.000
809.847	2224.000
809.863	2240.000
809.878	2274.000
809.893	2198.000
809.909	2172.000
809.924	2182.000
809.939	2078.000
809.955	2146.000
809.970	2112.000
809.985	2082.000
810.000	2136.000
810.016	2168.000
810.031	2180.000
810.046	2148.000
810.062	2204.000
810.077	2124.000
810.092	2174.000
810.108	2166.000
810.123	2160.000
810.138	2138.000
810.153	2072.000
810.169	2048.000
810.184	2086.000
810.199	2076.000
810.215	2102.000
810.230	2060.000
810.245	2046.000
810.260	2092.000
810.276	2100.000
810.291	2096.000
810.306	1942.000
810.321	2108.000
810.337	2012.000
810.352	2036.000
810.367	2062.000
810.383	2108.000
810.398	2012.000
810.413	2110.000
810.428	2028.000
810.444	2060.000
810.459	2058.000
810.474	2014.000
810.489	2028.000
810.505	2020.000
810.520	2054.000
810.535	1990.000
810.550	2006.000
810.566	1998.000
810.581	1938.000
810.596	2118.000
810.612	2018.000
810.627	2034.000
810.642	2028.000
810.657	1980.000
810.673	2080.000
810.688	2006.000
810.703	2096.000
810.718	1978.000
810.734	1978.000
810.749	1994.000
810.764	2008.000
810.779	1962.000
810.795	1972.000
810.810	1860.000
810.825	1962.000
810.840	1950.000
810.856	1882.000
810.871	1906.000
810.886	2064.000
810.901	1950.000
810.916	2014.000
810.932	2016.000
810.947	1936.000
810.962	1944.000
810.977	2022.000
810.993	1988.000
811.008	1870.000
811.023	1938.000
811.038	1924.000
811.054	1830.000
811.069	1860.000
811.084	1822.000
811.099	1860.000
811.114	1910.000
811.130	1894.000
811.145	1904.000
811.160	1946.000
811.175	1982.000
811.191	1898.000
811.206	1928.000
811.221	1920.000
811.236	1944.000
811.251	1930.000
811.267	1920.000
811.282	1916.000
811.297	1796.000
811.312	1932.000
811.328	1796.000
811.343	1852.000
811.358	1840.000
811.373	1858.000
811.388	1836.000
811.404	1910.000
811.419	1826.000
811.434	1834.000
811.449	1918.000
811.464	1834.000
811.480	1890.000
811.495	1822.000
811.510	1944.000
811.525	1890.000
811.540	1836.000
811.556	1848.000
811.571	1804.000
811.586	1852.000
811.601	1904.000
811.616	1902.000
811.632	1766.000
811.647	1852.000
811.662	1840.000
811.677	1760.000
811.692	1882.000
811.708	1792.000
811.723	1798.000
811.738	1816.000
811.753	1820.000
811.768	1770.000
811.783	1768.000
811.799	1770.000
811.814	1786.000
811.829	1852.000
811.844	1764.000
811.859	1844.000
811.875	1816.000
811.890	1764.000
811.905	1846.000
811.920	1846.000
811.935	1856.000
811.950	1796.000
811.966	1776.000
811.981	1860.000
811.996	1720.000
812.011	1864.000
812.026	1854.000
812.041	1824.000
812.057	1782.000
812.072	1858.000
812.087	1842.000
812.102	1840.000
812.117	1822.000
812.132	1750.000
812.148	1764.000
812.163	1698.000
812.178	1714.000
812.193	1758.000
812.208	1768.000
812.223	1742.000
812.239	1726.000
812.254	1706.000
812.269	1816.000
812.284	1758.000
812.299	1784.000
812.314	1762.000
812.329	1748.000
812.345	1730.000
812.360	1770.000
812.375	1762.000
812.390	1784.000
812.405	1788.000
812.420	1818.000
812.435	1790.000
812.451	1756.000
812.466	1700.000
812.481	1786.000
812.496	1704.000
812.511	1704.000
812.526	1796.000
812.541	1788.000
812.557	1766.000
812.572	1720.000
812.587	1800.000
812.602	1804.000
812.617	1842.000
812.632	1778.000
812.647	1870.000
812.662	1758.000
812.678	1826.000
812.693	1822.000
812.708	1774.000
812.723	1780.000
812.738	1822.000
812.753	1860.000
812.768	1864.000
812.783	1810.000
812.799	1896.000
812.814	1856.000
812.829	1832.000
812.844	1904.000
812.859	1958.000
812.874	1926.000
812.889	2034.000
812.904	2036.000
812.919	2028.000
812.935	2058.000
812.950	2052.000
812.965	2076.000
812.980	2144.000
812.995	2120.000
813.010	2182.000
813.025	2160.000
813.040	2288.000
813.055	2452.000
813.071	2430.000
813.086	2472.000
813.101	2562.000
813.116	2558.000
813.131	2566.000
813.146	2582.000
813.161	2484.000
813.176	2582.000
813.191	2570.000
813.206	2464.000
813.222	2392.000
813.237	2456.000
813.252	2350.000
813.267	2326.000
813.282	2260.000
813.297	2332.000
813.312	2244.000
813.327	2264.000
813.342	2224.000
813.357	2120.000
813.372	2080.000
813.387	2068.000
813.403	2084.000
813.418	2118.000
813.433	2020.000
813.448	2072.000
813.463	2138.000
813.478	2094.000
813.493	2050.000
813.508	1968.000
813.523	2072.000
813.538	2058.000
813.553	1990.000
813.568	1904.000
813.583	1902.000
813.598	1898.000
813.614	2014.000
813.629	1960.000
813.644	1918.000
813.659	1960.000
813.674	1908.000
813.689	1824.000
813.704	1954.000
813.719	1932.000
813.734	1966.000
813.749	1962.000
813.764	1998.000
813.779	1902.000
813.794	1968.000
813.809	2010.000
813.824	1978.000
813.839	1976.000
813.854	1938.000
813.870	2036.000
813.885	2062.000
813.900	2088.000
813.915	2088.000
813.930	2036.000
813.945	2018.000
813.960	2098.000
813.975	2080.000
813.990	2126.000
814.005	2228.000
814.020	2206.000
814.035	2214.000
814.050	2308.000
814.065	2338.000
814.080	2270.000
814.095	2368.000
814.110	2422.000
814.125	2406.000
814.140	2506.000
814.155	2604.000
814.170	2576.000
814.185	2706.000
814.200	2924.000
814.215	2852.000
814.230	3054.000
814.245	3170.000
814.260	3156.000
814.275	3446.000
814.291	3490.000
814.306	3790.000
814.321	3984.000
814.336	4234.000
814.351	4386.000
814.366	4776.000
814.381	4842.000
814.396	5150.000
814.411	5402.000
814.426	5638.000
814.441	5752.000
814.456	5956.000
814.471	6130.000
814.486	6268.000
814.501	6252.000
814.516	6284.000
814.531	6236.000
814.546	6164.000
814.561	5940.000
814.576	5748.000
814.591	5662.000
814.606	5344.000
814.621	5152.000
814.636	5000.000
814.651	4776.000
814.666	4530.000
814.681	4340.000
814.696	4176.000
814.711	4094.000
814.726	4042.000
814.741	3760.000
814.756	3680.000
814.771	3494.000
814.786	3544.000
814.801	3270.000
814.816	3220.000
814.831	3236.000
814.846	3098.000
814.861	3070.000
814.876	3096.000
814.891	3022.000
814.906	2900.000
814.921	2828.000
814.936	2824.000
814.951	2754.000
814.966	2648.000
814.980	2728.000
814.995	2602.000
815.010	2658.000
815.025	2506.000
815.040	2494.000
815.055	2634.000
815.070	2466.000
815.085	2508.000
815.100	2426.000
815.115	2378.000
815.130	2336.000
815.145	2344.000
815.160	2368.000
815.175	2256.000
815.190	2158.000
815.205	2182.000
815.220	2132.000
815.235	2106.000
815.250	2138.000
815.265	2112.000
815.280	2096.000
815.295	1916.000
815.310	1958.000
815.325	1958.000
815.340	2028.000
815.355	1902.000
815.370	1946.000
815.384	1906.000
815.399	1946.000
815.414	1856.000
815.429	1856.000
815.444	1782.000
815.459	1720.000
815.474	1776.000
815.489	1812.000
815.504	1718.000
815.519	1656.000
815.534	1694.000
815.549	1656.000
815.564	1654.000
815.579	1528.000
815.594	1544.000
815.609	1584.000
815.624	1570.000
815.638	1588.000
815.653	1568.000
815.668	1562.000
815.683	1580.000
815.698	1514.000
815.713	1556.000
815.728	1458.000
815.743	1490.000
815.758	1536.000
815.773	1504.000
815.788	1446.000
815.803	1376.000
815.818	1386.000
815.833	1454.000
815.847	1336.000
815.862	1334.000
815.877	1350.000
815.892	1376.000
815.907	1314.000
815.922	1340.000
815.937	1298.000
815.952	1336.000
815.967	1300.000
815.982	1320.000
815.997	1276.000
816.012	1286.000
816.026	1210.000
816.041	1318.000
816.056	1278.000
816.071	1188.000
816.086	1182.000
816.101	1260.000
816.116	1198.000
816.131	1162.000
816.146	1168.000
816.161	1240.000
816.175	1214.000
816.190	1188.000
816.205	1248.000
816.220	1178.000
816.235	1180.000
816.250	1196.000
816.265	1162.000
816.280	1174.000
816.295	1118.000
816.309	1152.000
816.324	1136.000
816.339	1152.000
816.354	1074.000
816.369	1170.000
816.384	1090.000
816.399	1118.000
816.414	1116.000
816.429	1110.000
816.443	1096.000
816.458	1040.000
816.473	1072.000
816.488	1106.000
816.503	1148.000
816.518	1084.000
816.533	1118.000
816.548	1142.000
816.562	1118.000
816.577	1126.000
816.592	1104.000
816.607	1042.000
816.622	1124.000
816.637	1106.000
816.652	1032.000
816.667	1110.000
816.681	1010.000
816.696	986.000
816.711	1054.000
816.726	988.000
816.741	1080.000
816.756	1026.000
816.771	1044.000
816.785	1074.000
816.800	1028.000
816.815	1014.000
816.830	1030.000
816.845	1026.000
816.860	1008.000
816.875	988.000
816.889	1030.000
816.904	1088.000
816.919	1034.000
816.934	992.000
816.949	980.000
816.964	976.000
816.978	984.000
816.993	956.000
817.008	944.000
817.023	966.000
817.038	1032.000
817.053	974.000
817.068	974.000
817.082	950.000
817.097	968.000
817.112	1012.000
817.127	1018.000
817.142	918.000
817.157	980.000
817.171	992.000
817.186	916.000
817.201	972.000
817.216	914.000
817.231	820.000
817.246	934.000
817.260	908.000
817.275	922.000
817.290	896.000
817.305	916.000
817.320	978.000
817.334	968.000
817.349	940.000
817.364	928.000
817.379	946.000
817.394	912.000
817.409	934.000
817.423	924.000
817.438	936.000
817.453	938.000
817.468	962.000
817.483	922.000
817.497	882.000
817.512	912.000
817.527	886.000
817.542	896.000
817.557	842.000
817.571	862.000
817.586	832.000
817.601	966.000
817.616	884.000
817.631	892.000
817.645	886.000
817.660	904.000
817.675	876.000
817.690	876.000
817.705	912.000
817.719	864.000
817.734	874.000
817.749	892.000
817.764	870.000
817.779	874.000
817.793	828.000
817.808	826.000
817.823	810.000
817.838	862.000
817.853	874.000
817.867	870.000
817.882	844.000
817.897	866.000
817.912	824.000
817.926	834.000
817.941	782.000
817.956	822.000
817.971	814.000
817.986	838.000
818.000	834.000
818.015	862.000
818.030	822.000
818.045	870.000
818.059	856.000
818.074	846.000
818.089	892.000
818.104	854.000
818.119	814.000
818.133	878.000
818.148	826.000
818.163	846.000
818.178	818.000
818.192	814.000
818.207	820.000
818.222	824.000
818.237	834.000
818.251	782.000
818.266	840.000
818.281	782.000
818.296	808.000
818.310	792.000
818.325	766.000
818.340	794.000
818.355	742.000
818.369	744.000
818.384	786.000
818.399	832.000
818.414	790.000
818.428	838.000
818.443	790.000
818.458	800.000
818.473	832.000
818.487	822.000
818.502	808.000
818.517	810.000
818.532	802.000
818.546	798.000
818.561	778.000
818.576	782.000
818.591	734.000
818.605	808.000
818.620	824.000
818.635	750.000
818.649	716.000
818.664	796.000
818.679	702.000
818.694	776.000
818.708	798.000
818.723	770.000
818.738	794.000
818.753	776.000
818.767	790.000
818.782	822.000
818.797	776.000
818.811	798.000
818.826	840.000
818.841	812.000
818.856	796.000
818.870	804.000
818.885	742.000
818.900	744.000
818.914	792.000
818.929	756.000
818.944	762.000
818.959	736.000
818.973	746.000
818.988	746.000
819.003	758.000
819.017	732.000
819.032	738.000
819.047	766.000
819.062	748.000
819.076	746.000
819.091	724.000
819.106	726.000
819.120	830.000
819.135	746.000
819.150	762.000
819.164	758.000
819.179	724.000
819.194	762.000
819.209	740.000
819.223	764.000
819.238	740.000
819.253	800.000
819.267	736.000
819.282	710.000
819.297	752.000
819.311	676.000
819.326	740.000
819.341	730.000
819.355	776.000
819.370	760.000
819.385	782.000
819.399	740.000
819.414	668.000
819.429	722.000
819.444	758.000
819.458	720.000
819.473	730.000
819.488	772.000
819.502	698.000
819.517	724.000
819.532	718.000
819.546	754.000
819.561	738.000
819.576	686.000
819.590	678.000
819.605	726.000
819.620	698.000
819.634	754.000
819.649	672.000
819.664	704.000
819.678	776.000
819.693	762.000
819.708	726.000
819.722	728.000
819.737	698.000
819.752	748.000
819.766	704.000
819.781	696.000
819.795	700.000
819.810	718.000
819.825	694.000
819.839	702.000
819.854	708.000
819.869	712.000
819.883	740.000
819.898	724.000
819.913	668.000
819.927	704.000
819.942	724.000
819.957	704.000
819.971	688.000
819.986	694.000
820.001	710.000
820.015	710.000
820.030	724.000
820.044	722.000
820.059	706.000
820.074	740.000
820.088	636.000
820.103	706.000
820.118	682.000
820.132	674.000
820.147	722.000
820.161	698.000
820.176	722.000
820.191	706.000
820.205	668.000
820.220	674.000
820.235	732.000
820.249	702.000
820.264	662.000
820.278	700.000
820.293	686.000
820.308	690.000
820.322	664.000
820.337	692.000
820.352	652.000
820.366	682.000
820.381	664.000
820.395	678.000
820.410	684.000
820.425	684.000
820.439	714.000
820.454	662.000
820.468	636.000
820.483	680.000
820.498	694.000
820.512	680.000
820.527	700.000
820.541	662.000
820.556	688.000
820.571	650.000
820.585	674.000
820.600	698.000
820.614	682.000
820.629	664.000
820.644	678.000
820.658	658.000
820.673	686.000
820.687	694.000
820.702	660.000
820.717	674.000
820.731	668.000
820.746	642.000
820.760	672.000
820.775	656.000
820.790	632.000
820.804	682.000
820.819	646.000
820.833	674.000
820.848	638.000
820.862	632.000
820.877	664.000
820.892	650.000
820.906	644.000
820.921	696.000
820.935	674.000
820.950	648.000
820.964	678.000
820.979	632.000
820.994	624.000
821.008	654.000
821.023	646.000
821.037	644.000
821.052	648.000
821.066	642.000
821.081	608.000
821.096	636.000
821.110	718.000
821.125	620.000
821.139	692.000
821.154	636.000
821.168	680.000
821.183	658.000
821.197	638.000
821.212	638.000
821.227	622.000
821.241	572.000
821.256	602.000
821.270	642.000
821.285	644.000
821.299	608.000
821.314	648.000
821.328	690.000
821.343	650.000
821.357	622.000
821.372	648.000
821.387	590.000
821.401	626.000
821.416	658.000
821.430	596.000
821.445	646.000
821.459	648.000
821.474	628.000
821.488	602.000
821.503	614.000
821.517	588.000
821.532	564.000
821.546	660.000
821.561	608.000
821.576	622.000
821.590	644.000
821.605	602.000
821.619	618.000
821.634	566.000
821.648	630.000
821.663	608.000
821.677	620.000
821.692	596.000
821.706	610.000
821.721	624.000
821.735	624.000
821.750	602.000
821.764	598.000
821.779	600.000
821.793	618.000
821.808	592.000
821.822	584.000
821.837	598.000
821.851	622.000
821.866	618.000
821.880	614.000
821.895	570.000
821.909	608.000
821.924	590.000
821.938	622.000
821.953	682.000
821.967	604.000
821.982	592.000
821.996	592.000
822.011	602.000
822.025	626.000
822.040	596.000
822.054	622.000
822.069	586.000
822.083	548.000
822.098	592.000
822.112	612.000
822.127	576.000
822.141	574.000
822.156	574.000
822.170	578.000
822.185	580.000
822.199	562.000
822.214	654.000
822.228	582.000
822.243	580.000
822.257	592.000
822.272	610.000
822.286	572.000
822.301	618.000
822.315	596.000
822.330	540.000
822.344	590.000
822.359	538.000
822.373	518.000
822.388	568.000
822.402	582.000
822.416	590.000
822.431	574.000
822.445	574.000
822.460	556.000
822.474	552.000
822.489	544.000
822.503	582.000
822.518	572.000
822.532	576.000
822.547	582.000
822.561	594.000
822.576	574.000
822.590	596.000
822.605	612.000
822.619	558.000
822.633	568.000
822.648	562.000
822.662	554.000
822.677	592.000
822.691	594.000
822.706	592.000
822.720	584.000
822.735	536.000
822.749	570.000
822.763	572.000
822.778	588.000
822.792	590.000
822.807	598.000
822.821	552.000
822.836	590.000
822.850	580.000
822.865	560.000
822.879	576.000
822.893	592.000
822.908	550.000
822.922	538.000
822.937	532.000
822.951	552.000
822.966	540.000
822.980	588.000
822.994	582.000
823.009	534.000
823.023	586.000
823.038	564.000
823.052	578.000
823.067	582.000
823.081	620.000
823.095	618.000
823.110	590.000
823.124	582.000
823.139	550.000
823.153	568.000
823.168	554.000
823.182	582.000
823.196	566.000
823.211	560.000
823.225	578.000
823.240	582.000
823.254	558.000
823.268	570.000
823.283	552.000
823.297	566.000
823.312	582.000
823.326	548.000
823.340	564.000
823.355	580.000
823.369	614.000
823.384	522.000
823.398	598.000
823.412	544.000
823.427	538.000
823.441	570.000
823.456	576.000
823.470	566.000
823.484	516.000
823.499	518.000
823.513	558.000
823.528	552.000
823.542	598.000
823.556	532.000
823.571	606.000
823.585	608.000
823.600	568.000
823.614	526.000
823.628	538.000
823.643	562.000
823.657	536.000
823.671	552.000
823.686	540.000
823.700	516.000
823.715	530.000
823.729	540.000
823.743	582.000
823.758	564.000
823.772	546.000
823.786	584.000
823.801	596.000
823.815	560.000
823.830	504.000
823.844	598.000
823.858	544.000
823.873	540.000
823.887	568.000
823.901	590.000
823.916	598.000
823.930	562.000
823.945	540.000
823.959	554.000
823.973	572.000
823.988	590.000
824.002	588.000
824.016	590.000
824.031	576.000
824.045	548.000
824.059	570.000
824.074	562.000
824.088	562.000
824.102	532.000
824.117	558.000
824.131	560.000
824.145	548.000
824.160	566.000
824.174	558.000
824.188	558.000
824.203	562.000
824.217	570.000
824.232	572.000
824.246	584.000
824.260	592.000
824.275	562.000
824.289	578.000
824.303	556.000
824.318	566.000
824.332	520.000
824.346	570.000
824.361	544.000
824.375	528.000
824.389	522.000
824.404	548.000
824.418	534.000
824.432	540.000
824.446	568.000
824.461	588.000
824.475	588.000
824.489	582.000
824.504	576.000
824.518	546.000
824.532	574.000
824.547	568.000
824.561	610.000
824.575	566.000
824.590	542.000
824.604	612.000
824.618	572.000
824.633	546.000
824.647	558.000
824.661	570.000
824.676	600.000
824.690	586.000
824.704	568.000
824.718	562.000
824.733	598.000
824.747	592.000
824.761	562.000
824.776	596.000
824.791	572.000
824.806	602.000
824.821	626.000
824.836	628.000
824.851	594.000
824.866	636.000
824.880	576.000
824.895	594.000
824.910	596.000
824.925	586.000
824.940	612.000
824.955	544.000
824.970	590.000
824.985	558.000
825.000	600.000
825.014	608.000
825.029	570.000
825.044	628.000
825.059	586.000
825.074	566.000
825.089	578.000
825.104	608.000
825.119	606.000
825.134	558.000
825.148	574.000
825.163	558.000
825.178	574.000
825.193	546.000
825.208	578.000
825.223	596.000
825.238	594.000
825.253	590.000
825.267	576.000
825.282	600.000
825.297	586.000
825.312	606.000
825.327	614.000
825.342	584.000
825.357	576.000
825.372	578.000
825.386	576.000
825.401	640.000
825.416	612.000
825.431	608.000
825.446	592.000
825.461	562.000
825.476	580.000
825.490	584.000
825.505	566.000
825.520	580.000
825.535	580.000
825.550	574.000
825.565	572.000
825.580	582.000
825.594	590.000
825.609	578.000
825.624	592.000
825.639	572.000
825.654	618.000
825.669	558.000
825.683	624.000
825.698	576.000
825.713	586.000
825.728	546.000
825.743	574.000
825.758	574.000
825.773	624.000
825.787	562.000
825.802	574.000
825.817	614.000
825.832	618.000
825.847	588.000
825.862	584.000
825.876	612.000
825.891	560.000
825.906	590.000
825.921	614.000
825.936	594.000
825.951	584.000
825.965	608.000
825.980	576.000
825.995	586.000
826.010	582.000
826.025	570.000
826.039	566.000
826.054	604.000
826.069	548.000
826.084	592.000
826.099	620.000
826.114	562.000
826.128	616.000
826.143	588.000
826.158	618.000
826.173	612.000
826.188	562.000
826.202	594.000
826.217	574.000
826.232	576.000
826.247	566.000
826.262	566.000
826.276	592.000
826.291	598.000
826.306	578.000
826.321	568.000
826.336	616.000
826.351	618.000
826.365	596.000
826.380	550.000
826.395	646.000
826.410	578.000
826.425	608.000
826.439	616.000
826.454	572.000
826.469	586.000
826.484	594.000
826.498	600.000
826.513	604.000
826.528	564.000
826.543	558.000
826.558	590.000
826.572	564.000
826.587	566.000
826.602	526.000
826.617	568.000
826.632	594.000
826.646	588.000
826.661	570.000
826.676	610.000
826.691	604.000
826.705	552.000
826.720	584.000
826.735	588.000
826.750	604.000
826.765	586.000
826.779	562.000
826.794	568.000
826.809	608.000
826.824	566.000
826.838	538.000
826.853	570.000
826.868	596.000
826.883	574.000
826.897	554.000
826.912	628.000
826.927	578.000
826.942	598.000
826.957	550.000
826.971	584.000
826.986	564.000
827.001	536.000
827.016	560.000
827.030	602.000
827.045	558.000
827.060	640.000
827.075	536.000
827.089	588.000
827.104	572.000
827.119	634.000
827.134	590.000
827.148	564.000
827.163	588.000
827.178	580.000
827.193	610.000
827.207	640.000
827.222	604.000
827.237	594.000
827.252	598.000
827.266	610.000
827.281	592.000
827.296	634.000
827.311	632.000
827.325	604.000
827.340	586.000
827.355	552.000
827.369	628.000
827.384	620.000
827.399	614.000
827.414	604.000
827.428	568.000
827.443	602.000
827.458	590.000
827.473	612.000
827.487	616.000
827.502	598.000
827.517	582.000
827.531	570.000
827.546	566.000
827.561	546.000
827.576	576.000
827.590	594.000
827.605	602.000
827.620	570.000
827.634	586.000
827.649	582.000
827.664	612.000
827.679	566.000
827.693	588.000
827.708	602.000
827.723	636.000
827.737	602.000
827.752	600.000
827.767	630.000
827.782	574.000
827.796	622.000
827.811	596.000
827.826	608.000
827.840	606.000
827.855	594.000
827.870	598.000
827.885	584.000
827.899	596.000
827.914	642.000
827.929	628.000
827.943	618.000
827.958	646.000
827.973	626.000
827.987	608.000
828.002	626.000
828.017	616.000
828.031	602.000
828.046	602.000
828.061	572.000
828.076	584.000
828.090	614.000
828.105	618.000
828.120	582.000
828.134	584.000
828.149	630.000
828.164	616.000
828.178	606.000
828.193	610.000
828.208	618.000
828.222	616.000
828.237	612.000
828.252	648.000
828.266	626.000
828.281	630.000
828.296	624.000
828.310	602.000
828.325	626.000
828.340	640.000
828.354	586.000
828.369	672.000
828.384	616.000
828.398	618.000
828.413	642.000
828.428	640.000
828.442	628.000
828.457	614.000
828.472	642.000
828.486	602.000
828.501	624.000
828.516	636.000
828.530	624.000
828.545	666.000
828.560	622.000
828.574	648.000
828.589	632.000
828.604	668.000
828.618	660.000
828.633	648.000
828.648	634.000
828.662	634.000
828.677	654.000
828.691	674.000
828.706	622.000
828.721	636.000
828.735	660.000
828.750	594.000
828.765	652.000
828.779	624.000
828.794	622.000
828.809	602.000
828.823	648.000
828.838	672.000
828.853	638.000
828.867	632.000
828.882	642.000
828.896	642.000
828.911	664.000
828.926	680.000
828.940	652.000
828.955	698.000
828.970	662.000
828.984	662.000
828.999	660.000
829.013	650.000
829.028	698.000
829.043	658.000
829.057	662.000
829.072	656.000
829.087	700.000
829.101	626.000
829.116	674.000
829.130	690.000
829.145	732.000
829.160	718.000
829.174	672.000
829.189	648.000
829.203	700.000
829.218	732.000
829.233	660.000
829.247	636.000
829.262	684.000
829.276	708.000
829.291	688.000
829.306	720.000
829.320	670.000
829.335	632.000
829.349	668.000
829.364	632.000
829.379	700.000
829.393	670.000
829.408	674.000
829.422	682.000
829.437	700.000
829.452	672.000
829.466	714.000
829.481	694.000
829.495	718.000
829.510	664.000
829.525	674.000
829.539	676.000
829.554	678.000
829.568	658.000
829.583	646.000
829.598	656.000
829.612	710.000
829.627	698.000
829.641	704.000
829.656	678.000
829.670	650.000
829.685	680.000
829.700	708.000
829.714	648.000
829.729	702.000
829.743	686.000
829.758	696.000
829.772	676.000
829.787	696.000
829.802	690.000
829.816	708.000
829.831	642.000
829.845	670.000
829.860	642.000
829.874	670.000
829.889	720.000
829.904	714.000
829.918	666.000
829.933	706.000
829.947	670.000
829.962	688.000
829.976	652.000
829.991	660.000
830.005	652.000
830.020	698.000
830.035	672.000
830.049	694.000
830.064	698.000
830.078	628.000
830.093	682.000
830.107	632.000
830.122	650.000
830.136	652.000
830.151	684.000
830.166	688.000
830.180	704.000
830.195	658.000
830.209	660.000
830.224	676.000
830.238	646.000
830.253	628.000
830.267	664.000
830.282	672.000
830.296	644.000
830.311	654.000
830.325	666.000
830.340	616.000
830.355	700.000
830.369	666.000
830.384	666.000
830.398	650.000
830.413	634.000
830.427	652.000
830.442	612.000
830.456	600.000
830.471	650.000
830.485	638.000
830.500	606.000
830.514	670.000
830.529	682.000
830.543	638.000
830.558	646.000
830.572	666.000
830.587	620.000
830.601	612.000
830.616	612.000
830.630	620.000
830.645	634.000
830.659	618.000
830.674	674.000
830.688	612.000
830.703	654.000
830.718	624.000
830.732	570.000
830.747	590.000
830.761	694.000
830.776	624.000
830.790	646.000
830.805	628.000
830.819	598.000
830.834	636.000
830.848	616.000
830.863	652.000
830.877	622.000
830.892	600.000
830.906	632.000
830.921	624.000
830.935	640.000
830.949	600.000
830.964	576.000
830.978	560.000
830.993	608.000
831.007	564.000
831.022	586.000
831.036	618.000
831.051	642.000
831.065	644.000
831.080	582.000
831.094	598.000
831.109	586.000
831.123	592.000
831.138	554.000
831.152	600.000
831.167	548.000
831.181	608.000
831.196	604.000
831.210	616.000
831.225	598.000
831.239	582.000
831.254	604.000
831.268	560.000
831.283	598.000
831.297	594.000
831.311	580.000
831.326	522.000
831.340	586.000
831.355	604.000
831.369	540.000
831.384	582.000
831.398	612.000
831.413	566.000
831.427	602.000
831.442	568.000
831.456	512.000
831.471	588.000
831.485	576.000
831.499	578.000
831.514	618.000
831.528	540.000
831.543	544.000
831.557	542.000
831.572	530.000
831.586	552.000
831.601	532.000
831.615	530.000
831.629	552.000
831.644	552.000
831.658	538.000
831.673	518.000
831.687	542.000
831.702	566.000
831.716	538.000
831.731	562.000
831.745	538.000
831.759	490.000
831.774	556.000
831.788	548.000
831.803	518.000
831.817	596.000
831.832	572.000
831.846	556.000
831.860	546.000
831.875	564.000
831.889	564.000
831.904	550.000
831.918	540.000
831.933	550.000
831.947	558.000
831.961	560.000
831.976	526.000
831.990	572.000
832.005	572.000
832.019	546.000
832.033	518.000
832.048	540.000
832.062	534.000
832.077	484.000
832.091	528.000
832.106	516.000
832.120	518.000
832.134	498.000
832.149	516.000
832.163	488.000
832.178	490.000
832.192	514.000
832.206	518.000
832.221	528.000
832.235	524.000
832.250	538.000
832.264	496.000
832.278	518.000
832.293	562.000
832.307	528.000
832.322	492.000
832.336	536.000
832.350	524.000
832.365	504.000
832.379	514.000
832.394	526.000
832.408	484.000
832.422	508.000
832.437	502.000
832.451	528.000
832.465	514.000
832.480	510.000
832.494	494.000
832.509	466.000
832.523	522.000
832.537	518.000
832.552	500.000
832.566	500.000
832.581	512.000
832.595	472.000
832.609	498.000
832.624	500.000
832.638	516.000
832.652	526.000
832.667	490.000
832.681	522.000
832.696	470.000
832.710	486.000
832.724	448.000
832.739	524.000
832.753	492.000
832.767	494.000
832.782	480.000
832.796	452.000
832.810	490.000
832.825	478.000
832.839	502.000
832.853	418.000
832.868	510.000
832.882	452.000
832.897	488.000
832.911	492.000
832.925	466.000
832.940	494.000
832.954	488.000
832.968	472.000
832.983	480.000
832.997	478.000
833.011	474.000
833.026	476.000
833.040	520.000
833.054	478.000
833.069	482.000
833.083	458.000
833.097	504.000
833.112	462.000
833.126	476.000
833.140	460.000
833.155	472.000
833.169	478.000
833.183	492.000
833.198	476.000
833.212	536.000
833.226	462.000
833.241	458.000
833.255	442.000
833.269	460.000
833.284	430.000
833.298	486.000
833.312	474.000
833.327	452.000
833.341	512.000
833.355	480.000
833.370	470.000
833.384	458.000
833.398	504.000
833.413	474.000
833.427	462.000
833.441	504.000
833.456	472.000
833.470	500.000
833.484	428.000
833.499	464.000
833.513	448.000
833.527	476.000
833.542	470.000
833.556	430.000
833.570	494.000
833.584	438.000
833.599	452.000
833.613	446.000
833.627	432.000
833.642	438.000
833.656	486.000
833.670	456.000
833.685	436.000
833.699	438.000
833.713	490.000
833.727	504.000
833.742	440.000
833.756	440.000
833.770	468.000
833.785	486.000
833.799	466.000
833.813	446.000
833.827	436.000
833.842	438.000
833.856	468.000
833.870	462.000
833.885	510.000
833.899	468.000
833.913	478.000
833.927	458.000
833.942	438.000
833.956	460.000
833.970	470.000
833.985	460.000
833.999	428.000
834.013	424.000
834.027	456.000
834.042	450.000
834.056	468.000
834.070	498.000
834.085	460.000
834.099	432.000
834.113	516.000
834.127	438.000
834.142	454.000
834.156	456.000
834.170	442.000
834.184	440.000
834.199	454.000
834.213	456.000
834.227	450.000
834.241	458.000
834.256	468.000
834.270	408.000
834.284	468.000
834.298	464.000
834.313	460.000
834.327	426.000
834.341	420.000
834.355	378.000
834.370	456.000
834.384	466.000
834.398	440.000
834.412	498.000
834.427	434.000
834.441	412.000
834.455	424.000
834.469	442.000
834.484	438.000
834.498	440.000
834.512	378.000
834.526	450.000
834.541	436.000
834.555	462.000
834.569	426.000
834.583	486.000
834.598	444.000
834.612	456.000
834.626	466.000
834.640	418.000
834.655	436.000
834.669	432.000
834.683	410.000
834.697	428.000
834.711	426.000
834.726	466.000
834.740	476.000
834.754	428.000
834.768	450.000
834.783	416.000
834.797	456.000
834.811	454.000
834.825	458.000
834.839	450.000
834.854	454.000
834.868	450.000
834.882	440.000
834.896	394.000
834.910	416.000
834.925	458.000
834.939	454.000
834.953	412.000
834.967	378.000
834.982	412.000
834.996	428.000
835.010	432.000
835.024	374.000
835.038	394.000
835.053	412.000
835.067	474.000
835.081	476.000
835.095	414.000
835.109	452.000
835.124	464.000
835.138	448.000
835.152	410.000
835.166	436.000
835.180	424.000
835.195	410.000
835.209	438.000
835.223	488.000
835.237	440.000
835.251	436.000
835.265	458.000
835.280	394.000
835.294	420.000
835.308	428.000
835.322	432.000
835.336	432.000
835.351	428.000
835.365	420.000
835.379	422.000
835.393	376.000
835.407	414.000
835.421	394.000
835.436	430.000
835.450	420.000
835.464	424.000
835.478	362.000
835.492	426.000
835.506	412.000
835.521	444.000
835.535	412.000
835.549	418.000
835.563	378.000
835.577	428.000
835.591	406.000
835.606	390.000
835.620	368.000
835.634	430.000
835.648	434.000
835.662	410.000
835.676	418.000
835.691	432.000
835.705	432.000
835.719	440.000
835.733	422.000
835.747	430.000
835.761	374.000
835.775	376.000
835.790	438.000
835.804	424.000
835.818	422.000
835.832	390.000
835.846	414.000
835.860	406.000
835.874	382.000
835.889	428.000
835.903	436.000
835.917	410.000
835.931	398.000
835.945	430.000
835.959	416.000
835.973	422.000
835.988	422.000
836.002	408.000
836.016	428.000
836.030	398.000
836.044	400.000
836.058	426.000
836.072	400.000
836.086	422.000
836.101	398.000
836.115	384.000
836.129	386.000
836.143	376.000
836.157	398.000
836.171	416.000
836.185	370.000
836.199	406.000
836.214	408.000
836.228	394.000
836.242	442.000
836.256	416.000
836.270	434.000
836.284	422.000
836.298	414.000
836.312	412.000
836.326	388.000
836.341	384.000
836.355	416.000
836.369	368.000
836.383	390.000
836.397	410.000
836.411	394.000
836.425	442.000
836.439	410.000
836.453	394.000
836.468	408.000
836.482	406.000
836.496	400.000
836.510	390.000
836.524	432.000
836.538	410.000
836.552	420.000
836.566	418.000
836.580	392.000
836.594	380.000
836.608	374.000
836.623	384.000
836.637	376.000
836.651	408.000
836.665	390.000
836.679	434.000
836.693	420.000
836.707	428.000
836.721	434.000
836.735	402.000
836.749	360.000
836.763	410.000
836.777	414.000
836.792	418.000
836.806	374.000
836.820	392.000
836.834	384.000
836.848	404.000
836.862	382.000
836.876	396.000
836.890	394.000
836.904	400.000
836.918	372.000
836.932	404.000
836.946	410.000
836.960	352.000
836.974	384.000
836.988	380.000
837.003	412.000
837.017	376.000
837.031	438.000
837.045	384.000
837.059	362.000
837.073	396.000
837.087	360.000
837.101	398.000
837.115	378.000
837.129	420.000
837.143	386.000
837.157	404.000
837.171	382.000
837.185	378.000
837.199	402.000
837.213	420.000
837.227	408.000
837.241	394.000
837.255	410.000
837.269	394.000
837.283	422.000
837.298	412.000
837.312	384.000
837.326	398.000
837.340	394.000
837.354	376.000
837.368	406.000
837.382	378.000
837.396	400.000
837.410	398.000
837.424	412.000
837.438	384.000
837.452	394.000
837.466	398.000
837.480	398.000
837.494	426.000
837.508	402.000
837.522	366.000
837.536	338.000
837.550	368.000
837.564	404.000
837.578	362.000
837.592	394.000
837.606	358.000
837.620	376.000
837.634	384.000
837.648	380.000
837.662	370.000
837.676	378.000
837.690	382.000
837.704	370.000
837.718	380.000
837.732	370.000
837.746	358.000
837.760	396.000
837.774	378.000
837.788	352.000
837.802	382.000
837.816	396.000
837.830	370.000
837.844	342.000
837.858	374.000
837.872	392.000
837.886	402.000
837.900	412.000
837.914	358.000
837.928	336.000
837.942	364.000
837.956	394.000
837.970	402.000
837.984	348.000
837.998	368.000
838.012	354.000
838.026	374.000
838.040	372.000
838.054	348.000
838.068	364.000
838.082	382.000
838.096	420.000
838.110	396.000
838.124	358.000
838.138	362.000
838.152	358.000
838.166	330.000
838.180	376.000
838.194	364.000
838.208	364.000
838.222	346.000
838.236	388.000
838.250	366.000
838.264	356.000
838.278	368.000
838.292	360.000
838.306	392.000
838.319	386.000
838.333	380.000
838.347	364.000
838.361	388.000
838.375	362.000
838.389	342.000
838.403	344.000
838.417	382.000
838.431	374.000
838.445	370.000
838.459	400.000
838.473	378.000
838.487	370.000
838.501	382.000
838.515	410.000
838.529	362.000
838.543	380.000
838.557	398.000
838.571	408.000
838.585	380.000
838.599	390.000
838.612	368.000
838.626	360.000
838.640	364.000
838.654	334.000
838.668	384.000
838.682	388.000
838.696	348.000
838.710	374.000
838.724	362.000
838.738	376.000
838.752	356.000
838.766	346.000
838.780	376.000
838.794	352.000
838.808	362.000
838.821	386.000
838.835	386.000
838.849	372.000
838.863	312.000
838.877	398.000
838.891	374.000
838.905	356.000
838.919	340.000
838.933	368.000
838.947	392.000
838.961	384.000
838.975	364.000
838.988	336.000
839.002	378.000
839.016	358.000
839.030	348.000
839.044	380.000
839.058	354.000
839.072	378.000
839.086	344.000
839.100	346.000
839.114	360.000
839.128	370.000
839.141	390.000
839.155	354.000
839.169	380.000
839.183	376.000
839.197	372.000
839.211	368.000
839.225	346.000
839.239	340.000
839.253	374.000
839.266	348.000
839.280	380.000
839.294	354.000
839.308	372.000
839.322	368.000
839.336	362.000
839.350	366.000
839.364	366.000
839.378	390.000
839.391	356.000
839.405	392.000
839.419	360.000
839.433	388.000
839.447	410.000
839.461	344.000
839.475	374.000
839.489	352.000
839.502	358.000
