794.0000 29198.6667
794.0160 28395.3333
794.0310 27246.0000
794.0470 26230.6667
794.0630 25303.3333
794.0790 24990.0000
794.0940 24843.3333
794.1100 24700.0000
794.1260 24526.0000
794.1420 24835.3333
794.1570 24734.6667
794.1730 25142.6667
794.1890 25322.6667
794.2040 26232.0000
794.2200 27232.0000
794.2360 27618.6667
794.2520 27665.3333
794.2670 27721.3333
794.2830 26906.6667
794.2990 25912.6667
794.3140 25113.3333
794.3300 24407.3333
794.3460 23970.0000
794.3620 23665.3333
794.3770 23544.6667
794.3930 23604.0000
794.4090 23596.0000
794.4240 23709.3333
794.4400 24301.3333
794.4560 24673.3333
794.4720 25576.0000
794.4870 26144.6667
794.5030 26854.6667
794.5190 26704.0000
794.5340 26382.0000
794.5500 25434.6667
794.5660 24475.3333
794.5810 23580.6667
794.5970 23010.6667
794.6130 22740.6667
794.6290 22673.3333
794.6440 22537.3333
794.6600 22582.6667
794.6760 22760.6667
794.6910 22933.3333
794.7070 23500.6667
794.7230 24241.3333
794.7380 25090.0000
794.7540 25524.0000
794.7700 25832.0000
794.7850 25633.3333
794.8010 25104.6667
794.8170 24304.6667
794.8320 23122.6667
794.8480 22592.0000
794.8640 21861.3333
794.8800 21899.3333
794.8950 21347.3333
794.9110 21606.0000
794.9270 21724.6667
794.9420 21882.0000
794.9580 22114.0000
794.9740 22699.3333
794.9890 23261.3333
795.0050 24110.0000
795.0210 24618.6667
795.0360 24664.6667
795.0520 24191.3333
795.0680 23591.3333
795.0830 22761.3333
795.0990 21997.3333
795.1150 21548.0000
795.1300 21112.6667
795.1460 21056.6667
795.1620 20860.0000
795.1770 21043.3333
795.1930 20922.0000
795.2090 21108.6667
795.2240 21662.0000
795.2400 22022.0000
795.2560 22582.6667
795.2710 22951.3333
795.2870 23374.0000
795.3030 23125.3333
795.3180 22934.0000
795.3340 22172.0000
795.3500 21473.3333
795.3650 20844.6667
795.3810 20580.0000
795.3960 20319.3333
795.4120 20083.3333
795.4280 20112.0000
795.4430 20287.3333
795.4590 20318.6667
795.4750 20430.6667
795.4900 20669.3333
795.5060 21284.0000
795.5220 21744.0000
795.5370 22224.6667
795.5530 22234.0000
795.5690 22193.3333
795.5840 21951.3333
795.6000 21254.6667
795.6150 20641.3333
795.6310 20029.3333
795.6470 19730.6667
795.6620 19484.6667
795.6780 19502.6667
795.6940 19474.0000
795.7090 19309.3333
795.7250 19681.3333
795.7410 19592.0000
795.7560 19844.6667
795.7720 20115.3333
795.7870 20623.3333
795.8030 21102.0000
795.8190 21280.6667
795.8340 21362.6667
795.8500 20974.0000
795.8660 20626.0000
795.8810 19798.0000
795.8970 19362.0000
795.9120 18894.6667
795.9280 18839.3333
795.9440 18656.0000
795.9590 18741.3333
795.9750 18482.0000
795.9900 18528.0000
796.0060 18751.3333
796.0220 18962.6667
796.0370 19442.6667
796.0530 19833.3333
796.0680 20372.6667
796.0840 20502.6667
796.1000 20420.6667
796.1150 20150.6667
796.1310 19550.0000
796.1470 19062.6667
796.1620 18495.3333
796.1780 18274.6667
796.1930 18026.0000
796.2090 17876.0000
796.2250 17851.3333
796.2400 17694.0000
796.2560 17670.0000
796.2710 18019.3333
796.2870 18305.3333
796.3030 18814.0000
796.3180 19307.3333
796.3340 19561.3333
796.3490 19575.3333
796.3650 19300.6667
796.3800 19343.3333
796.3960 18701.3333
796.4120 18115.3333
796.4270 17592.0000
796.4430 17100.6667
796.4580 17048.6667
796.4740 17082.6667
796.4900 17153.3333
796.5050 17208.6667
796.5210 17233.3333
796.5360 17435.3333
796.5520 17916.0000
796.5670 18278.6667
796.5830 18744.0000
796.5990 18792.0000
796.6140 18914.6667
796.6300 18681.3333
796.6450 18384.0000
796.6610 17610.0000
796.6760 17144.0000
796.6920 16743.3333
796.7080 16600.0000
796.7230 16270.0000
796.7390 16259.3333
796.7540 16396.6667
796.7700 16589.3333
796.7850 16740.0000
796.8010 16854.6667
796.8170 17078.6667
796.8320 17536.0000
796.8480 17738.0000
796.8630 18109.3333
796.8790 18065.3333
796.8940 17855.3333
796.9100 17570.6667
796.9250 16956.6667
796.9410 16503.3333
796.9570 16091.3333
796.9720 15881.3333
796.9880 15897.3333
797.0030 15808.0000
797.0190 15729.3333
797.0340 15968.6667
797.0500 16000.0000
797.0650 16120.0000
797.0810 16528.6667
797.0970 16610.0000
797.1120 17120.6667
797.1280 17143.3333
797.1430 17157.3333
797.1590 17056.6667
797.1740 16714.0000
797.1900 16305.3333
797.2050 15947.3333
797.2210 15744.0000
797.2360 15418.0000
797.2520 15394.0000
797.2670 15314.0000
797.2830 15518.6667
797.2990 15351.3333
797.3140 15476.6667
797.3300 15528.0000
797.3450 15726.0000
797.3610 15901.3333
797.3760 16188.6667
797.3920 16344.0000
797.4070 16492.6667
797.4230 16277.3333
797.4380 15958.6667
797.4540 15561.3333
797.4690 15172.0000
797.4850 14874.0000
797.5000 14802.6667
797.5160 14798.0000
797.5310 14520.6667
797.5470 14561.3333
797.5620 14647.3333
797.5780 14634.6667
797.5940 14779.3333
797.6090 15117.3333
797.6250 15246.6667
797.6400 15605.3333
797.6560 15755.3333
797.6710 15770.0000
797.6870 15806.6667
797.7020 15583.3333
797.7180 15256.0000
797.7330 14622.6667
797.7490 14540.6667
797.7640 14181.3333
797.7800 14047.3333
797.7950 14010.0000
797.8110 13976.0000
797.8260 13986.6667
797.8420 14008.6667
797.8570 14208.6667
797.8730 14390.6667
797.8880 14496.6667
797.9040 14834.6667
797.9190 15044.6667
797.9350 15160.0000
797.9500 15026.6667
797.9660 14685.3333
797.9810 14531.3333
797.9970 14254.0000
798.0120 13856.0000
798.0280 13558.6667
798.0430 13438.6667
798.0590 13352.0000
798.0740 13324.0000
798.0890 13516.6667
798.1050 13379.3333
798.1200 13740.6667
798.1360 13753.3333
798.1510 13970.6667
798.1670 14118.6667
798.1820 14026.6667
798.1980 14093.3333
798.2130 14244.6667
798.2290 13984.6667
798.2440 13879.3333
798.2600 13540.6667
798.2750 13166.0000
798.2910 13083.3333
798.3060 12966.0000
798.3220 12882.0000
798.3370 13034.6667
798.3530 13020.6667
798.3680 13076.0000
798.3830 13095.3333
798.3990 13256.6667
798.4140 13405.3333
798.4300 13549.3333
798.4450 13630.6667
798.4610 13586.6667
798.4760 13602.6667
798.4920 13302.0000
798.5070 13088.6667
798.5230 12742.6667
798.5380 12474.6667
798.5540 12463.3333
798.5690 12300.6667
798.5840 12234.0000
798.6000 12348.0000
798.6150 12298.0000
798.6310 12412.0000
798.6460 12502.0000
798.6620 12566.6667
798.6770 12680.0000
798.6930 12832.0000
798.7080 12856.0000
798.7240 12979.3333
798.7390 12985.3333
798.7540 12780.6667
798.7700 12676.0000
798.7850 12548.6667
798.8010 12188.6667
798.8160 12131.3333
798.8320 11862.6667
798.8470 11921.3333
798.8620 11584.6667
798.8780 11856.6667
798.8930 11802.6667
798.9090 11876.6667
798.9240 11790.0000
798.9400 12064.6667
798.9550 12212.6667
798.9700 12242.6667
798.9860 12354.0000
799.0010 12460.6667
799.0170 12297.3333
799.0320 12164.6667
799.0480 12031.3333
799.0630 11758.6667
799.0780 11556.6667
799.0940 11390.0000
799.1090 11434.0000
799.1250 11278.0000
799.1400 11428.0000
799.1560 11182.6667
799.1710 11416.0000
799.1860 11365.3333
799.2020 11390.6667
799.2170 11650.0000
799.2330 11631.3333
799.2480 11848.6667
799.2630 11896.0000
799.2790 11682.0000
799.2940 11584.0000
799.3100 11406.6667
799.3250 11074.0000
799.3410 10866.6667
799.3560 10946.6667
799.3710 10751.3333
799.3870 10753.3333
799.4020 10791.3333
799.4180 10802.6667
799.4330 10808.0000
799.4480 10894.6667
799.4640 10873.3333
799.4790 11049.3333
799.4950 11110.6667
799.5100 11210.6667
799.5250 11218.0000
799.5410 11127.3333
799.5560 11042.0000
799.5710 10939.3333
799.5870 10697.3333
799.6020 10340.6667
799.6180 10302.6667
799.6330 10166.6667
799.6480 10158.6667
799.6640 10206.6667
799.6790 10172.6667
799.6950 10324.6667
799.7100 10325.3333
799.7250 10432.6667
799.7410 10408.0000
799.7560 10528.0000
799.7710 10644.0000
799.7870 10706.6667
799.8020 10637.3333
799.8180 10642.6667
799.8330 10406.0000
799.8480 10324.0000
799.8640 10043.3333
799.8790 9946.6667
799.8940 9772.6667
799.9100 9762.6667
799.9250 9748.6667
799.9410 9820.0000
799.9560 9726.6667
799.9710 9736.6667
799.9870 9902.0000
800.0020 9869.3333
800.0170 9823.3333
800.0330 9888.6667
800.0480 9961.3333
800.0630 10049.3333
800.0790 10085.3333
800.0940 9912.0000
800.1100 9826.0000
800.1250 9720.6667
800.1400 9568.0000
800.1560 9524.0000
800.1710 9396.6667
800.1860 9288.6667
800.2020 9318.0000
800.2170 9321.3333
800.2320 9266.6667
800.2480 9398.6667
800.2630 9300.0000
800.2780 9409.3333
800.2940 9441.3333
800.3090 9399.3333
800.3240 9488.0000
800.3400 9590.0000
800.3550 9551.3333
800.3700 9422.0000
800.3860 9203.3333
800.4010 9089.3333
800.4170 8978.0000
800.4320 8942.6667
800.4470 8804.0000
800.4630 8964.6667
800.4780 8785.3333
800.4930 8803.3333
800.5090 8886.6667
800.5240 8763.3333
800.5390 8826.6667
800.5550 8914.6667
800.5700 9052.6667
800.5850 9170.6667
800.6000 9145.3333
800.6160 9154.6667
800.6310 9076.0000
800.6460 8999.3333
800.6620 8956.6667
800.6770 8662.0000
800.6920 8484.6667
800.7080 8472.0000
800.7230 8238.6667
800.7380 8282.0000
800.7540 8278.0000
800.7690 8332.6667
800.7840 8481.3333
800.8000 8442.0000
800.8150 8524.6667
800.8300 8590.6667
800.8460 8671.3333
800.8610 8757.3333
800.8760 8759.3333
800.8910 8672.0000
800.9070 8566.6667
800.9220 8352.0000
800.9370 8390.0000
800.9530 8046.6667
800.9680 8012.0000
800.9830 7946.0000
800.9990 7901.3333
801.0140 7848.0000
801.0290 7917.3333
801.0450 7988.0000
801.0600 7988.6667
801.0750 7976.0000
801.0900 8122.0000
801.1060 8177.3333
801.1210 8308.0000
801.1360 8184.0000
801.1520 8201.3333
801.1670 8065.3333
801.1820 7967.3333
801.1970 7747.3333
801.2130 7800.6667
801.2280 7626.6667
801.2430 7642.0000
801.2590 7642.6667
801.2740 7689.3333
801.2890 7630.6667
801.3040 7615.3333
801.3200 7705.3333
801.3350 7762.0000
801.3500 7720.0000
801.3660 7748.6667
801.3810 7781.3333
801.3960 7777.3333
801.4110 7678.6667
801.4270 7700.0000
801.4420 7693.3333
801.4570 7614.6667
801.4720 7427.3333
801.4880 7310.6667
801.5030 7301.3333
801.5180 7240.6667
801.5340 7266.0000
801.5490 7260.0000
801.5640 7329.3333
801.5790 7280.0000
801.5950 7257.3333
801.6100 7271.3333
801.6250 7399.3333
801.6400 7359.3333
801.6560 7513.3333
801.6710 7391.3333
801.6860 7368.6667
801.7010 7306.6667
801.7170 7252.0000
801.7320 7215.3333
801.7470 7074.0000
801.7620 6989.3333
801.7780 6935.3333
801.7930 6972.6667
801.8080 6867.3333
801.8230 6832.6667
801.8390 6886.6667
801.8540 6822.0000
801.8690 6790.6667
801.8840 6965.3333
801.9000 6963.3333
801.9150 6990.0000
801.9300 7142.0000
801.9450 7066.6667
801.9610 7114.0000
801.9760 7054.6667
801.9910 6931.3333
802.0060 6840.0000
802.0220 6678.6667
802.0370 6708.0000
802.0520 6595.3333
802.0670 6606.0000
802.0820 6536.0000
802.0980 6461.3333
802.1130 6583.3333
802.1280 6503.3333
802.1430 6608.6667
802.1590 6626.6667
802.1740 6642.0000
802.1890 6716.6667
802.2040 6805.3333
802.2200 6732.6667
802.2350 6842.6667
802.2500 6729.3333
802.2650 6564.0000
802.2800 6542.0000
802.2960 6264.0000
802.3110 6281.3333
802.3260 6193.3333
802.3410 6199.3333
802.3560 6190.0000
802.3720 6178.0000
802.3870 6262.0000
802.4020 6250.6667
802.4170 6339.3333
802.4330 6330.0000
802.4480 6375.3333
802.4630 6456.0000
802.4780 6502.0000
802.4930 6480.0000
802.5090 6347.3333
802.5240 6162.0000
802.5390 6236.0000
802.5540 6026.6667
802.5690 5917.3333
802.5850 5828.0000
802.6000 5838.0000
802.6150 5798.0000
802.6300 5845.3333
802.6450 5908.0000
802.6610 5993.3333
802.6760 5959.3333
802.6910 6047.3333
802.7060 5982.0000
802.7210 6191.3333
802.7360 6193.3333
802.7520 6148.0000
802.7670 6142.6667
802.7820 6020.6667
802.7970 5943.3333
802.8120 5755.3333
802.8280 5724.0000
802.8430 5680.0000
802.8580 5558.0000
802.8730 5545.3333
802.8880 5556.6667
802.9030 5651.3333
802.9190 5523.3333
802.9340 5669.3333
802.9490 5648.0000
802.9640 5722.6667
802.9790 5764.0000
802.9950 5760.6667
803.0100 5807.3333
803.0250 5690.0000
803.0400 5762.6667
803.0550 5730.0000
803.0700 5556.0000
803.0860 5545.3333
803.1010 5440.0000
803.1160 5442.6667
803.1310 5436.0000
803.1460 5386.6667
803.1610 5438.6667
803.1770 5414.6667
803.1920 5360.0000
803.2070 5314.0000
803.2220 5360.6667
803.2370 5363.3333
803.2520 5343.3333
803.2670 5470.6667
803.2830 5394.0000
803.2980 5458.6667
803.3130 5444.6667
803.3280 5354.0000
803.3430 5254.6667
803.3580 5225.3333
803.3740 5168.6667
803.3890 5156.0000
803.4040 5118.6667
803.4190 5089.3333
803.4340 5196.0000
803.4490 5148.0000
803.4640 5085.3333
803.4800 5171.3333
803.4950 5123.3333
803.5100 5111.3333
803.5250 5258.0000
803.5400 5272.6667
803.5550 5205.3333
803.5700 5152.6667
803.5850 5158.6667
803.6010 5090.6667
803.6160 4974.0000
803.6310 4872.6667
803.6460 4958.0000
803.6610 4875.3333
803.6760 4805.3333
803.6910 4780.0000
803.7060 4832.6667
803.7220 4813.3333
803.7370 4894.0000
803.7520 4808.6667
803.7670 4861.3333
803.7820 4898.6667
803.7970 5020.6667
803.8120 5010.0000
803.8270 4987.3333
803.8430 4962.6667
803.8580 4944.0000
803.8730 4873.3333
803.8880 4810.6667
803.9030 4661.3333
803.9180 4677.3333
803.9330 4600.0000
803.9480 4520.6667
803.9630 4566.6667
803.9790 4584.0000
803.9940 4588.0000
804.0090 4646.0000
804.0240 4630.0000
804.0390 4668.0000
804.0540 4774.6667
804.0690 4774.6667
804.0840 4796.6667
804.0990 4726.6667
804.1150 4756.6667
804.1300 4672.0000
804.1450 4564.0000
804.1600 4586.0000
804.1750 4546.0000
804.1900 4403.3333
804.2050 4419.3333
804.2200 4434.6667
804.2350 4402.6667
804.2500 4410.6667
804.2650 4450.0000
804.2810 4398.6667
804.2960 4498.0000
804.3110 4488.6667
804.3260 4517.3333
804.3410 4554.0000
804.3560 4608.6667
804.3710 4504.0000
804.3860 4528.0000
804.4010 4472.6667
804.4160 4393.3333
804.4310 4300.6667
804.4460 4228.0000
804.4610 4240.6667
804.4770 4171.3333
804.4920 4186.0000
804.5070 4264.0000
804.5220 4219.3333
804.5370 4252.0000
804.5520 4299.3333
804.5670 4252.6667
804.5820 4247.3333
804.5970 4270.6667
804.6120 4322.0000
804.6270 4340.6667
804.6420 4345.3333
804.6570 4312.6667
804.6720 4303.3333
804.6880 4210.6667
804.7030 4195.3333
804.7180 4049.3333
804.7330 4012.6667
804.7480 4032.0000
804.7630 3999.3333
804.7780 4002.0000
804.7930 3978.6667
804.8080 4014.0000
804.8230 4120.0000
804.8380 4048.0000
804.8530 4078.0000
804.8680 4062.6667
804.8830 4180.6667
804.8980 4170.6667
804.9130 4132.6667
804.9280 4120.6667
804.9430 4086.0000
804.9580 4085.3333
804.9730 3962.6667
804.9890 3874.6667
805.0040 3946.0000
805.0190 3828.0000
805.0340 3775.3333
805.0490 3806.0000
805.0640 3860.6667
805.0790 3806.0000
805.0940 3852.0000
805.1090 3848.6667
805.1240 3869.3333
805.1390 3972.0000
805.1540 3902.6667
805.1690 3922.0000
805.1840 3980.0000
805.1990 3963.3333
805.2140 3901.3333
805.2290 3849.3333
805.2440 3796.6667
805.2590 3736.6667
805.2740 3730.6667
805.2890 3673.3333
805.3040 3708.6667
805.3190 3713.3333
805.3340 3700.6667
805.3490 3690.0000
805.3640 3728.6667
805.3790 3764.6667
805.3940 3699.3333
805.4090 3778.0000
805.4240 3786.0000
805.4390 3786.6667
805.4540 3812.6667
805.4690 3745.3333
805.4840 3713.3333
805.4990 3706.6667
805.5140 3644.0000
805.5290 3550.6667
805.5440 3503.3333
805.5590 3558.0000
805.5740 3566.6667
805.5890 3562.0000
805.6040 3545.3333
805.6190 3580.6667
805.6340 3628.6667
805.6490 3682.6667
805.6640 3685.3333
805.6790 3653.3333
805.6940 3708.6667
805.7090 3654.6667
805.7240 3659.3333
805.7390 3644.6667
805.7540 3589.3333
805.7690 3530.0000
805.7840 3445.3333
805.7990 3451.3333
805.8140 3451.3333
805.8290 3419.3333
805.8440 3439.3333
805.8590 3510.6667
805.8740 3476.6667
805.8890 3453.3333
805.9040 3550.0000
805.9190 3460.0000
805.9340 3474.0000
805.9490 3532.6667
805.9640 3569.3333
805.9790 3551.3333
805.9940 3562.0000
806.0090 3479.3333
806.0240 3435.3333
806.0390 3462.0000
806.0540 3493.3333
806.0690 3411.3333
806.0840 3294.0000
806.0990 3340.0000
806.1140 3412.0000
806.1290 3332.0000
806.1440 3312.6667
806.1590 3315.3333
806.1740 3408.0000
806.1880 3333.3333
806.2030 3340.6667
806.2180 3355.3333
806.2330 3382.0000
806.2480 3330.6667
806.2630 3403.3333
806.2780 3365.3333
806.2930 3368.6667
806.3080 3377.3333
806.3230 3288.0000
806.3380 3298.0000
806.3530 3277.3333
806.3680 3294.6667
806.3830 3229.3333
806.3980 3222.6667
806.4130 3220.6667
806.4280 3206.6667
806.4430 3232.6667
806.4580 3201.3333
806.4730 3214.6667
806.4870 3222.6667
806.5020 3214.6667
806.5170 3293.3333
806.5320 3212.0000
806.5470 3275.3333
806.5620 3272.0000
806.5770 3148.0000
806.5920 3176.0000
806.6070 3138.6667
806.6220 3120.0000
806.6370 3057.3333
806.6520 3042.0000
806.6670 3050.6667
806.6820 3031.3333
806.6970 3050.6667
806.7110 3054.6667
806.7260 3094.0000
806.7410 3079.3333
806.7560 3021.3333
806.7710 3170.0000
806.7860 3109.3333
806.8010 3169.3333
806.8160 3157.3333
806.8310 3141.3333
806.8460 3045.3333
806.8610 3098.0000
806.8760 2982.6667
806.8900 2950.0000
806.9050 2862.6667
806.9200 2901.3333
806.9350 2964.6667
806.9500 2869.3333
806.9650 2956.6667
806.9800 2928.6667
806.9950 2918.0000
807.0100 2964.6667
807.0250 2974.0000
807.0400 2968.0000
807.0540 3042.6667
807.0690 2966.6667
807.0840 2974.6667
807.0990 3022.6667
807.1140 2998.0000
807.1290 2952.6667
807.1440 2837.3333
807.1590 2822.6667
807.1740 2847.3333
807.1890 2822.6667
807.2030 2791.3333
807.2180 2806.0000
807.2330 2857.3333
807.2480 2835.3333
807.2630 2790.6667
807.2780 2888.0000
807.2930 2871.3333
807.3080 2846.0000
807.3230 2831.3333
807.3370 2858.0000
807.3520 2820.6667
807.3670 2858.6667
807.3820 2848.6667
807.3970 2800.6667
807.4120 2742.6667
807.4270 2730.6667
807.4420 2692.6667
807.4560 2734.0000
807.4710 2696.6667
807.4860 2704.6667
807.5010 2762.6667
807.5160 2710.0000
807.5310 2692.0000
807.5460 2723.3333
807.5610 2714.0000
807.5750 2738.0000
807.5900 2612.6667
807.6050 2718.6667
807.6200 2723.3333
807.6350 2700.0000
807.6500 2752.0000
807.6650 2712.6667
807.6790 2685.3333
807.6940 2698.6667
807.7090 2630.6667
807.7240 2571.3333
807.7390 2610.0000
807.7540 2587.3333
807.7690 2609.3333
807.7830 2554.6667
807.7980 2583.3333
807.8130 2578.0000
807.8280 2606.0000
807.8430 2552.6667
807.8580 2632.6667
807.8720 2641.3333
807.8870 2658.6667
807.9020 2651.3333
807.9170 2669.3333
807.9320 2640.6667
807.9470 2577.3333
807.9620 2582.0000
807.9760 2605.3333
807.9910 2559.3333
808.0060 2500.6667
808.0210 2470.6667
808.0360 2498.6667
808.0510 2495.3333
808.0650 2482.0000
808.0800 2497.3333
808.0950 2528.6667
808.1100 2528.0000
808.1250 2505.3333
808.1400 2496.6667
808.1540 2572.6667
808.1690 2588.6667
808.1840 2560.0000
808.1990 2587.3333
808.2140 2551.3333
808.2280 2516.0000
808.2430 2509.3333
808.2580 2387.3333
808.2730 2446.0000
808.2880 2415.3333
808.3030 2466.6667
808.3170 2410.0000
808.3320 2385.3333
808.3470 2448.0000
808.3620 2411.3333
808.3770 2490.6667
808.3910 2452.0000
808.4060 2454.6667
808.4210 2433.3333
808.4360 2432.6667
808.4510 2502.6667
808.4650 2504.0000
808.4800 2458.0000
808.4950 2364.0000
808.5100 2437.3333
808.5250 2370.6667
808.5400 2338.6667
808.5540 2372.6667
808.5690 2305.3333
808.5840 2284.0000
808.5990 2362.0000
808.6130 2370.6667
808.6280 2436.0000
808.6430 2383.3333
808.6580 2416.0000
808.6730 2411.3333
808.6870 2387.3333
808.7020 2356.0000
808.7170 2390.0000
808.7320 2384.0000
808.7470 2312.0000
808.7610 2340.0000
808.7760 2302.0000
808.7910 2304.0000
808.8060 2269.3333
808.8210 2285.3333
808.8350 2248.0000
808.8500 2259.3333
808.8650 2311.3333
808.8800 2282.0000
808.8940 2304.6667
808.9090 2290.6667
808.9240 2372.6667
808.9390 2269.3333
808.9530 2310.6667
808.9680 2356.6667
808.9830 2304.6667
808.9980 2348.6667
809.0130 2320.6667
809.0270 2327.3333
809.0420 2317.3333
809.0570 2283.3333
809.0720 2243.3333
809.0860 2230.0000
809.1010 2248.6667
809.1160 2244.6667
809.1310 2195.3333
809.1450 2241.3333
809.1600 2198.6667
809.1750 2269.3333
809.1900 2214.0000
809.2040 2216.0000
809.2190 2266.6667
809.2340 2240.0000
809.2490 2293.3333
809.2630 2261.3333
809.2780 2258.6667
809.2930 2268.0000
809.3080 2268.6667
809.3220 2236.6667
809.3370 2171.3333
809.3520 2168.6667
809.3670 2178.6667
809.3810 2181.3333
809.3960 2156.6667
809.4110 2157.3333
809.4260 2224.0000
809.4400 2122.6667
809.4550 2184.0000
809.4700 2124.0000
809.4850 2220.0000
809.4990 2240.0000
809.5140 2258.6667
809.5290 2200.0000
809.5440 2203.3333
809.5580 2202.0000
809.5730 2212.6667
809.5880 2218.0000
809.6020 2268.0000
809.6180 2149.3333
809.6330 2188.6667
809.6480 2156.6667
809.6640 2094.6667
809.6790 2107.3333
809.6940 2114.0000
809.7100 2105.3333
809.7250 2104.6667
809.7400 2129.3333
809.7560 2131.3333
809.7710 2193.3333
809.7860 2226.6667
809.8020 2201.3333
809.8170 2170.6667
809.8320 2215.3333
809.8470 2208.0000
809.8630 2188.0000
809.8780 2148.0000
809.8930 2098.6667
809.9090 2110.0000
809.9240 2014.0000
809.9390 2035.3333
809.9550 2067.3333
809.9700 1983.3333
809.9850 2018.0000
810.0000 2084.6667
810.0160 2078.6667
810.0310 2045.3333
810.0460 2068.0000
810.0620 2080.0000
810.0770 2097.3333
810.0920 2106.0000
810.1080 2079.3333
810.1230 2162.0000
810.1380 2096.0000
810.1530 2052.6667
810.1690 2075.3333
810.1840 2017.3333
810.1990 2020.6667
810.2150 1965.3333
810.2300 1977.3333
810.2450 1971.3333
810.2600 1978.6667
810.2760 1939.3333
810.2910 1978.0000
810.3060 2038.6667
810.3210 1976.6667
810.3370 2010.0000
810.3520 2016.0000
810.3670 1943.3333
810.3830 1996.0000
810.3980 2002.6667
810.4130 2014.0000
810.4280 1994.6667
810.4440 1971.3333
810.4590 1984.0000
810.4740 1960.0000
810.4890 1940.6667
810.5050 1998.0000
810.5200 1963.3333
810.5350 1951.3333
810.5500 1915.3333
810.5660 1942.6667
810.5810 1951.3333
810.5960 1982.6667
810.6120 1909.3333
810.6270 1918.0000
810.6420 1921.3333
810.6570 1934.0000
810.6730 1900.6667
810.6880 1945.3333
810.7030 1948.6667
810.7180 1934.0000
810.7340 1878.0000
810.7490 1860.0000
810.7640 1881.3333
810.7790 1904.0000
810.7950 1896.0000
810.8100 1844.0000
810.8250 1889.3333
810.8400 1826.0000
810.8560 1863.3333
810.8710 1900.6667
810.8860 1896.6667
810.9010 1862.6667
810.9160 1913.3333
810.9320 1884.6667
810.9470 1924.0000
810.9620 1920.6667
810.9770 1896.6667
810.9930 1900.0000
811.0080 1864.6667
811.0230 1828.6667
811.0380 1794.6667
811.0540 1819.3333
811.0690 1778.6667
811.0840 1820.6667
811.0990 1814.0000
811.1140 1802.6667
811.1300 1800.6667
811.1450 1848.0000
811.1600 1829.3333
811.1750 1866.6667
811.1910 1850.6667
811.2060 1877.3333
811.2210 1860.0000
811.2360 1852.0000
811.2510 1842.0000
811.2670 1803.3333
811.2820 1826.0000
811.2970 1763.3333
811.3120 1776.0000
811.3280 1780.6667
811.3430 1740.6667
811.3580 1756.0000
811.3730 1772.0000
811.3880 1772.6667
811.4040 1748.6667
811.4190 1755.3333
811.4340 1809.3333
811.4490 1805.3333
811.4640 1810.0000
811.4800 1799.3333
811.4950 1798.6667
811.5100 1726.6667
811.5250 1828.0000
811.5400 1770.6667
811.5560 1726.6667
811.5710 1695.3333
811.5860 1765.3333
811.6010 1698.6667
811.6160 1718.0000
811.6320 1730.0000
811.6470 1743.3333
811.6620 1730.0000
811.6770 1716.6667
811.6920 1822.6667
811.7080 1710.0000
811.7230 1781.3333
811.7380 1773.3333
811.7530 1748.6667
811.7680 1737.3333
811.7830 1728.6667
811.7990 1725.3333
811.8140 1733.3333
811.8290 1670.0000
811.8440 1746.6667
811.8590 1666.6667
811.8750 1671.3333
811.8900 1641.3333
811.9050 1714.0000
811.9200 1697.3333
811.9350 1710.6667
811.9500 1691.3333
811.9660 1708.6667
811.9810 1751.3333
811.9960 1670.6667
812.0110 1682.6667
812.0260 1686.6667
812.0410 1714.6667
812.0570 1684.6667
812.0720 1701.3333
812.0870 1690.6667
812.1020 1708.6667
812.1170 1684.0000
812.1320 1648.6667
812.1480 1680.6667
812.1630 1648.0000
812.1780 1640.6667
812.1930 1650.0000
812.2080 1654.0000
812.2230 1625.3333
812.2390 1662.6667
812.2540 1623.3333
812.2690 1610.6667
812.2840 1614.6667
812.2990 1653.3333
812.3140 1676.6667
812.3290 1694.0000
812.3450 1692.6667
812.3600 1687.3333
812.3750 1706.6667
812.3900 1648.6667
812.4050 1681.3333
812.4200 1662.0000
812.4350 1591.3333
812.4510 1604.0000
812.4660 1641.3333
812.4810 1602.0000
812.4960 1605.3333
812.5110 1633.3333
812.5260 1630.0000
812.5410 1600.6667
812.5570 1652.6667
812.5720 1653.3333
812.5870 1648.6667
812.6020 1721.3333
812.6170 1672.6667
812.6320 1686.6667
812.6470 1684.6667
812.6620 1635.3333
812.6780 1707.3333
812.6930 1629.3333
812.7080 1637.3333
812.7230 1614.0000
812.7380 1605.3333
812.7530 1625.3333
812.7680 1635.3333
812.7830 1652.6667
812.7990 1689.3333
812.8140 1708.0000
812.8290 1690.6667
812.8440 1725.3333
812.8590 1765.3333
812.8740 1720.6667
812.8890 1734.6667
812.9040 1795.3333
812.9190 1770.0000
812.9350 1799.3333
812.9500 1823.3333
812.9650 1849.3333
812.9800 1832.6667
812.9950 1859.3333
813.0100 1909.3333
813.0250 1940.0000
813.0400 2016.0000
813.0550 2076.0000
813.0710 2072.6667
813.0860 2154.6667
813.1010 2172.6667
813.1160 2156.6667
813.1310 2208.6667
813.1460 2133.3333
813.1610 2173.3333
813.1760 2164.6667
813.1910 2103.3333
813.2060 2040.6667
813.2220 2008.0000
813.2370 1997.3333
813.2520 2002.0000
813.2670 2004.6667
813.2820 1946.0000
813.2970 1905.3333
813.3120 1848.0000
813.3270 1847.3333
813.3420 1890.0000
813.3570 1844.0000
813.3720 1822.6667
813.3870 1835.3333
813.4030 1766.6667
813.4180 1784.6667
813.4330 1797.3333
813.4480 1798.6667
813.4630 1794.6667
813.4780 1790.6667
813.4930 1728.6667
813.5080 1733.3333
813.5230 1722.0000
813.5380 1708.6667
813.5530 1666.0000
813.5680 1696.6667
813.5830 1680.6667
813.5980 1688.6667
813.6140 1656.6667
813.6290 1676.6667
813.6440 1655.3333
813.6590 1679.3333
813.6740 1666.6667
813.6890 1658.0000
813.7040 1670.0000
813.7190 1670.0000
813.7340 1674.0000
813.7490 1652.0000
813.7640 1647.3333
813.7790 1728.0000
813.7940 1694.0000
813.8090 1679.3333
813.8240 1662.6667
813.8390 1688.0000
813.8540 1668.0000
813.8700 1678.0000
813.8850 1660.0000
813.9000 1658.0000
813.9150 1678.6667
813.9300 1720.6667
813.9450 1732.0000
813.9600 1753.3333
813.9750 1729.3333
813.9900 1806.0000
814.0050 1811.3333
814.0200 1855.3333
814.0350 1858.6667
814.0500 1886.0000
814.0650 1883.3333
814.0800 1906.0000
814.0950 1914.0000
814.1100 1972.0000
814.1250 1990.6667
814.1400 2001.3333
814.1550 2084.6667
814.1700 2115.3333
814.1850 2170.6667
814.2000 2156.6667
814.2150 2295.3333
814.2300 2351.3333
814.2450 2488.6667
814.2600 2540.0000
814.2750 2664.0000
814.2910 2806.6667
814.3060 2897.3333
814.3210 3034.0000
814.3360 3158.0000
814.3510 3318.0000
814.3660 3414.6667
814.3810 3600.6667
814.3960 3838.0000
814.4110 3926.6667
814.4260 4063.3333
814.4410 4291.3333
814.4560 4437.3333
814.4710 4529.3333
814.4860 4651.3333
814.5010 4617.3333
814.5160 4631.3333
814.5310 4488.0000
814.5460 4446.0000
814.5610 4322.0000
814.5760 4295.3333
814.5910 4029.3333
814.6060 3998.6667
814.6210 3757.3333
814.6360 3748.6667
814.6510 3466.0000
814.6660 3369.3333
814.6810 3232.0000
814.6960 3166.0000
814.7110 3030.0000
814.7260 2896.0000
814.7410 2824.6667
814.7560 2712.0000
814.7710 2632.6667
814.7860 2534.6667
814.8010 2502.6667
814.8160 2374.0000
814.8310 2388.0000
814.8460 2319.3333
814.8610 2360.6667
814.8760 2250.0000
814.8910 2154.0000
814.9060 2224.6667
814.9210 2080.0000
814.9360 2100.6667
814.9510 2086.6667
814.9660 2052.6667
814.9800 2046.6667
814.9950 1946.0000
815.0100 2001.3333
815.0250 1995.3333
815.0400 1928.0000
815.0550 1966.0000
815.0700 1920.6667
815.0850 1870.6667
815.1000 1894.6667
815.1150 1880.6667
815.1300 1799.3333
815.1450 1871.3333
815.1600 1796.0000
815.1750 1755.3333
815.1900 1679.3333
815.2050 1765.3333
815.2200 1683.3333
815.2350 1642.6667
815.2500 1644.0000
815.2650 1612.6667
815.2800 1604.0000
815.2950 1615.3333
815.3100 1556.6667
815.3250 1580.6667
815.3400 1584.0000
815.3550 1558.0000
815.3700 1539.3333
815.3840 1572.0000
815.3990 1510.0000
815.4140 1556.6667
815.4290 1519.3333
815.4440 1498.0000
815.4590 1466.6667
815.4740 1454.6667
815.4890 1428.0000
815.5040 1411.3333
815.5190 1370.0000
815.5340 1356.6667
815.5490 1325.3333
815.5640 1386.0000
815.5790 1327.3333
815.5940 1353.3333
815.6090 1308.0000
815.6240 1315.3333
815.6380 1290.0000
815.6530 1336.6667
815.6680 1315.3333
815.6830 1341.3333
815.6980 1295.3333
815.7130 1338.0000
815.7280 1247.3333
815.7430 1250.0000
815.7580 1272.0000
815.7730 1212.6667
815.7880 1199.3333
815.8030 1233.3333
815.8180 1180.0000
815.8330 1180.6667
815.8470 1143.3333
815.8620 1163.3333
815.8770 1164.0000
815.8920 1175.3333
815.9070 1192.6667
815.9220 1195.3333
815.9370 1128.0000
815.9520 1167.3333
815.9670 1187.3333
815.9820 1160.6667
815.9970 1141.3333
816.0120 1108.6667
816.0260 1152.6667
816.0410 1146.0000
816.0560 1111.3333
816.0710 1107.3333
816.0860 1091.3333
816.1010 1113.3333
816.1160 1095.3333
816.1310 1080.0000
816.1460 1114.6667
816.1610 1093.3333
816.1750 1072.0000
816.1900 1066.6667
816.2050 1093.3333
816.2200 1075.3333
816.2350 1089.3333
816.2500 1035.3333
816.2650 1081.3333
816.2800 1042.0000
816.2950 1064.6667
816.3090 1036.6667
816.3240 1054.0000
816.3390 1021.3333
816.3540 1032.0000
816.3690 1002.0000
816.3840 1010.6667
816.3990 1008.0000
816.4140 995.3333
816.4290 1016.0000
816.4430 1034.6667
816.4580 1001.3333
816.4730 996.6667
816.4880 1020.0000
816.5030 1006.6667
816.5180 1000.0000
816.5330 1032.0000
816.5480 987.3333
816.5620 1012.6667
816.5770 1023.3333
816.5920 1002.0000
816.6070 987.3333
816.6220 1001.3333
816.6370 953.3333
816.6520 951.3333
816.6670 944.6667
816.6810 938.0000
816.6960 984.0000
816.7110 944.0000
816.7260 981.3333
816.7410 958.0000
816.7560 966.0000
816.7710 926.0000
816.7850 985.3333
816.8000 942.6667
816.8150 950.0000
816.8300 991.3333
816.8450 949.3333
816.8600 972.0000
816.8750 967.3333
816.8890 966.0000
816.9040 962.0000
816.9190 938.6667
816.9340 925.3333
816.9490 916.6667
816.9640 914.6667
816.9780 928.0000
816.9930 914.6667
817.0080 902.6667
817.0230 930.6667
817.0380 964.0000
817.0530 940.6667
817.0680 918.6667
817.0820 912.6667
817.0970 882.6667
817.1120 930.0000
817.1270 948.0000
817.1420 920.6667
817.1570 896.0000
817.1710 884.6667
817.1860 886.6667
817.2010 888.6667
817.2160 879.3333
817.2310 878.6667
817.2460 884.0000
817.2600 868.6667
817.2750 908.0000
817.2900 938.6667
817.3050 914.6667
817.3200 914.0000
817.3340 886.6667
817.3490 870.6667
817.3640 891.3333
817.3790 878.0000
817.3940 920.6667
817.4090 858.0000
817.4230 895.3333
817.4380 847.3333
817.4530 878.6667
817.4680 837.3333
817.4830 822.6667
817.4970 841.3333
817.5120 844.0000
817.5270 860.0000
817.5420 836.6667
817.5570 876.0000
817.5710 847.3333
817.5860 838.6667
817.6010 856.6667
817.6160 848.6667
817.6310 834.6667
817.6450 845.3333
817.6600 822.0000
817.6750 840.6667
817.6900 850.6667
817.7050 815.3333
817.7190 811.3333
817.7340 865.3333
817.7490 807.3333
817.7640 825.3333
817.7790 850.6667
817.7930 796.6667
817.8080 791.3333
817.8230 806.6667
817.8380 824.6667
817.8530 787.3333
817.8670 836.0000
817.8820 802.0000
817.8970 782.6667
817.9120 826.0000
817.9260 811.3333
817.9410 787.3333
817.9560 834.0000
817.9710 818.0000
817.9860 817.3333
818.0000 799.3333
818.0150 808.6667
818.0300 840.6667
818.0450 816.0000
818.0590 796.6667
818.0740 773.3333
818.0890 794.0000
818.1040 813.3333
818.1190 791.3333
818.1330 771.3333
818.1480 802.0000
818.1630 829.3333
818.1780 797.3333
818.1920 789.3333
818.2070 776.6667
818.2220 772.6667
818.2370 802.6667
818.2510 785.3333
818.2660 782.6667
818.2810 772.6667
818.2960 757.3333
818.3100 782.0000
818.3250 745.3333
818.3400 751.3333
818.3550 732.6667
818.3690 751.3333
818.3840 714.0000
818.3990 758.6667
818.4140 732.0000
818.4280 776.0000
818.4430 766.0000
818.4580 765.3333
818.4730 785.3333
818.4870 782.6667
818.5020 766.6667
818.5170 790.6667
818.5320 778.0000
818.5460 771.3333
818.5610 786.6667
818.5760 768.6667
818.5910 738.6667
818.6050 739.3333
818.6200 761.3333
818.6350 692.0000
818.6490 731.3333
818.6640 716.6667
818.6790 702.0000
818.6940 741.3333
818.7080 725.3333
818.7230 757.3333
818.7380 729.3333
818.7530 738.6667
818.7670 759.3333
818.7820 725.3333
818.7970 754.0000
818.8110 746.6667
818.8260 746.0000
818.8410 728.6667
818.8560 764.6667
818.8700 759.3333
818.8850 746.0000
818.9000 728.0000
818.9140 721.3333
818.9290 736.6667
818.9440 691.3333
818.9590 714.0000
818.9730 718.6667
818.9880 745.3333
819.0030 710.0000
819.0170 733.3333
819.0320 695.3333
819.0470 729.3333
819.0620 706.0000
819.0760 708.0000
819.0910 741.3333
819.1060 701.3333
819.1200 724.6667
819.1350 720.6667
819.1500 718.6667
819.1640 705.3333
819.1790 712.6667
819.1940 738.6667
819.2090 728.0000
819.2230 718.0000
819.2380 704.6667
819.2530 717.3333
819.2670 710.6667
819.2820 709.3333
819.2970 697.3333
819.3110 735.3333
819.3260 684.6667
819.3410 698.0000
819.3550 715.3333
819.3700 709.3333
819.3850 735.3333
819.3990 676.6667
819.4140 732.6667
819.4290 689.3333
819.4440 710.6667
819.4580 709.3333
819.4730 684.6667
819.4880 698.0000
819.5020 674.6667
819.5170 664.6667
819.5320 694.0000
819.5460 672.6667
819.5610 685.3333
819.5760 680.0000
819.5900 691.3333
819.6050 673.3333
819.6200 712.0000
819.6340 690.0000
819.6490 685.3333
819.6640 693.3333
819.6780 714.0000
819.6930 692.6667
819.7080 679.3333
819.7220 696.6667
819.7370 684.0000
819.7520 676.6667
819.7660 668.6667
819.7810 660.6667
819.7950 655.3333
819.8100 640.0000
819.8250 664.6667
819.8390 657.3333
819.8540 659.3333
819.8690 658.0000
819.8830 662.6667
819.8980 658.0000
819.9130 669.3333
819.9270 658.0000
819.9420 709.3333
819.9570 686.6667
819.9710 698.6667
819.9860 656.0000
820.0010 663.3333
820.0150 660.6667
820.0300 660.6667
820.0440 650.6667
820.0590 684.0000
820.0740 658.0000
820.0880 660.0000
820.1030 662.6667
820.1180 658.0000
820.1320 663.3333
820.1470 659.3333
820.1610 646.0000
820.1760 656.0000
820.1910 672.0000
820.2050 660.6667
820.2200 656.6667
820.2350 644.0000
820.2490 660.6667
820.2640 632.0000
820.2780 670.6667
820.2930 654.6667
820.3080 628.0000
820.3220 656.6667
820.3370 645.3333
820.3520 646.0000
820.3660 638.0000
820.3810 656.0000
820.3950 652.6667
820.4100 634.6667
820.4250 664.0000
820.4390 639.3333
820.4540 656.6667
820.4680 650.6667
820.4830 637.3333
820.4980 631.3333
820.5120 660.0000
820.5270 639.3333
820.5410 638.6667
820.5560 633.3333
820.5710 634.6667
820.5850 624.0000
820.6000 623.3333
820.6140 642.6667
820.6290 640.0000
820.6440 639.3333
820.6580 610.6667
820.6730 610.0000
820.6870 616.0000
820.7020 616.0000
820.7170 637.3333
820.7310 630.0000
820.7460 617.3333
820.7600 636.6667
820.7750 629.3333
820.7900 621.3333
820.8040 640.0000
820.8190 622.6667
820.8330 644.0000
820.8480 643.3333
820.8620 628.6667
820.8770 629.3333
820.8920 626.0000
820.9060 604.6667
820.9210 596.0000
820.9350 598.0000
820.9500 631.3333
820.9640 622.6667
820.9790 600.6667
820.9940 609.3333
821.0080 582.0000
821.0230 608.0000
821.0370 595.3333
821.0520 614.0000
821.0660 608.0000
821.0810 611.3333
821.0960 605.3333
821.1100 636.6667
821.1250 608.0000
821.1390 614.0000
821.1540 610.0000
821.1680 603.3333
821.1830 592.6667
821.1970 572.6667
821.2120 582.6667
821.2270 601.3333
821.2410 609.3333
821.2560 582.0000
821.2700 596.6667
821.2850 590.0000
821.2990 616.6667
821.3140 611.3333
821.3280 592.0000
821.3430 605.3333
821.3570 590.0000
821.3720 582.0000
821.3870 589.3333
821.4010 611.3333
821.4160 596.6667
821.4300 599.3333
821.4450 608.6667
821.4590 568.0000
821.4740 593.3333
821.4880 575.3333
821.5030 606.0000
821.5170 602.0000
821.5320 614.6667
821.5460 602.0000
821.5610 600.0000
821.5760 590.0000
821.5900 628.0000
821.6050 585.3333
821.6190 610.6667
821.6340 584.0000
821.6480 611.3333
821.6630 590.6667
821.6770 574.6667
821.6920 556.0000
821.7060 581.3333
821.7210 542.6667
821.7350 601.3333
821.7500 577.3333
821.7640 592.0000
821.7790 578.6667
821.7930 570.0000
821.8080 563.3333
821.8220 576.6667
821.8370 591.3333
821.8510 574.0000
821.8660 563.3333
821.8800 579.3333
821.8950 577.3333
821.9090 588.0000
821.9240 569.3333
821.9380 580.6667
821.9530 574.0000
821.9670 554.0000
821.9820 593.3333
821.9960 570.6667
822.0110 562.0000
822.0250 563.3333
822.0400 542.0000
822.0540 572.6667
822.0690 572.0000
822.0830 549.3333
822.0980 568.6667
822.1120 562.6667
822.1270 552.6667
822.1410 536.6667
822.1560 548.0000
822.1700 571.3333
822.1850 517.3333
822.1990 536.6667
822.2140 568.0000
822.2280 540.6667
822.2430 542.6667
822.2570 532.0000
822.2720 578.0000
822.2860 557.3333
822.3010 557.3333
822.3150 541.3333
822.3300 557.3333
822.3440 538.6667
822.3590 535.3333
822.3730 519.3333
822.3880 536.6667
822.4020 547.3333
822.4160 552.6667
822.4310 560.0000
822.4450 581.3333
822.4600 524.0000
822.4740 545.3333
822.4890 536.6667
822.5030 556.0000
822.5180 529.3333
822.5320 530.0000
822.5470 546.6667
822.5610 546.6667
822.5760 543.3333
822.5900 549.3333
822.6050 535.3333
822.6190 522.6667
822.6330 548.6667
822.6480 559.3333
822.6620 526.6667
822.6770 542.6667
822.6910 518.6667
822.7060 537.3333
822.7200 544.0000
822.7350 542.6667
822.7490 519.3333
822.7630 537.3333
822.7780 536.6667
822.7920 535.3333
822.8070 534.6667
822.8210 532.0000
822.8360 535.3333
822.8500 530.0000
822.8650 524.6667
822.8790 532.6667
822.8930 536.0000
822.9080 510.0000
822.9220 524.0000
822.9370 512.6667
822.9510 525.3333
822.9660 538.0000
822.9800 540.6667
822.9940 528.6667
823.0090 506.0000
823.0230 515.3333
823.0380 520.6667
823.0520 535.3333
823.0670 523.3333
823.0810 537.3333
823.0950 526.0000
823.1100 515.3333
823.1240 536.6667
823.1390 506.0000
823.1530 509.3333
823.1680 552.6667
823.1820 542.6667
823.1960 548.0000
823.2110 508.6667
823.2250 516.0000
823.2400 528.6667
823.2540 516.6667
823.2680 536.0000
823.2830 510.0000
823.2970 519.3333
823.3120 548.0000
823.3260 530.6667
823.3400 506.0000
823.3550 525.3333
823.3690 549.3333
823.3840 525.3333
823.3980 521.3333
823.4120 546.6667
823.4270 523.3333
823.4410 532.6667
823.4560 506.6667
823.4700 528.0000
823.4840 524.6667
823.4990 526.0000
823.5130 502.0000
823.5280 518.6667
823.5420 535.3333
823.5560 496.6667
823.5710 517.3333
823.5850 509.3333
823.6000 538.6667
823.6140 524.6667
823.6280 512.6667
823.6430 530.0000
823.6570 517.3333
823.6710 518.6667
823.6860 507.3333
823.7000 523.3333
823.7150 511.3333
823.7290 510.6667
823.7430 506.0000
823.7580 487.3333
823.7720 513.3333
823.7860 514.6667
823.8010 512.6667
823.8150 505.3333
823.8300 490.0000
823.8440 488.0000
823.8580 492.6667
823.8730 481.3333
823.8870 504.6667
823.9010 480.6667
823.9160 524.6667
823.9300 496.6667
823.9450 520.6667
823.9590 516.0000
823.9730 504.6667
823.9880 524.6667
824.0020 506.0000
824.0160 500.6667
824.0310 510.0000
824.0450 512.6667
824.0590 531.3333
824.0740 524.0000
824.0880 501.3333
824.1020 508.6667
824.1170 492.0000
824.1310 498.6667
824.1450 497.3333
824.1600 506.0000
824.1740 501.3333
824.1880 494.0000
824.2030 494.6667
824.2170 507.3333
824.2320 510.0000
824.2460 508.6667
824.2600 536.0000
824.2750 514.0000
824.2890 510.0000
824.3030 500.0000
824.3180 496.6667
824.3320 516.6667
824.3460 524.6667
824.3610 480.0000
824.3750 506.6667
824.3890 501.3333
824.4040 498.6667
824.4180 532.0000
824.4320 508.0000
824.4460 516.6667
824.4610 490.0000
824.4750 505.3333
824.4890 503.3333
824.5040 498.6667
824.5180 524.6667
824.5320 498.6667
824.5470 495.3333
824.5610 516.0000
824.5750 495.3333
824.5900 508.6667
824.6040 520.0000
824.6180 486.0000
824.6330 522.0000
824.6470 484.6667
824.6610 514.6667
824.6760 488.0000
824.6900 523.3333
824.7040 515.3333
824.7180 498.0000
824.7330 490.0000
824.7470 483.3333
824.7610 480.0000
824.7760 528.6667
824.7910 504.0000
824.8060 520.0000
824.8210 546.0000
824.8360 545.3333
824.8510 524.6667
824.8660 525.3333
824.8800 533.3333
824.8950 518.0000
824.9100 513.3333
824.9250 524.6667
824.9400 523.3333
824.9550 526.0000
824.9700 510.6667
824.9850 506.0000
825.0000 539.3333
825.0140 514.6667
825.0290 516.6667
825.0440 520.6667
825.0590 543.3333
825.0740 486.0000
825.0890 529.3333
825.1040 530.0000
825.1190 488.0000
825.1340 530.0000
825.1480 513.3333
825.1630 508.6667
825.1780 499.3333
825.1930 490.6667
825.2080 500.6667
825.2230 522.6667
825.2380 515.3333
825.2530 506.6667
825.2670 498.0000
825.2820 503.3333
825.2970 526.6667
825.3120 519.3333
825.3270 526.6667
825.3420 542.0000
825.3570 492.6667
825.3720 518.6667
825.3860 512.0000
825.4010 517.3333
825.4160 514.6667
825.4310 508.6667
825.4460 496.0000
825.4610 506.6667
825.4760 506.6667
825.4900 530.6667
825.5050 512.0000
825.5200 506.6667
825.5350 518.6667
825.5500 501.3333
825.5650 506.6667
825.5800 541.3333
825.5940 504.0000
825.6090 510.0000
825.6240 505.3333
825.6390 512.0000
825.6540 538.0000
825.6690 505.3333
825.6830 510.6667
825.6980 498.0000
825.7130 517.3333
825.7280 509.3333
825.7430 513.3333
825.7580 495.3333
825.7730 503.3333
825.7870 501.3333
825.8020 502.0000
825.8170 528.0000
825.8320 508.0000
825.8470 532.0000
825.8620 510.0000
825.8760 499.3333
825.8910 512.0000
825.9060 522.6667
825.9210 527.3333
825.9360 515.3333
825.9510 529.3333
825.9650 491.3333
825.9800 515.3333
825.9950 516.0000
826.0100 505.3333
826.0250 506.6667
826.0390 520.6667
826.0540 506.0000
826.0690 491.3333
826.0840 498.0000
826.0990 524.0000
826.1140 486.0000
826.1280 506.6667
826.1430 498.6667
826.1580 526.6667
826.1730 484.6667
826.1880 488.6667
826.2020 490.6667
826.2170 497.3333
826.2320 524.6667
826.2470 518.6667
826.2620 500.0000
826.2760 544.6667
826.2910 500.6667
826.3060 480.0000
826.3210 498.0000
826.3360 498.6667
826.3510 500.6667
826.3650 503.3333
826.3800 533.3333
826.3950 507.3333
826.4100 502.0000
826.4250 480.6667
826.4390 503.3333
826.4540 490.0000
826.4690 512.6667
826.4840 517.3333
826.4980 500.6667
826.5130 506.6667
826.5280 482.0000
826.5430 499.3333
826.5580 523.3333
826.5720 489.3333
826.5870 480.6667
826.6020 483.3333
826.6170 476.0000
826.6320 468.6667
826.6460 494.6667
826.6610 474.6667
826.6760 500.0000
826.6910 466.0000
826.7050 492.6667
826.7200 477.3333
826.7350 476.6667
826.7500 488.6667
826.7650 491.3333
826.7790 482.0000
826.7940 482.0000
826.8090 528.6667
826.8240 484.6667
826.8380 490.6667
826.8530 486.0000
826.8680 504.0000
826.8830 479.3333
826.8970 466.0000
826.9120 478.0000
826.9270 489.3333
826.9420 498.6667
826.9570 476.6667
826.9710 505.3333
826.9860 496.0000
827.0010 480.0000
827.0160 476.0000
827.0300 536.6667
827.0450 502.0000
827.0600 488.6667
827.0750 488.6667
827.0890 480.0000
827.1040 456.6667
827.1190 482.0000
827.1340 488.0000
827.1480 493.3333
827.1630 481.3333
827.1780 480.0000
827.1930 500.0000
827.2070 486.6667
827.2220 473.3333
827.2370 481.3333
827.2520 476.6667
827.2660 484.6667
827.2810 496.0000
827.2960 480.0000
827.3110 494.6667
827.3250 500.0000
827.3400 487.3333
827.3550 478.6667
827.3690 468.6667
827.3840 478.0000
827.3990 484.0000
827.4140 480.6667
827.4280 500.0000
827.4430 494.6667
827.4580 499.3333
827.4730 480.0000
827.4870 491.3333
827.5020 498.0000
827.5170 496.0000
827.5310 484.6667
827.5460 496.0000
827.5610 472.0000
827.5760 481.3333
827.5900 490.0000
827.6050 491.3333
827.6200 504.6667
827.6340 490.0000
827.6490 498.0000
827.6640 483.3333
827.6790 506.0000
827.6930 488.6667
827.7080 500.0000
827.7230 510.6667
827.7370 517.3333
827.7520 503.3333
827.7670 493.3333
827.7820 493.3333
827.7960 502.6667
827.8110 485.3333
827.8260 470.6667
827.8400 497.3333
827.8550 484.0000
827.8700 490.6667
827.8850 492.6667
827.8990 514.0000
827.9140 472.0000
827.9290 515.3333
827.9430 516.6667
827.9580 498.6667
827.9730 504.0000
827.9870 498.0000
828.0020 514.6667
828.0170 483.3333
828.0310 496.0000
828.0460 486.0000
828.0610 480.0000
828.0760 480.0000
828.0900 454.6667
828.1050 494.6667
828.1200 481.3333
828.1340 486.0000
828.1490 476.0000
828.1640 470.6667
828.1780 468.6667
828.1930 482.6667
828.2080 478.0000
828.2220 490.0000
828.2370 507.3333
828.2520 514.0000
828.2660 524.6667
828.2810 496.6667
828.2960 510.0000
828.3100 516.0000
828.3250 497.3333
828.3400 466.0000
828.3540 490.0000
828.3690 490.0000
828.3840 481.3333
828.3980 483.3333
828.4130 490.6667
828.4280 489.3333
828.4420 482.6667
828.4570 482.0000
828.4720 494.0000
828.4860 487.3333
828.5010 492.6667
828.5160 532.6667
828.5300 517.3333
828.5450 500.0000
828.5600 498.0000
828.5740 492.6667
828.5890 500.6667
828.6040 491.3333
828.6180 499.3333
828.6330 497.3333
828.6480 498.0000
828.6620 486.6667
828.6770 487.3333
828.6910 476.0000
828.7060 475.3333
828.7210 488.0000
828.7350 507.3333
828.7500 491.3333
828.7650 479.3333
828.7790 500.0000
828.7940 494.6667
828.8090 504.6667
828.8230 514.0000
828.8380 505.3333
828.8530 497.3333
828.8670 509.3333
828.8820 478.0000
828.8960 498.6667
828.9110 494.0000
828.9260 506.6667
828.9400 500.0000
828.9550 494.6667
828.9700 519.3333
828.9840 528.6667
828.9990 504.6667
829.0130 515.3333
829.0280 498.6667
829.0430 516.6667
829.0570 508.6667
829.0720 499.3333
829.0870 483.3333
829.1010 489.3333
829.1160 516.0000
829.1300 521.3333
829.1450 479.3333
829.1600 503.3333
829.1740 514.0000
829.1890 483.3333
829.2030 516.6667
829.2180 520.0000
829.2330 490.6667
829.2470 506.0000
829.2620 512.6667
829.2760 494.6667
829.2910 496.0000
829.3060 516.6667
829.3200 497.3333
829.3350 495.3333
829.3490 478.0000
829.3640 468.0000
829.3790 495.3333
829.3930 492.0000
829.4080 523.3333
829.4220 486.6667
829.4370 534.0000
829.4520 504.6667
829.4660 508.0000
829.4810 497.3333
829.4950 491.3333
829.5100 498.6667
829.5250 495.3333
829.5390 508.6667
829.5540 494.6667
829.5680 485.3333
829.5830 516.0000
829.5980 488.6667
829.6120 500.6667
829.6270 485.3333
829.6410 490.6667
829.6560 509.3333
829.6700 514.0000
829.6850 482.6667
829.7000 491.3333
829.7140 490.0000
829.7290 541.3333
829.7430 507.3333
829.7580 510.6667
829.7720 498.0000
829.7870 498.6667
829.8020 492.6667
829.8160 484.6667
829.8310 505.3333
829.8450 477.3333
829.8600 460.6667
829.8740 507.3333
829.8890 527.3333
829.9040 522.6667
829.9180 492.0000
829.9330 487.3333
829.9470 498.0000
829.9620 487.3333
829.9760 504.0000
829.9910 506.6667
830.0050 514.6667
830.0200 510.6667
830.0350 502.0000
830.0490 495.3333
830.0640 464.6667
830.0780 493.3333
830.0930 492.6667
830.1070 485.3333
830.1220 491.3333
830.1360 480.6667
830.1510 474.0000
830.1660 500.6667
830.1800 471.3333
830.1950 494.0000
830.2090 477.3333
830.2240 494.0000
830.2380 489.3333
830.2530 501.3333
830.2670 490.0000
830.2820 480.0000
830.2960 476.0000
830.3110 485.3333
830.3250 484.6667
830.3400 485.3333
830.3550 484.0000
830.3690 436.6667
830.3840 484.0000
830.3980 496.6667
830.4130 486.0000
830.4270 486.0000
830.4420 452.6667
830.4560 502.6667
830.4710 479.3333
830.4850 463.3333
830.5000 464.6667
830.5140 468.6667
830.5290 471.3333
830.5430 474.0000
830.5580 464.6667
830.5720 472.0000
830.5870 462.0000
830.6010 456.6667
830.6160 458.6667
830.6300 470.6667
830.6450 469.3333
830.6590 470.6667
830.6740 461.3333
830.6880 464.6667
830.7030 464.0000
830.7180 490.6667
830.7320 442.6667
830.7470 456.0000
830.7610 452.0000
830.7760 448.0000
830.7900 465.3333
830.8050 478.6667
830.8190 458.0000
830.8340 463.3333
830.8480 468.0000
830.8630 458.0000
830.8770 424.6667
830.8920 450.0000
830.9060 462.6667
830.9210 446.6667
830.9350 456.6667
830.9490 444.0000
830.9640 458.6667
830.9780 458.0000
830.9930 421.3333
831.0070 451.3333
831.0220 448.0000
831.0360 429.3333
831.0510 455.3333
831.0650 438.0000
831.0800 436.6667
831.0940 413.3333
831.1090 446.0000
831.1230 423.3333
831.1380 460.0000
831.1520 440.0000
831.1670 456.0000
831.1810 443.3333
831.1960 446.6667
831.2100 455.3333
831.2250 448.0000
831.2390 442.6667
831.2540 436.6667
831.2680 424.6667
831.2830 435.3333
831.2970 422.0000
831.3110 426.0000
831.3260 415.3333
831.3400 416.0000
831.3550 427.3333
831.3690 426.0000
831.3840 421.3333
831.3980 432.6667
831.4130 408.6667
831.4270 428.0000
831.4420 421.3333
831.4560 430.0000
831.4710 416.0000
831.4850 402.0000
831.4990 404.0000
831.5140 434.0000
831.5280 401.3333
831.5430 420.0000
831.5570 418.0000
831.5720 398.0000
831.5860 383.3333
831.6010 399.3333
831.6150 408.0000
831.6290 429.3333
831.6440 406.0000
831.6580 402.0000
831.6730 404.0000
831.6870 422.6667
831.7020 417.3333
831.7160 401.3333
831.7310 417.3333
831.7450 408.0000
831.7590 411.3333
831.7740 412.0000
831.7880 414.0000
831.8030 400.0000
831.8170 395.3333
831.8320 419.3333
831.8460 412.6667
831.8600 404.0000
831.8750 413.3333
831.8890 408.0000
831.9040 401.3333
831.9180 408.6667
831.9330 397.3333
831.9470 385.3333
831.9610 388.6667
831.9760 404.0000
831.9900 411.3333
832.0050 410.0000
832.0190 384.0000
832.0330 366.6667
832.0480 380.0000
832.0620 405.3333
832.0770 395.3333
832.0910 380.6667
832.1060 401.3333
832.1200 400.6667
832.1340 394.0000
832.1490 396.0000
832.1630 395.3333
832.1780 378.6667
832.1920 379.3333
832.2060 417.3333
832.2210 393.3333
832.2350 395.3333
832.2500 390.0000
832.2640 380.0000
832.2780 402.6667
832.2930 378.6667
832.3070 386.6667
832.3220 382.6667
832.3360 384.6667
832.3500 392.6667
832.3650 376.0000
832.3790 381.3333
832.3940 389.3333
832.4080 372.6667
832.4220 384.0000
832.4370 384.6667
832.4510 380.0000
832.4650 385.3333
832.4800 402.0000
832.4940 400.6667
832.5090 378.6667
832.5230 378.6667
832.5370 357.3333
832.5520 372.6667
832.5660 382.6667
832.5810 380.0000
832.5950 388.0000
832.6090 362.6667
832.6240 355.3333
832.6380 384.0000
832.6520 381.3333
832.6670 360.6667
832.6810 378.0000
832.6960 376.6667
832.7100 350.6667
832.7240 367.3333
832.7390 365.3333
832.7530 354.0000
832.7670 360.6667
832.7820 377.3333
832.7960 340.6667
832.8100 373.3333
832.8250 365.3333
832.8390 370.6667
832.8530 359.3333
832.8680 363.3333
832.8820 372.6667
832.8970 364.6667
832.9110 359.3333
832.9250 369.3333
832.9400 361.3333
832.9540 370.0000
832.9680 388.6667
832.9830 367.3333
832.9970 374.6667
833.0110 360.6667
833.0260 358.6667
833.0400 379.3333
833.0540 377.3333
833.0690 384.6667
833.0830 364.0000
833.0970 379.3333
833.1120 362.0000
833.1260 383.3333
833.1400 343.3333
833.1550 344.0000
833.1690 367.3333
833.1830 334.6667
833.1980 332.6667
833.2120 356.6667
833.2260 356.0000
833.2410 362.6667
833.2550 351.3333
833.2690 341.3333
833.2840 340.6667
833.2980 363.3333
833.3120 356.6667
833.3270 358.6667
833.3410 364.6667
833.3550 369.3333
833.3700 382.0000
833.3840 366.6667
833.3980 345.3333
833.4130 371.3333
833.4270 361.3333
833.4410 370.0000
833.4560 347.3333
833.4700 340.6667
833.4840 347.3333
833.4990 358.0000
833.5130 350.6667
833.5270 339.3333
833.5420 371.3333
833.5560 365.3333
833.5700 354.6667
833.5840 358.6667
833.5990 348.6667
833.6130 331.3333
833.6270 345.3333
833.6420 357.3333
833.6560 370.0000
833.6700 359.3333
833.6850 344.6667
833.6990 326.0000
833.7130 379.3333
833.7270 368.6667
833.7420 352.0000
833.7560 338.0000
833.7700 356.0000
833.7850 337.3333
833.7990 373.3333
833.8130 354.0000
833.8270 347.3333
833.8420 352.0000
833.8560 340.0000
833.8700 341.3333
833.8850 346.6667
833.8990 326.6667
833.9130 342.0000
833.9270 344.0000
833.9420 340.0000
833.9560 328.0000
833.9700 345.3333
833.9850 340.6667
833.9990 336.6667
834.0130 332.0000
834.0270 314.6667
834.0420 346.6667
834.0560 350.6667
834.0700 342.6667
834.0850 339.3333
834.0990 334.0000
834.1130 360.6667
834.1270 346.6667
834.1420 347.3333
834.1560 350.6667
834.1700 353.3333
834.1840 362.0000
834.1990 360.0000
834.2130 338.0000
834.2270 332.6667
834.2410 342.6667
834.2560 341.3333
834.2700 345.3333
834.2840 356.6667
834.2980 333.3333
834.3130 340.6667
834.3270 334.0000
834.3410 332.0000
834.3550 328.0000
834.3700 326.6667
834.3840 330.6667
834.3980 350.0000
834.4120 359.3333
834.4270 330.6667
834.4410 320.0000
834.4550 340.0000
834.4690 336.6667
834.4840 352.0000
834.4980 334.0000
834.5120 341.3333
834.5260 336.6667
834.5410 339.3333
834.5550 321.3333
834.5690 310.6667
834.5830 336.6667
834.5980 332.6667
834.6120 324.6667
834.6260 326.0000
834.6400 324.6667
834.6550 317.3333
834.6690 315.3333
834.6830 324.6667
834.6970 326.6667
834.7110 319.3333
834.7260 340.6667
834.7400 342.0000
834.7540 330.0000
834.7680 337.3333
834.7830 319.3333
834.7970 317.3333
834.8110 331.3333
834.8250 356.6667
834.8390 334.6667
834.8540 319.3333
834.8680 329.3333
834.8820 332.6667
834.8960 333.3333
834.9100 335.3333
834.9250 325.3333
834.9390 324.6667
834.9530 328.6667
834.9670 319.3333
834.9820 323.3333
834.9960 323.3333
835.0100 332.0000
835.0240 318.0000
835.0380 328.0000
835.0530 318.0000
835.0670 337.3333
835.0810 335.3333
835.0950 342.0000
835.1090 324.0000
835.1240 342.6667
835.1380 314.6667
835.1520 314.0000
835.1660 329.3333
835.1800 322.0000
835.1950 325.3333
835.2090 322.6667
835.2230 320.0000
835.2370 333.3333
835.2510 330.0000
835.2650 325.3333
835.2800 312.6667
835.2940 318.6667
835.3080 319.3333
835.3220 315.3333
835.3360 324.6667
835.3510 329.3333
835.3650 340.0000
835.3790 327.3333
835.3930 321.3333
835.4070 309.3333
835.4210 306.0000
835.4360 327.3333
835.4500 313.3333
835.4640 312.0000
835.4780 314.6667
835.4920 328.0000
835.5060 327.3333
835.5210 323.3333
835.5350 327.3333
835.5490 314.6667
835.5630 311.3333
835.5770 318.6667
835.5910 310.0000
835.6060 315.3333
835.6200 314.0000
835.6340 335.3333
835.6480 329.3333
835.6620 298.6667
835.6760 332.0000
835.6910 306.0000
835.7050 338.0000
835.7190 315.3333
835.7330 312.6667
835.7470 312.0000
835.7610 328.6667
835.7750 321.3333
835.7900 340.0000
835.8040 310.6667
835.8180 317.3333
835.8320 318.6667
835.8460 316.6667
835.8600 304.6667
835.8740 310.0000
835.8890 310.0000
835.9030 317.3333
835.9170 335.3333
835.9310 298.0000
835.9450 297.3333
835.9590 305.3333
835.9730 319.3333
835.9880 306.6667
836.0020 300.6667
836.0160 308.0000
836.0300 302.0000
836.0440 290.6667
836.0580 301.3333
836.0720 299.3333
836.0860 306.0000
836.1010 300.0000
836.1150 326.0000
836.1290 304.0000
836.1430 313.3333
836.1570 304.6667
836.1710 299.3333
836.1850 299.3333
836.1990 315.3333
836.2140 308.0000
836.2280 298.6667
836.2420 310.6667
836.2560 314.0000
836.2700 307.3333
836.2840 296.0000
836.2980 324.6667
836.3120 300.6667
836.3260 312.6667
836.3410 310.0000
836.3550 322.0000
836.3690 317.3333
836.3830 303.3333
836.3970 314.6667
836.4110 326.0000
836.4250 310.0000
836.4390 312.6667
836.4530 304.0000
836.4680 301.3333
836.4820 310.6667
836.4960 315.3333
836.5100 315.3333
836.5240 304.6667
836.5380 332.0000
836.5520 317.3333
836.5660 306.6667
836.5800 298.6667
836.5940 300.0000
836.6080 299.3333
836.6230 306.6667
836.6370 311.3333
836.6510 299.3333
836.6650 323.3333
836.6790 293.3333
836.6930 317.3333
836.7070 315.3333
836.7210 304.0000
836.7350 308.6667
836.7490 296.0000
836.7630 302.6667
836.7770 319.3333
836.7920 288.6667
836.8060 305.3333
836.8200 288.6667
836.8340 307.3333
836.8480 295.3333
836.8620 298.6667
836.8760 301.3333
836.8900 298.0000
836.9040 299.3333
836.9180 300.6667
836.9320 322.0000
836.9460 291.3333
836.9600 292.6667
836.9740 297.3333
836.9880 282.0000
837.0030 290.6667
837.0170 293.3333
837.0310 330.6667
837.0450 292.6667
837.0590 322.6667
837.0730 304.0000
837.0870 318.0000
837.1010 294.6667
837.1150 295.3333
837.1290 296.6667
837.1430 290.0000
837.1570 278.6667
837.1710 290.0000
837.1850 288.6667
837.1990 292.6667
837.2130 288.0000
837.2270 281.3333
837.2410 291.3333
837.2550 292.6667
837.2690 296.0000
837.2830 298.0000
837.2980 294.0000
837.3120 302.0000
837.3260 291.3333
837.3400 288.6667
837.3540 293.3333
837.3680 293.3333
837.3820 258.6667
837.3960 302.6667
837.4100 302.6667
837.4240 295.3333
837.4380 300.6667
837.4520 295.3333
837.4660 284.6667
837.4800 302.0000
837.4940 312.6667
837.5080 299.3333
837.5220 276.6667
837.5360 278.6667
837.5500 289.3333
837.5640 298.0000
837.5780 276.6667
837.5920 282.0000
837.6060 290.6667
837.6200 270.6667
837.6340 282.0000
837.6480 283.3333
837.6620 283.3333
837.6760 269.3333
837.6900 282.0000
837.7040 295.3333
837.7180 281.3333
837.7320 268.0000
837.7460 274.0000
837.7600 294.6667
837.7740 274.0000
837.7880 285.3333
837.8020 295.3333
837.8160 276.6667
837.8300 298.6667
837.8440 294.0000
837.8580 276.6667
837.8720 282.0000
837.8860 290.0000
837.9000 290.0000
837.9140 285.3333
837.9280 282.0000
837.9420 285.3333
837.9560 272.0000
837.9700 274.6667
837.9840 276.0000
837.9980 289.3333
838.0120 277.3333
838.0260 310.0000
838.0400 282.6667
838.0540 288.0000
838.0680 271.3333
838.0820 283.3333
838.0960 296.0000
838.1100 282.6667
838.1240 288.6667
838.1380 280.6667
838.1520 279.3333
838.1660 272.0000
838.1800 273.3333
838.1940 290.6667
838.2080 275.3333
838.2220 268.0000
838.2360 264.6667
838.2500 276.6667
838.2640 281.3333
838.2780 288.0000
838.2920 290.0000
838.3060 279.3333
838.3190 274.6667
838.3330 272.6667
838.3470 293.3333
838.3610 278.6667
838.3750 269.3333
838.3890 292.6667
838.4030 295.3333
838.4170 276.0000
838.4310 266.6667
838.4450 288.6667
838.4590 284.6667
838.4730 277.3333
838.4870 277.3333
838.5010 282.6667
838.5150 268.6667
838.5290 283.3333
838.5430 290.0000
838.5570 281.3333
838.5710 286.6667
838.5850 292.0000
838.5990 276.0000
838.6120 280.6667
838.6260 289.3333
838.6400 278.6667
838.6540 280.6667
838.6680 278.6667
838.6820 278.6667
838.6960 291.3333
838.7100 284.6667
838.7240 291.3333
838.7380 296.6667
838.7520 276.6667
838.7660 272.0000
838.7800 285.3333
838.7940 283.3333
838.8080 279.3333
838.8210 293.3333
838.8350 260.0000
838.8490 268.0000
838.8630 280.6667
838.8770 292.6667
838.8910 287.3333
838.9050 267.3333
838.9190 279.3333
838.9330 276.6667
838.9470 267.3333
838.9610 274.0000
838.9750 284.0000
838.9880 270.0000
839.0020 283.3333
839.0160 286.0000
839.0300 271.3333
839.0440 275.3333
839.0580 265.3333
839.0720 272.0000
839.0860 263.3333
839.1000 264.6667
839.1140 270.0000
839.1280 275.3333
839.1410 272.6667
839.1550 274.0000
839.1690 273.3333
839.1830 265.3333
839.1970 274.0000
839.2110 289.3333
839.2250 301.3333
839.2390 268.0000
839.2530 269.3333
839.2660 256.6667
839.2800 270.0000
839.2940 282.6667
839.3080 276.0000
839.3220 268.6667
839.3360 286.0000
839.3500 309.3333
839.3640 286.6667
839.3780 278.6667
839.3910 266.0000
839.4050 260.0000
839.4190 266.6667
839.4330 294.6667
839.4470 290.6667
839.4610 269.3333
839.4750 284.0000
839.4890 284.0000
839.5020 252.0000
