794.000	34004.000
794.016	33272.000
794.031	31792.000
794.047	29190.000
794.063	26255.000
794.079	24022.000
794.094	22676.000
794.110	21984.000
794.126	21912.000
794.142	22119.000
794.157	22508.000
794.173	22908.000
794.189	23715.000
794.204	24986.000
794.220	26822.000
794.236	29372.000
794.252	31078.000
794.267	31204.000
794.283	30460.000
794.299	28828.000
794.314	26389.000
794.330	23980.000
794.346	22102.000
794.362	21106.000
794.377	20771.000
794.393	20686.000
794.409	20788.000
794.424	21264.000
794.440	21822.000
794.456	22683.000
794.472	24190.000
794.487	26408.000
794.503	28531.000
794.519	29762.000
794.534	29708.000
794.550	28726.000
794.566	26864.000
794.581	24370.000
794.597	22128.000
794.613	20715.000
794.629	19890.000
794.644	19532.000
794.660	19552.000
794.676	19796.000
794.691	20156.000
794.707	20714.000
794.723	21713.000
794.738	23365.000
794.754	25544.000
794.770	27402.000
794.785	28199.000
794.801	27957.000
794.817	26729.000
794.832	24780.000
794.848	22370.000
794.864	20554.000
794.880	19311.000
794.895	18677.000
794.911	18509.000
794.927	18584.000
794.942	18854.000
794.958	19317.000
794.974	19859.000
794.989	21112.000
795.005	22624.000
795.021	24555.000
795.036	25928.000
795.052	26302.000
795.068	25738.000
795.083	24479.000
795.099	22599.000
795.115	20613.000
795.130	18955.000
795.146	18125.000
795.162	17742.000
795.177	17826.000
795.193	17965.000
795.209	18278.000
795.224	18832.000
795.240	19501.000
795.256	20458.000
795.271	21894.000
795.287	23335.000
795.303	24545.000
795.318	24611.000
795.334	23683.000
795.350	22473.000
795.365	20651.000
795.381	18965.000
795.396	17762.000
795.412	17040.000
795.428	16793.000
795.443	16915.000
795.459	17162.000
795.475	17485.000
795.490	17850.000
795.506	18493.000
795.522	19491.000
795.537	20890.000
795.553	22244.000
795.569	22933.000
795.584	22826.000
795.600	22174.000
795.615	20934.000
795.631	19338.000
795.647	17914.000
795.662	16854.000
795.678	16236.000
795.694	16142.000
795.709	16067.000
795.725	16393.000
795.741	16667.000
795.756	17073.000
795.772	17602.000
795.787	18352.000
795.803	19615.000
795.819	20966.000
795.834	21506.000
795.850	21431.000
795.866	20716.000
795.881	19744.000
795.897	18257.000
795.912	16874.000
795.928	16036.000
795.944	15583.000
795.959	15392.000
795.975	15459.000
795.990	15617.000
796.006	15895.000
796.022	16198.000
796.037	16857.000
796.053	17639.000
796.068	18839.000
796.084	19762.000
796.100	20338.000
796.115	20152.000
796.131	19521.000
796.147	18428.000
796.162	17092.000
796.178	15840.000
796.193	15111.000
796.209	14696.000
796.225	14574.000
796.240	14620.000
796.256	14925.000
796.271	15162.000
796.287	15569.000
796.303	16112.000
796.318	17114.000
796.334	18083.000
796.349	19091.000
796.365	19358.000
796.380	19163.000
796.396	18400.000
796.412	17318.000
796.427	15998.000
796.443	14932.000
796.458	14179.000
796.474	13782.000
796.490	13725.000
796.505	13795.000
796.521	14068.000
796.536	14356.000
796.552	14829.000
796.567	15495.000
796.583	16219.000
796.599	17193.000
796.614	18035.000
796.630	18312.000
796.645	18045.000
796.661	17295.000
796.676	16276.000
796.692	15091.000
796.708	14064.000
796.723	13530.000
796.739	13122.000
796.754	13132.000
796.770	13323.000
796.785	13478.000
796.801	13885.000
796.817	14175.000
796.832	14720.000
796.848	15386.000
796.863	16227.000
796.879	16941.000
796.894	17062.000
796.910	16739.000
796.925	16102.000
796.941	15258.000
796.957	14226.000
796.972	13340.000
796.988	12940.000
797.003	12703.000
797.019	12723.000
797.034	12838.000
797.050	13035.000
797.065	13338.000
797.081	13583.000
797.097	14070.000
797.112	14588.000
797.128	15303.000
797.143	15808.000
797.159	15968.000
797.174	15758.000
797.190	15156.000
797.205	14409.000
797.221	13557.000
797.236	12828.000
797.252	12238.000
797.267	12158.000
797.283	12145.000
797.299	12340.000
797.314	12441.000
797.330	12605.000
797.345	12956.000
797.361	13336.000
797.376	13882.000
797.392	14544.000
797.407	15066.000
797.423	15238.000
797.438	14986.000
797.454	14507.000
797.469	13754.000
797.485	12933.000
797.500	12153.000
797.516	11781.000
797.531	11528.000
797.547	11515.000
797.562	11538.000
797.578	11726.000
797.594	12002.000
797.609	12274.000
797.625	12642.000
797.640	13047.000
797.656	13760.000
797.671	14325.000
797.687	14512.000
797.702	14328.000
797.718	13914.000
797.733	13268.000
797.749	12426.000
797.764	11754.000
797.780	11274.000
797.795	11088.000
797.811	11000.000
797.826	11050.000
797.842	11206.000
797.857	11468.000
797.873	11688.000
797.888	11958.000
797.904	12422.000
797.919	12893.000
797.935	13466.000
797.950	13622.000
797.966	13530.000
797.981	13104.000
797.997	12486.000
798.012	11814.000
798.028	11133.000
798.043	10683.000
798.059	10506.000
798.074	10458.000
798.089	10592.000
798.105	10730.000
798.120	11059.000
798.136	11263.000
798.151	11552.000
798.167	11882.000
798.182	12236.000
798.198	12798.000
798.213	12886.000
798.229	12824.000
798.244	12362.000
798.260	11884.000
798.275	11200.000
798.291	10644.000
798.306	10308.000
798.322	9991.000
798.337	9985.000
798.353	10137.000
798.368	10288.000
798.383	10488.000
798.399	10740.000
798.414	11027.000
798.430	11266.000
798.445	11658.000
798.461	11903.000
798.476	12216.000
798.492	12108.000
798.507	11861.000
798.523	11479.000
798.538	10860.000
798.554	10246.000
798.569	9859.000
798.584	9672.000
798.600	9591.000
798.615	9670.000
798.631	9851.000
798.646	9977.000
798.662	10124.000
798.677	10386.000
798.693	10568.000
798.708	10906.000
798.724	11219.000
798.739	11457.000
798.754	11437.000
798.770	11260.000
798.785	10835.000
798.801	10395.000
798.816	10051.000
798.832	9620.000
798.847	9374.000
798.862	9287.000
798.878	9344.000
798.893	9414.000
798.909	9565.000
798.924	9783.000
798.940	9886.000
798.955	10032.000
798.970	10238.000
798.986	10580.000
799.001	10839.000
799.017	10941.000
799.032	10845.000
799.048	10451.000
799.063	10135.000
799.078	9650.000
799.094	9222.000
799.109	8910.000
799.125	8876.000
799.140	8892.000
799.156	8952.000
799.171	9100.000
799.186	9205.000
799.202	9446.000
799.217	9590.000
799.233	9896.000
799.248	10195.000
799.263	10390.000
799.279	10498.000
799.294	10434.000
799.310	10143.000
799.325	9765.000
799.341	9328.000
799.356	8832.000
799.371	8612.000
799.387	8433.000
799.402	8527.000
799.418	8530.000
799.433	8659.000
799.448	8823.000
799.464	8972.000
799.479	9092.000
799.495	9374.000
799.510	9656.000
799.525	9842.000
799.541	9938.000
799.556	9892.000
799.571	9717.000
799.587	9294.000
799.602	8905.000
799.618	8535.000
799.633	8220.000
799.648	8042.000
799.664	7967.000
799.679	8052.000
799.695	8154.000
799.710	8291.000
799.725	8451.000
799.741	8595.000
799.756	8673.000
799.771	8882.000
799.787	9073.000
799.802	9166.000
799.818	9222.000
799.833	9044.000
799.848	8847.000
799.864	8480.000
799.879	8160.000
799.894	7847.000
799.910	7699.000
799.925	7631.000
799.941	7646.000
799.956	7731.000
799.971	7860.000
799.987	8054.000
800.002	8076.000
800.017	8182.000
800.033	8283.000
800.048	8360.000
800.063	8558.000
800.079	8581.000
800.094	8566.000
800.110	8398.000
800.125	8224.000
800.140	7772.000
800.156	7539.000
800.171	7339.000
800.186	7282.000
800.202	7272.000
800.217	7428.000
800.232	7493.000
800.248	7512.000
800.263	7652.000
800.278	7750.000
800.294	7808.000
800.309	7927.000
800.324	8090.000
800.340	8182.000
800.355	8210.000
800.370	8095.000
800.386	7876.000
800.401	7639.000
800.417	7358.000
800.432	7171.000
800.447	6956.000
800.463	6924.000
800.478	6930.000
800.493	6968.000
800.509	7136.000
800.524	7158.000
800.539	7212.000
800.555	7393.000
800.570	7520.000
800.585	7657.000
800.600	7832.000
800.616	7877.000
800.631	7806.000
800.646	7702.000
800.662	7491.000
800.677	7198.000
800.692	6915.000
800.708	6692.000
800.723	6609.000
800.738	6558.000
800.754	6608.000
800.769	6714.000
800.784	6852.000
800.800	6960.000
800.815	7005.000
800.830	7120.000
800.846	7235.000
800.861	7376.000
800.876	7464.000
800.891	7469.000
800.907	7366.000
800.922	7208.000
800.937	6950.000
800.953	6640.000
800.968	6435.000
800.983	6355.000
800.999	6328.000
801.014	6375.000
801.029	6450.000
801.045	6524.000
801.060	6602.000
801.075	6687.000
801.090	6828.000
801.106	6973.000
801.121	7008.000
801.136	7100.000
801.152	7114.000
801.167	7055.000
801.182	6942.000
801.197	6683.000
801.213	6440.000
801.228	6250.000
801.243	6163.000
801.259	6072.000
801.274	6088.000
801.289	6113.000
801.304	6228.000
801.320	6348.000
801.335	6496.000
801.350	6500.000
801.366	6585.000
801.381	6684.000
801.396	6728.000
801.411	6847.000
801.427	6772.000
801.442	6801.000
801.457	6516.000
801.472	6348.000
801.488	6094.000
801.503	6012.000
801.518	5892.000
801.534	5822.000
801.549	5888.000
801.564	5933.000
801.579	6033.000
801.595	6109.000
801.610	6158.000
801.625	6260.000
801.640	6293.000
801.656	6368.000
801.671	6435.000
801.686	6561.000
801.701	6450.000
801.717	6406.000
801.732	6258.000
801.747	6052.000
801.762	5878.000
801.778	5742.000
801.793	5695.000
801.808	5693.000
801.823	5717.000
801.839	5734.000
801.854	5858.000
801.869	5886.000
801.884	5859.000
801.900	5927.000
801.915	5999.000
801.930	6103.000
801.945	6184.000
801.961	6258.000
801.976	6176.000
801.991	6126.000
802.006	5931.000
802.022	5740.000
802.037	5606.000
802.052	5479.000
802.067	5376.000
802.082	5454.000
802.098	5430.000
802.113	5509.000
802.128	5628.000
802.143	5653.000
802.159	5754.000
802.174	5795.000
802.189	5881.000
802.204	6004.000
802.220	6036.000
802.235	6089.000
802.250	5972.000
802.265	5844.000
802.280	5629.000
802.296	5466.000
802.311	5294.000
802.326	5206.000
802.341	5123.000
802.356	5163.000
802.372	5237.000
802.387	5298.000
802.402	5378.000
802.417	5464.000
802.433	5550.000
802.448	5598.000
802.463	5727.000
802.478	5787.000
802.493	5840.000
802.509	5828.000
802.524	5658.000
802.539	5555.000
802.554	5313.000
802.569	5087.000
802.585	4954.000
802.600	4905.000
802.615	4885.000
802.630	4953.000
802.645	5053.000
802.661	5142.000
802.676	5204.000
802.691	5215.000
802.706	5297.000
802.721	5354.000
802.736	5452.000
802.752	5502.000
802.767	5495.000
802.782	5438.000
802.797	5367.000
802.812	5166.000
802.828	4967.000
802.843	4841.000
802.858	4706.000
802.873	4732.000
802.888	4718.000
802.903	4793.000
802.919	4891.000
802.934	4909.000
802.949	4997.000
802.964	4968.000
802.979	5060.000
802.995	5076.000
803.010	5149.000
803.025	5199.000
803.040	5135.000
803.055	5064.000
803.070	4940.000
803.086	4796.000
803.101	4710.000
803.116	4530.000
803.131	4492.000
803.146	4474.000
803.161	4484.000
803.177	4589.000
803.192	4625.000
803.207	4678.000
803.222	4732.000
803.237	4766.000
803.252	4749.000
803.267	4858.000
803.283	4895.000
803.298	4964.000
803.313	4872.000
803.328	4805.000
803.343	4697.000
803.358	4558.000
803.374	4429.000
803.389	4325.000
803.404	4284.000
803.419	4258.000
803.434	4278.000
803.449	4323.000
803.464	4370.000
803.480	4434.000
803.495	4501.000
803.510	4518.000
803.525	4589.000
803.540	4634.000
803.555	4686.000
803.570	4683.000
803.585	4688.000
803.601	4628.000
803.616	4498.000
803.631	4351.000
803.646	4248.000
803.661	4194.000
803.676	4074.000
803.691	4065.000
803.706	4055.000
803.722	4165.000
803.737	4148.000
803.752	4201.000
803.767	4321.000
803.782	4315.000
803.797	4397.000
803.812	4398.000
803.827	4480.000
803.843	4491.000
803.858	4440.000
803.873	4416.000
803.888	4298.000
803.903	4154.000
803.918	4054.000
803.933	3951.000
803.948	3906.000
803.963	3902.000
803.979	3945.000
803.994	4016.000
804.009	4072.000
804.024	4145.000
804.039	4250.000
804.054	4242.000
804.069	4279.000
804.084	4293.000
804.099	4340.000
804.115	4318.000
804.130	4254.000
804.145	4210.000
804.160	4074.000
804.175	3969.000
804.190	3798.000
804.205	3738.000
804.220	3720.000
804.235	3752.000
804.250	3815.000
804.265	3938.000
804.281	3960.000
804.296	4034.000
804.311	4088.000
804.326	4087.000
804.341	4120.000
804.356	4156.000
804.371	4180.000
804.386	4130.000
804.401	4082.000
804.416	3970.000
804.431	3866.000
804.446	3761.000
804.461	3646.000
804.477	3636.000
804.492	3570.000
804.507	3583.000
804.522	3668.000
804.537	3738.000
804.552	3812.000
804.567	3836.000
804.582	3857.000
804.597	3886.000
804.612	3926.000
804.627	3950.000
804.642	3980.000
804.657	3912.000
804.672	3898.000
804.688	3831.000
804.703	3730.000
804.718	3653.000
804.733	3555.000
804.748	3475.000
804.763	3484.000
804.778	3518.000
804.793	3539.000
804.808	3549.000
804.823	3631.000
804.838	3716.000
804.853	3685.000
804.868	3701.000
804.883	3728.000
804.898	3736.000
804.913	3765.000
804.928	3782.000
804.943	3752.000
804.958	3702.000
804.973	3608.000
804.989	3552.000
805.004	3431.000
805.019	3421.000
805.034	3394.000
805.049	3404.000
805.064	3463.000
805.079	3462.000
805.094	3552.000
805.109	3526.000
805.124	3543.000
805.139	3584.000
805.154	3638.000
805.169	3642.000
805.184	3638.000
805.199	3700.000
805.214	3627.000
805.229	3569.000
805.244	3500.000
805.259	3419.000
805.274	3331.000
805.289	3261.000
805.304	3255.000
805.319	3270.000
805.334	3322.000
805.349	3357.000
805.364	3439.000
805.379	3481.000
805.394	3522.000
805.409	3533.000
805.424	3547.000
805.439	3598.000
805.454	3624.000
805.469	3604.000
805.484	3572.000
805.499	3478.000
805.514	3409.000
805.529	3360.000
805.544	3230.000
805.559	3206.000
805.574	3181.000
805.589	3189.000
805.604	3221.000
805.619	3285.000
805.634	3346.000
805.649	3378.000
805.664	3448.000
805.679	3502.000
805.694	3498.000
805.709	3510.000
805.724	3521.000
805.739	3521.000
805.754	3526.000
805.769	3424.000
805.784	3404.000
805.799	3270.000
805.814	3245.000
805.829	3238.000
805.844	3214.000
805.859	3195.000
805.874	3266.000
805.889	3314.000
805.904	3375.000
805.919	3375.000
805.934	3452.000
805.949	3450.000
805.964	3492.000
805.979	3511.000
805.994	3502.000
806.009	3497.000
806.024	3479.000
806.039	3449.000
806.054	3402.000
806.069	3361.000
806.084	3303.000
806.099	3216.000
806.114	3234.000
806.129	3252.000
806.144	3290.000
806.159	3313.000
806.174	3391.000
806.188	3421.000
806.203	3430.000
806.218	3415.000
806.233	3430.000
806.248	3418.000
806.263	3421.000
806.278	3400.000
806.293	3362.000
806.308	3346.000
806.323	3293.000
806.338	3264.000
806.353	3144.000
806.368	3036.000
806.383	3046.000
806.398	3020.000
806.413	3037.000
806.428	3031.000
806.443	3077.000
806.458	3095.000
806.473	3110.000
806.487	3128.000
806.502	3139.000
806.517	3081.000
806.532	3108.000
806.547	3177.000
806.562	3146.000
806.577	3072.000
806.592	2994.000
806.607	2963.000
806.622	2887.000
806.637	2801.000
806.652	2745.000
806.667	2739.000
806.682	2727.000
806.697	2762.000
806.711	2786.000
806.726	2790.000
806.741	2852.000
806.756	2839.000
806.771	2846.000
806.786	2865.000
806.801	2890.000
806.816	2876.000
806.831	2857.000
806.846	2850.000
806.861	2802.000
806.876	2751.000
806.890	2692.000
806.905	2616.000
806.920	2565.000
806.935	2578.000
806.950	2559.000
806.965	2630.000
806.980	2650.000
806.995	2658.000
807.010	2683.000
807.025	2690.000
807.040	2636.000
807.054	2662.000
807.069	2676.000
807.084	2658.000
807.099	2694.000
807.114	2689.000
807.129	2606.000
807.144	2592.000
807.159	2531.000
807.174	2487.000
807.189	2430.000
807.203	2448.000
807.218	2434.000
807.233	2436.000
807.248	2478.000
807.263	2508.000
807.278	2556.000
807.293	2583.000
807.308	2565.000
807.323	2574.000
807.337	2552.000
807.352	2544.000
807.367	2548.000
807.382	2542.000
807.397	2522.000
807.412	2478.000
807.427	2416.000
807.442	2342.000
807.456	2291.000
807.471	2304.000
807.486	2322.000
807.501	2310.000
807.516	2360.000
807.531	2344.000
807.546	2373.000
807.561	2408.000
807.575	2398.000
807.590	2398.000
807.605	2389.000
807.620	2404.000
807.635	2423.000
807.650	2443.000
807.665	2412.000
807.679	2379.000
807.694	2370.000
807.709	2313.000
807.724	2221.000
807.739	2199.000
807.754	2206.000
807.769	2181.000
807.783	2177.000
807.798	2197.000
807.813	2272.000
807.828	2261.000
807.843	2268.000
807.858	2267.000
807.872	2297.000
807.887	2278.000
807.902	2304.000
807.917	2322.000
807.932	2307.000
807.947	2318.000
807.962	2248.000
807.976	2265.000
807.991	2195.000
808.006	2162.000
808.021	2165.000
808.036	2089.000
808.051	2136.000
808.065	2160.000
808.080	2171.000
808.095	2214.000
808.110	2198.000
808.125	2207.000
808.140	2200.000
808.154	2228.000
808.169	2230.000
808.184	2263.000
808.199	2246.000
808.214	2246.000
808.228	2202.000
808.243	2129.000
808.258	2103.000
808.273	2039.000
808.288	2039.000
808.303	2012.000
808.317	2053.000
808.332	2058.000
808.347	2076.000
808.362	2097.000
808.377	2162.000
808.391	2178.000
808.406	2162.000
808.421	2190.000
808.436	2196.000
808.451	2177.000
808.465	2237.000
808.480	2194.000
808.495	2156.000
808.510	2132.000
808.525	2050.000
808.540	2043.000
808.554	1970.000
808.569	1984.000
808.584	1975.000
808.599	1994.000
808.613	2016.000
808.628	2037.000
808.643	2030.000
808.658	2032.000
808.673	2082.000
808.687	2076.000
808.702	2082.000
808.717	2096.000
808.732	2122.000
808.747	2109.000
808.761	2075.000
808.776	2043.000
808.791	2042.000
808.806	1963.000
808.821	1937.000
808.835	1938.000
808.850	1892.000
808.865	1924.000
808.880	1940.000
808.894	1958.000
808.909	1991.000
808.924	2015.000
808.939	1978.000
808.953	2007.000
808.968	1984.000
808.983	2039.000
808.998	2016.000
809.013	1997.000
809.027	2019.000
809.042	2009.000
809.057	1981.000
809.072	1940.000
809.086	1896.000
809.101	1898.000
809.116	1864.000
809.131	1864.000
809.145	1884.000
809.160	1878.000
809.175	1896.000
809.190	1912.000
809.204	1956.000
809.219	1938.000
809.234	1920.000
809.249	1943.000
809.263	1955.000
809.278	1975.000
809.293	1976.000
809.308	1948.000
809.322	1949.000
809.337	1868.000
809.352	1859.000
809.367	1850.000
809.381	1813.000
809.396	1799.000
809.411	1783.000
809.426	1850.000
809.440	1841.000
809.455	1848.000
809.470	1837.000
809.485	1861.000
809.499	1868.000
809.514	1923.000
809.529	1926.000
809.544	1922.000
809.558	1913.000
809.573	1900.000
809.588	1911.000
809.602	1966.000
809.618	1914.000
809.633	1852.000
809.648	1878.000
809.664	1778.000
809.679	1768.000
809.694	1745.000
809.710	1787.000
809.725	1783.000
809.740	1822.000
809.756	1851.000
809.771	1833.000
809.786	1852.000
809.802	1882.000
809.817	1890.000
809.832	1864.000
809.847	1919.000
809.863	1894.000
809.878	1863.000
809.893	1844.000
809.909	1808.000
809.924	1780.000
809.939	1726.000
809.955	1710.000
809.970	1702.000
809.985	1715.000
810.000	1740.000
810.016	1736.000
810.031	1784.000
810.046	1803.000
810.062	1794.000
810.077	1776.000
810.092	1802.000
810.108	1807.000
810.123	1790.000
810.138	1804.000
810.153	1787.000
810.169	1752.000
810.184	1750.000
810.199	1691.000
810.215	1650.000
810.230	1667.000
810.245	1648.000
810.260	1688.000
810.276	1699.000
810.291	1708.000
810.306	1735.000
810.321	1777.000
810.337	1752.000
810.352	1748.000
810.367	1738.000
810.383	1746.000
810.398	1752.000
810.413	1729.000
810.428	1730.000
810.444	1714.000
810.459	1706.000
810.474	1664.000
810.489	1666.000
810.505	1649.000
810.520	1620.000
810.535	1628.000
810.550	1665.000
810.566	1676.000
810.581	1677.000
810.596	1694.000
810.612	1687.000
810.627	1697.000
810.642	1675.000
810.657	1705.000
810.673	1708.000
810.688	1731.000
810.703	1718.000
810.718	1710.000
810.734	1669.000
810.749	1623.000
810.764	1612.000
810.779	1604.000
810.795	1587.000
810.810	1573.000
810.825	1592.000
810.840	1589.000
810.856	1612.000
810.871	1619.000
810.886	1656.000
810.901	1640.000
810.916	1637.000
810.932	1648.000
810.947	1680.000
810.962	1694.000
810.977	1666.000
810.993	1656.000
811.008	1645.000
811.023	1619.000
811.038	1582.000
811.054	1544.000
811.069	1526.000
811.084	1523.000
811.099	1542.000
811.114	1556.000
811.130	1572.000
811.145	1610.000
811.160	1607.000
811.175	1597.000
811.191	1643.000
811.206	1609.000
811.221	1611.000
811.236	1614.000
811.251	1623.000
811.267	1618.000
811.282	1585.000
811.297	1543.000
811.312	1512.000
811.328	1498.000
811.343	1490.000
811.358	1494.000
811.373	1564.000
811.388	1516.000
811.404	1552.000
811.419	1578.000
811.434	1584.000
811.449	1582.000
811.464	1583.000
811.480	1595.000
811.495	1596.000
811.510	1596.000
811.525	1586.000
811.540	1552.000
811.556	1563.000
811.571	1526.000
811.586	1512.000
811.601	1464.000
811.616	1498.000
811.632	1466.000
811.647	1472.000
811.662	1496.000
811.677	1526.000
811.692	1554.000
811.708	1568.000
811.723	1556.000
811.738	1563.000
811.753	1581.000
811.768	1572.000
811.783	1551.000
811.799	1568.000
811.814	1578.000
811.829	1557.000
811.844	1566.000
811.859	1554.000
811.875	1488.000
811.890	1514.000
811.905	1476.000
811.920	1508.000
811.935	1540.000
811.950	1532.000
811.966	1574.000
811.981	1569.000
811.996	1570.000
812.011	1573.000
812.026	1575.000
812.041	1559.000
812.057	1580.000
812.072	1580.000
812.087	1618.000
812.102	1620.000
812.117	1587.000
812.132	1559.000
812.148	1556.000
812.163	1547.000
812.178	1513.000
812.193	1541.000
812.208	1532.000
812.223	1539.000
812.239	1541.000
812.254	1566.000
812.269	1546.000
812.284	1556.000
812.299	1550.000
812.314	1553.000
812.329	1594.000
812.345	1569.000
812.360	1580.000
812.375	1589.000
812.390	1604.000
812.405	1590.000
812.420	1526.000
812.435	1512.000
812.451	1512.000
812.466	1513.000
812.481	1520.000
812.496	1516.000
812.511	1573.000
812.526	1546.000
812.541	1590.000
812.557	1568.000
812.572	1572.000
812.587	1595.000
812.602	1606.000
812.617	1624.000
812.632	1630.000
812.647	1647.000
812.662	1655.000
812.678	1643.000
812.693	1628.000
812.708	1606.000
812.723	1584.000
812.738	1581.000
812.753	1611.000
812.768	1627.000
812.783	1679.000
812.799	1679.000
812.814	1749.000
812.829	1782.000
812.844	1816.000
812.859	1820.000
812.874	1840.000
812.889	1925.000
812.904	1930.000
812.919	1986.000
812.935	2026.000
812.950	2032.000
812.965	2091.000
812.980	2150.000
812.995	2165.000
813.010	2249.000
813.025	2380.000
813.040	2486.000
813.055	2674.000
813.071	2840.000
813.086	3047.000
813.101	3224.000
813.116	3522.000
813.131	3726.000
813.146	3958.000
813.161	4188.000
813.176	4356.000
813.191	4467.000
813.206	4491.000
813.222	4528.000
813.237	4489.000
813.252	4431.000
813.267	4328.000
813.282	4183.000
813.297	4041.000
813.312	3864.000
813.327	3750.000
813.342	3614.000
813.357	3484.000
813.372	3344.000
813.387	3231.000
813.403	3076.000
813.418	2992.000
813.433	2892.000
813.448	2818.000
813.463	2762.000
813.478	2656.000
813.493	2611.000
813.508	2527.000
813.523	2446.000
813.538	2387.000
813.553	2338.000
813.568	2256.000
813.583	2225.000
813.598	2202.000
813.614	2180.000
813.629	2170.000
813.644	2180.000
813.659	2157.000
813.674	2163.000
813.689	2138.000
813.704	2102.000
813.719	2100.000
813.734	2118.000
813.749	2158.000
813.764	2146.000
813.779	2135.000
813.794	2144.000
813.809	2118.000
813.824	2102.000
813.839	2110.000
813.854	2091.000
813.870	2091.000
813.885	2116.000
813.900	2164.000
813.915	2203.000
813.930	2232.000
813.945	2250.000
813.960	2279.000
813.975	2318.000
813.990	2378.000
814.005	2453.000
814.020	2509.000
814.035	2556.000
814.050	2646.000
814.065	2708.000
814.080	2720.000
814.095	2804.000
814.110	2882.000
814.125	2951.000
814.140	3017.000
814.155	3127.000
814.170	3258.000
814.185	3452.000
814.200	3631.000
814.215	3801.000
814.230	4024.000
814.245	4314.000
814.260	4498.000
814.275	4848.000
814.291	5184.000
814.306	5598.000
814.321	6102.000
814.336	6534.000
814.351	7160.000
814.366	7804.000
814.381	8521.000
814.396	9352.000
814.411	10343.000
814.426	11304.000
814.441	12450.000
814.456	13666.000
814.471	14706.000
814.486	15958.000
814.501	16948.000
814.516	17792.000
814.531	18452.000
814.546	18790.000
814.561	18778.000
814.576	18598.000
814.591	18229.000
814.606	17455.000
814.621	16629.000
814.636	15756.000
814.651	14689.000
814.666	13724.000
814.681	12753.000
814.696	11854.000
814.711	10926.000
814.726	10173.000
814.741	9415.000
814.756	8730.000
814.771	8162.000
814.786	7622.000
814.801	7135.000
814.816	6716.000
814.831	6357.000
814.846	6036.000
814.861	5763.000
814.876	5513.000
814.891	5255.000
814.906	5001.000
814.921	4858.000
814.936	4623.000
814.951	4512.000
814.966	4332.000
814.980	4200.000
814.995	4085.000
815.010	4015.000
815.025	3912.000
815.040	3864.000
815.055	3794.000
815.070	3732.000
815.085	3669.000
815.100	3616.000
815.115	3548.000
815.130	3462.000
815.145	3430.000
815.160	3348.000
815.175	3274.000
815.190	3199.000
815.205	3174.000
815.220	3096.000
815.235	3031.000
815.250	2944.000
815.265	2878.000
815.280	2784.000
815.295	2710.000
815.310	2697.000
815.325	2608.000
815.340	2545.000
815.355	2538.000
815.370	2487.000
815.384	2413.000
815.399	2360.000
815.414	2305.000
815.429	2258.000
815.444	2240.000
815.459	2186.000
815.474	2117.000
815.489	2035.000
815.504	1998.000
815.519	1900.000
815.534	1902.000
815.549	1872.000
815.564	1784.000
815.579	1766.000
815.594	1746.000
815.609	1712.000
815.624	1693.000
815.638	1669.000
815.653	1659.000
815.668	1628.000
815.683	1607.000
815.698	1580.000
815.713	1587.000
815.728	1516.000
815.743	1508.000
815.758	1439.000
815.773	1436.000
815.788	1387.000
815.803	1350.000
815.818	1346.000
815.833	1314.000
815.847	1289.000
815.862	1282.000
815.877	1292.000
815.892	1261.000
815.907	1294.000
815.922	1268.000
815.937	1278.000
815.952	1259.000
815.967	1236.000
815.982	1247.000
815.997	1218.000
816.012	1206.000
816.026	1198.000
816.041	1189.000
816.056	1152.000
816.071	1147.000
816.086	1110.000
816.101	1091.000
816.116	1093.000
816.131	1059.000
816.146	1094.000
816.161	1076.000
816.175	1078.000
816.190	1084.000
816.205	1070.000
816.220	1089.000
816.235	1068.000
816.250	1060.000
816.265	1054.000
816.280	1056.000
816.295	1062.000
816.309	1042.000
816.324	1002.000
816.339	1024.000
816.354	989.000
816.369	979.000
816.384	963.000
816.399	958.000
816.414	962.000
816.429	959.000
816.443	968.000
816.458	957.000
816.473	966.000
816.488	976.000
816.503	975.000
816.518	961.000
816.533	978.000
816.548	966.000
816.562	971.000
816.577	966.000
816.592	954.000
816.607	936.000
816.622	940.000
816.637	913.000
816.652	916.000
816.667	912.000
816.681	893.000
816.696	906.000
816.711	903.000
816.726	892.000
816.741	901.000
816.756	904.000
816.771	897.000
816.785	903.000
816.800	901.000
816.815	886.000
816.830	910.000
816.845	900.000
816.860	892.000
816.875	889.000
816.889	905.000
816.904	898.000
816.919	882.000
816.934	858.000
816.949	846.000
816.964	854.000
816.978	836.000
816.993	855.000
817.008	842.000
817.023	890.000
817.038	883.000
817.053	879.000
817.068	866.000
817.082	889.000
817.097	876.000
817.112	860.000
817.127	904.000
817.142	888.000
817.157	879.000
817.171	866.000
817.186	866.000
817.201	842.000
817.216	810.000
817.231	808.000
817.246	797.000
817.260	794.000
817.275	823.000
817.290	821.000
817.305	816.000
817.320	812.000
817.334	811.000
817.349	798.000
817.364	800.000
817.379	820.000
817.394	814.000
817.409	794.000
817.423	830.000
817.438	785.000
817.453	787.000
817.468	756.000
817.483	749.000
817.497	744.000
817.512	710.000
817.527	722.000
817.542	714.000
817.557	722.000
817.571	736.000
817.586	722.000
817.601	730.000
817.616	723.000
817.631	729.000
817.645	730.000
817.660	719.000
817.675	730.000
817.690	734.000
817.705	740.000
817.719	747.000
817.734	746.000
817.749	730.000
817.764	736.000
817.779	697.000
817.793	712.000
817.808	691.000
817.823	702.000
817.838	708.000
817.853	720.000
817.867	717.000
817.882	708.000
817.897	718.000
817.912	726.000
817.926	734.000
817.941	722.000
817.956	734.000
817.971	734.000
817.986	750.000
818.000	746.000
818.015	737.000
818.030	746.000
818.045	721.000
818.059	708.000
818.074	700.000
818.089	682.000
818.104	701.000
818.119	692.000
818.133	698.000
818.148	694.000
818.163	722.000
818.178	701.000
818.192	714.000
818.207	686.000
818.222	715.000
818.237	707.000
818.251	717.000
818.266	708.000
818.281	717.000
818.296	707.000
818.310	718.000
818.325	696.000
818.340	669.000
818.355	669.000
818.369	650.000
818.384	654.000
818.399	652.000
818.414	679.000
818.428	666.000
818.443	660.000
818.458	674.000
818.473	695.000
818.487	693.000
818.502	685.000
818.517	692.000
818.532	688.000
818.546	697.000
818.561	692.000
818.576	691.000
818.591	686.000
818.605	673.000
818.620	676.000
818.635	649.000
818.649	640.000
818.664	646.000
818.679	653.000
818.694	654.000
818.708	660.000
818.723	662.000
818.738	672.000
818.753	674.000
818.767	674.000
818.782	665.000
818.797	668.000
818.811	684.000
818.826	670.000
818.841	672.000
818.856	672.000
818.870	687.000
818.885	664.000
818.900	652.000
818.914	637.000
818.929	642.000
818.944	648.000
818.959	647.000
818.973	653.000
818.988	652.000
819.003	653.000
819.017	656.000
819.032	661.000
819.047	666.000
819.062	660.000
819.076	662.000
819.091	646.000
819.106	670.000
819.120	669.000
819.135	663.000
819.150	664.000
819.164	648.000
819.179	655.000
819.194	642.000
819.209	654.000
819.223	632.000
819.238	635.000
819.253	663.000
819.267	668.000
819.282	660.000
819.297	655.000
819.311	664.000
819.326	677.000
819.341	660.000
819.355	657.000
819.370	670.000
819.385	691.000
819.399	682.000
819.414	673.000
819.429	678.000
819.444	676.000
819.458	665.000
819.473	655.000
819.488	642.000
819.502	626.000
819.517	634.000
819.532	602.000
819.546	630.000
819.561	634.000
819.576	626.000
819.590	631.000
819.605	632.000
819.620	640.000
819.634	632.000
819.649	651.000
819.664	660.000
819.678	664.000
819.693	664.000
819.708	671.000
819.722	670.000
819.737	644.000
819.752	642.000
819.766	629.000
819.781	639.000
819.795	605.000
819.810	600.000
819.825	620.000
819.839	605.000
819.854	631.000
819.869	625.000
819.883	624.000
819.898	621.000
819.913	634.000
819.927	634.000
819.942	636.000
819.957	641.000
819.971	644.000
819.986	655.000
820.001	650.000
820.015	628.000
820.030	633.000
820.044	619.000
820.059	595.000
820.074	590.000
820.088	608.000
820.103	610.000
820.118	602.000
820.132	604.000
820.147	612.000
820.161	622.000
820.176	620.000
820.191	646.000
820.205	631.000
820.220	621.000
820.235	632.000
820.249	656.000
820.264	632.000
820.278	626.000
820.293	618.000
820.308	592.000
820.322	590.000
820.337	594.000
820.352	584.000
820.366	608.000
820.381	591.000
820.395	590.000
820.410	605.000
820.425	600.000
820.439	616.000
820.454	620.000
820.468	612.000
820.483	612.000
820.498	615.000
820.512	628.000
820.527	598.000
820.541	636.000
820.556	627.000
820.571	620.000
820.585	626.000
820.600	599.000
820.614	604.000
820.629	586.000
820.644	594.000
820.658	579.000
820.673	592.000
820.687	585.000
820.702	592.000
820.717	594.000
820.731	607.000
820.746	576.000
820.760	591.000
820.775	578.000
820.790	584.000
820.804	600.000
820.819	601.000
820.833	602.000
820.848	607.000
820.862	606.000
820.877	595.000
820.892	601.000
820.906	579.000
820.921	581.000
820.935	569.000
820.950	581.000
820.964	569.000
820.979	568.000
820.994	571.000
821.008	571.000
821.023	586.000
821.037	576.000
821.052	590.000
821.066	584.000
821.081	586.000
821.096	603.000
821.110	624.000
821.125	594.000
821.139	600.000
821.154	599.000
821.168	578.000
821.183	560.000
821.197	561.000
821.212	552.000
821.227	548.000
821.241	555.000
821.256	550.000
821.270	561.000
821.285	562.000
821.299	562.000
821.314	587.000
821.328	574.000
821.343	586.000
821.357	581.000
821.372	583.000
821.387	594.000
821.401	596.000
821.416	568.000
821.430	577.000
821.445	566.000
821.459	553.000
821.474	546.000
821.488	540.000
821.503	542.000
821.517	532.000
821.532	534.000
821.546	540.000
821.561	544.000
821.576	546.000
821.590	554.000
821.605	562.000
821.619	562.000
821.634	554.000
821.648	555.000
821.663	553.000
821.677	558.000
821.692	554.000
821.706	570.000
821.721	564.000
821.735	562.000
821.750	540.000
821.764	529.000
821.779	523.000
821.793	516.000
821.808	523.000
821.822	535.000
821.837	534.000
821.851	548.000
821.866	558.000
821.880	550.000
821.895	530.000
821.909	536.000
821.924	521.000
821.938	549.000
821.953	566.000
821.967	550.000
821.982	555.000
821.996	837.000
822.011	586.000
822.025	521.000
822.040	540.000
822.054	530.000
822.069	523.000
822.083	530.000
822.098	532.000
822.112	540.000
822.127	530.000
822.141	546.000
822.156	1209.000
822.170	660.000
822.185	536.000
822.199	530.000
822.214	570.000
822.228	545.000
822.243	534.000
822.257	526.000
822.272	558.000
822.286	539.000
822.301	553.000
822.315	541.000
822.330	514.000
822.344	510.000
822.359	518.000
822.373	500.000
822.388	514.000
822.402	509.000
822.416	530.000
822.431	520.000
822.445	523.000
822.460	516.000
822.474	519.000
822.489	506.000
822.503	514.000
822.518	531.000
822.532	532.000
822.547	516.000
822.561	529.000
822.576	526.000
822.590	518.000
822.605	508.000
822.619	496.000
822.633	496.000
822.648	490.000
822.662	502.000
822.677	500.000
822.691	500.000
822.706	491.000
822.720	505.000
822.735	502.000
822.749	507.000
822.763	518.000
822.778	494.000
822.792	512.000
822.807	516.000
822.821	525.000
822.836	524.000
822.850	532.000
822.865	509.000
822.879	526.000
822.893	510.000
822.908	498.000
822.922	495.000
822.937	488.000
822.951	487.000
822.966	488.000
822.980	508.000
822.994	502.000
823.009	512.000
823.023	506.000
823.038	478.000
823.052	490.000
823.067	496.000
823.081	495.000
823.095	506.000
823.110	511.000
823.124	510.000
823.139	509.000
823.153	494.000
823.168	513.000
823.182	512.000
823.196	497.000
823.211	496.000
823.225	489.000
823.240	482.000
823.254	514.000
823.268	504.000
823.283	498.000
823.297	508.000
823.312	501.000
823.326	506.000
823.340	497.000
823.355	497.000
823.369	486.000
823.384	483.000
823.398	500.000
823.412	504.000
823.427	498.000
823.441	496.000
823.456	505.000
823.470	490.000
823.484	491.000
823.499	495.000
823.513	480.000
823.528	484.000
823.542	468.000
823.556	470.000
823.571	480.000
823.585	476.000
823.600	468.000
823.614	489.000
823.628	473.000
823.643	500.000
823.657	478.000
823.671	487.000
823.686	482.000
823.700	488.000
823.715	485.000
823.729	491.000
823.743	478.000
823.758	500.000
823.772	488.000
823.786	473.000
823.801	506.000
823.815	452.000
823.830	442.000
823.844	466.000
823.858	486.000
823.873	457.000
823.887	462.000
823.901	463.000
823.916	477.000
823.930	462.000
823.945	468.000
823.959	469.000
823.973	480.000
823.988	479.000
824.002	491.000
824.016	496.000
824.031	507.000
824.045	492.000
824.059	479.000
824.074	472.000
824.088	468.000
824.102	462.000
824.117	470.000
824.131	464.000
824.145	461.000
824.160	464.000
824.174	455.000
824.188	476.000
824.203	450.000
824.217	457.000
824.232	463.000
824.246	482.000
824.260	469.000
824.275	483.000
824.289	482.000
824.303	474.000
824.318	478.000
824.332	468.000
824.346	458.000
824.361	446.000
824.375	454.000
824.389	442.000
824.404	453.000
824.418	455.000
824.432	465.000
824.446	463.000
824.461	453.000
824.475	463.000
824.489	455.000
824.504	453.000
824.518	454.000
824.532	460.000
824.547	475.000
824.561	467.000
824.575	475.000
824.590	452.000
824.604	498.000
824.618	465.000
824.633	456.000
824.647	435.000
824.661	456.000
824.676	442.000
824.690	475.000
824.704	467.000
824.718	455.000
824.733	451.000
824.747	458.000
824.761	444.000
824.776	488.000
824.791	493.000
824.806	510.000
824.821	520.000
824.836	491.000
824.851	487.000
824.866	498.000
824.880	470.000
824.895	468.000
824.910	474.000
824.925	480.000
824.940	474.000
824.955	448.000
824.970	483.000
824.985	456.000
825.000	486.000
825.014	477.000
825.029	459.000
825.044	463.000
825.059	472.000
825.074	494.000
825.089	488.000
825.104	483.000
825.119	468.000
825.134	474.000
825.148	478.000
825.163	464.000
825.178	458.000
825.193	464.000
825.208	451.000
825.223	468.000
825.238	458.000
825.253	445.000
825.267	451.000
825.282	467.000
825.297	440.000
825.312	460.000
825.327	461.000
825.342	475.000
825.357	468.000
825.372	485.000
825.386	461.000
825.401	477.000
825.416	493.000
825.431	462.000
825.446	456.000
825.461	448.000
825.476	449.000
825.490	458.000
825.505	444.000
825.520	445.000
825.535	449.000
825.550	455.000
825.565	449.000
825.580	451.000
825.594	452.000
825.609	464.000
825.624	461.000
825.639	456.000
825.654	466.000
825.669	470.000
825.683	465.000
825.698	454.000
825.713	467.000
825.728	449.000
825.743	456.000
825.758	453.000
825.773	445.000
825.787	442.000
825.802	454.000
825.817	446.000
825.832	452.000
825.847	471.000
825.862	457.000
825.876	448.000
825.891	462.000
825.906	459.000
825.921	442.000
825.936	465.000
825.951	467.000
825.965	456.000
825.980	454.000
825.995	452.000
826.010	452.000
826.025	427.000
826.039	426.000
826.054	430.000
826.069	428.000
826.084	438.000
826.099	454.000
826.114	443.000
826.128	434.000
826.143	443.000
826.158	468.000
826.173	444.000
826.188	434.000
826.202	444.000
826.217	446.000
826.232	458.000
826.247	447.000
826.262	457.000
826.276	463.000
826.291	436.000
826.306	434.000
826.321	441.000
826.336	422.000
826.351	426.000
826.365	432.000
826.380	429.000
826.395	427.000
826.410	436.000
826.425	420.000
826.439	427.000
826.454	427.000
826.469	420.000
826.484	426.000
826.498	456.000
826.513	438.000
826.528	438.000
826.543	434.000
826.558	436.000
826.572	438.000
826.587	427.000
826.602	429.000
826.617	418.000
826.632	421.000
826.646	428.000
826.661	417.000
826.676	451.000
826.691	412.000
826.705	420.000
826.720	418.000
826.735	422.000
826.750	414.000
826.765	413.000
826.779	428.000
826.794	426.000
826.809	436.000
826.824	433.000
826.838	430.000
826.853	435.000
826.868	430.000
826.883	430.000
826.897	421.000
826.912	419.000
826.927	414.000
826.942	424.000
826.957	427.000
826.971	412.000
826.986	410.000
827.001	415.000
827.016	414.000
827.030	444.000
827.045	439.000
827.060	417.000
827.075	413.000
827.089	422.000
827.104	430.000
827.119	422.000
827.134	427.000
827.148	428.000
827.163	421.000
827.178	409.000
827.193	431.000
827.207	413.000
827.222	402.000
827.237	412.000
827.252	408.000
827.266	404.000
827.281	402.000
827.296	420.000
827.311	420.000
827.325	412.000
827.340	420.000
827.355	417.000
827.369	410.000
827.384	424.000
827.399	434.000
827.414	413.000
827.428	431.000
827.443	417.000
827.458	424.000
827.473	418.000
827.487	410.000
827.502	429.000
827.517	406.000
827.531	422.000
827.546	414.000
827.561	405.000
827.576	401.000
827.590	414.000
827.605	408.000
827.620	394.000
827.634	414.000
827.649	407.000
827.664	412.000
827.679	406.000
827.693	411.000
827.708	421.000
827.723	440.000
827.737	423.000
827.752	419.000
827.767	415.000
827.782	428.000
827.796	412.000
827.811	404.000
827.826	396.000
827.840	403.000
827.855	410.000
827.870	403.000
827.885	408.000
827.899	412.000
827.914	403.000
827.929	413.000
827.943	412.000
827.958	396.000
827.973	428.000
827.987	415.000
828.002	424.000
828.017	410.000
828.031	411.000
828.046	408.000
828.061	394.000
828.076	392.000
828.090	406.000
828.105	397.000
828.120	400.000
828.134	396.000
828.149	397.000
828.164	395.000
828.178	404.000
828.193	404.000
828.208	404.000
828.222	405.000
828.237	422.000
828.252	406.000
828.266	408.000
828.281	403.000
828.296	402.000
828.310	408.000
828.325	405.000
828.340	410.000
828.354	402.000
828.369	398.000
828.384	388.000
828.398	389.000
828.413	387.000
828.428	388.000
828.442	395.000
828.457	388.000
828.472	393.000
828.486	402.000
828.501	392.000
828.516	395.000
828.530	405.000
828.545	402.000
828.560	402.000
828.574	402.000
828.589	401.000
828.604	395.000
828.618	401.000
828.633	409.000
828.648	398.000
828.662	390.000
828.677	399.000
828.691	402.000
828.706	398.000
828.721	395.000
828.735	408.000
828.750	397.000
828.765	401.000
828.779	405.000
828.794	404.000
828.809	395.000
828.823	392.000
828.838	389.000
828.853	399.000
828.867	400.000
828.882	391.000
828.896	398.000
828.911	409.000
828.926	394.000
828.940	396.000
828.955	390.000
828.970	397.000
828.984	397.000
828.999	377.000
829.013	377.000
829.028	386.000
829.043	382.000
829.057	397.000
829.072	394.000
829.087	387.000
829.101	385.000
829.116	388.000
829.130	382.000
829.145	380.000
829.160	396.000
829.174	399.000
829.189	387.000
829.203	391.000
829.218	391.000
829.233	396.000
829.247	386.000
829.262	368.000
829.276	372.000
829.291	372.000
829.306	356.000
829.320	367.000
829.335	369.000
829.349	360.000
829.364	379.000
829.379	370.000
829.393	368.000
829.408	377.000
829.422	374.000
829.437	382.000
829.452	386.000
829.466	379.000
829.481	386.000
829.495	391.000
829.510	397.000
829.525	382.000
829.539	382.000
829.554	360.000
829.568	370.000
829.583	377.000
829.598	365.000
829.612	372.000
829.627	380.000
829.641	364.000
829.656	371.000
829.670	372.000
829.685	344.000
829.700	364.000
829.714	367.000
829.729	399.000
829.743	376.000
829.758	372.000
829.772	380.000
829.787	386.000
829.802	382.000
829.816	383.000
829.831	378.000
829.845	379.000
829.860	372.000
829.874	361.000
829.889	416.000
829.904	358.000
829.918	354.000
829.933	368.000
829.947	366.000
829.962	370.000
829.976	356.000
829.991	371.000
830.005	358.000
830.020	364.000
830.035	374.000
830.049	373.000
830.064	372.000
830.078	378.000
830.093	369.000
830.107	365.000
830.122	353.000
830.136	348.000
830.151	364.000
830.166	364.000
830.180	342.000
830.195	366.000
830.209	346.000
830.224	344.000
830.238	358.000
830.253	350.000
830.267	354.000
830.282	356.000
830.296	360.000
830.311	349.000
830.325	366.000
830.340	348.000
830.355	366.000
830.369	347.000
830.384	361.000
830.398	355.000
830.413	369.000
830.427	346.000
830.442	353.000
830.456	348.000
830.471	349.000
830.485	350.000
830.500	363.000
830.514	349.000
830.529	352.000
830.543	339.000
830.558	349.000
830.572	354.000
830.587	344.000
830.601	339.000
830.616	350.000
830.630	357.000
830.645	354.000
830.659	360.000
830.674	360.000
830.688	358.000
830.703	360.000
830.718	356.000
830.732	342.000
830.747	338.000
830.761	333.000
830.776	334.000
830.790	337.000
830.805	347.000
830.819	340.000
830.834	344.000
830.848	346.000
830.863	346.000
830.877	339.000
830.892	356.000
830.906	348.000
830.921	342.000
830.935	355.000
830.949	348.000
830.964	356.000
830.978	362.000
830.993	349.000
831.007	356.000
831.022	355.000
831.036	344.000
831.051	332.000
831.065	336.000
831.080	338.000
831.094	328.000
831.109	350.000
831.123	346.000
831.138	336.000
831.152	332.000
831.167	331.000
831.181	345.000
831.196	331.000
831.210	342.000
831.225	336.000
831.239	337.000
831.254	342.000
831.268	346.000
831.283	340.000
831.297	330.000
831.311	342.000
831.326	337.000
831.340	337.000
831.355	340.000
831.369	336.000
831.384	332.000
831.398	339.000
831.413	348.000
831.427	328.000
831.442	335.000
831.456	347.000
831.471	328.000
831.485	342.000
831.499	350.000
831.514	356.000
831.528	338.000
831.543	338.000
831.557	332.000
831.572	336.000
831.586	340.000
831.601	329.000
831.615	335.000
831.629	339.000
831.644	322.000
831.658	330.000
831.673	326.000
831.687	336.000
831.702	330.000
831.716	325.000
831.731	328.000
831.745	316.000
831.759	328.000
831.774	328.000
831.788	324.000
831.803	331.000
831.817	336.000
831.832	336.000
831.846	326.000
831.860	342.000
831.875	340.000
831.889	343.000
831.904	325.000
831.918	324.000
831.933	328.000
831.947	333.000
831.961	327.000
831.976	328.000
831.990	346.000
832.005	348.000
832.019	327.000
832.033	320.000
832.048	321.000
832.062	319.000
832.077	323.000
832.091	335.000
832.106	338.000
832.120	346.000
832.134	320.000
832.149	334.000
832.163	345.000
832.178	337.000
832.192	320.000
832.206	313.000
832.221	325.000
832.235	332.000
832.250	322.000
832.264	319.000
832.278	329.000
832.293	312.000
832.307	311.000
832.322	324.000
832.336	305.000
832.350	308.000
832.365	312.000
832.379	331.000
832.394	317.000
832.408	332.000
832.422	329.000
832.437	319.000
832.451	326.000
832.465	336.000
832.480	328.000
832.494	327.000
832.509	315.000
832.523	314.000
832.537	320.000
832.552	323.000
832.566	323.000
832.581	332.000
832.595	318.000
832.609	310.000
832.624	323.000
832.638	322.000
832.652	319.000
832.667	325.000
832.681	312.000
832.696	324.000
832.710	329.000
832.724	326.000
832.739	314.000
832.753	318.000
832.767	314.000
832.782	312.000
832.796	304.000
832.810	318.000
832.825	304.000
832.839	313.000
832.853	321.000
832.868	312.000
832.882	312.000
832.897	314.000
832.911	316.000
832.925	314.000
832.940	304.000
832.954	311.000
832.968	333.000
832.983	314.000
832.997	312.000
833.011	321.000
833.026	331.000
833.040	341.000
833.054	331.000
833.069	322.000
833.083	297.000
833.097	335.000
833.112	313.000
833.126	302.000
833.140	302.000
833.155	308.000
833.169	311.000
833.183	312.000
833.198	320.000
833.212	306.000
833.226	308.000
833.241	328.000
833.255	314.000
833.269	313.000
833.284	303.000
833.298	313.000
833.312	318.000
833.327	319.000
833.341	321.000
833.355	318.000
833.370	310.000
833.384	306.000
833.398	313.000
833.413	303.000
833.427	307.000
833.441	318.000
833.456	302.000
833.470	301.000
833.484	308.000
833.499	304.000
833.513	303.000
833.527	302.000
833.542	299.000
833.556	303.000
833.570	322.000
833.584	301.000
833.599	299.000
833.613	292.000
833.627	314.000
833.642	317.000
833.656	309.000
833.670	314.000
833.685	311.000
833.699	313.000
833.713	328.000
833.727	319.000
833.742	299.000
833.756	292.000
833.770	306.000
833.785	307.000
833.799	299.000
833.813	298.000
833.827	299.000
833.842	289.000
833.856	292.000
833.870	299.000
833.885	304.000
833.899	318.000
833.913	319.000
833.927	312.000
833.942	309.000
833.956	310.000
833.970	306.000
833.985	304.000
833.999	297.000
834.013	304.000
834.027	307.000
834.042	294.000
834.056	293.000
834.070	293.000
834.085	302.000
834.099	302.000
834.113	298.000
834.127	300.000
834.142	290.000
834.156	322.000
834.170	309.000
834.184	296.000
834.199	302.000
834.213	309.000
834.227	314.000
834.241	319.000
834.256	312.000
834.270	302.000
834.284	314.000
834.298	295.000
834.313	295.000
834.327	290.000
834.341	296.000
834.355	290.000
834.370	294.000
834.384	296.000
834.398	302.000
834.412	299.000
834.427	286.000
834.441	294.000
834.455	296.000
834.469	298.000
834.484	308.000
834.498	302.000
834.512	306.000
834.526	306.000
834.541	312.000
834.555	306.000
834.569	308.000
834.583	320.000
834.598	306.000
834.612	306.000
834.626	300.000
834.640	288.000
834.655	290.000
834.669	300.000
834.683	279.000
834.697	280.000
834.711	278.000
834.726	292.000
834.740	296.000
834.754	296.000
834.768	298.000
834.783	288.000
834.797	294.000
834.811	305.000
834.825	312.000
834.839	292.000
834.854	292.000
834.868	297.000
834.882	298.000
834.896	297.000
834.910	286.000
834.925	286.000
834.939	297.000
834.953	298.000
834.967	288.000
834.982	295.000
834.996	284.000
835.010	281.000
835.024	298.000
835.038	298.000
835.053	290.000
835.067	316.000
835.081	305.000
835.095	304.000
835.109	312.000
835.124	318.000
835.138	284.000
835.152	292.000
835.166	275.000
835.180	297.000
835.195	276.000
835.209	293.000
835.223	289.000
835.237	298.000
835.251	280.000
835.265	287.000
835.280	280.000
835.294	288.000
835.308	290.000
835.322	286.000
835.336	300.000
835.351	292.000
835.365	296.000
835.379	289.000
835.393	295.000
835.407	301.000
835.421	307.000
835.436	294.000
835.450	300.000
835.464	293.000
835.478	300.000
835.492	303.000
835.506	286.000
835.521	301.000
835.535	286.000
835.549	294.000
835.563	284.000
835.577	286.000
835.591	298.000
835.606	299.000
835.620	283.000
835.634	286.000
835.648	291.000
835.662	287.000
835.676	284.000
835.691	280.000
835.705	292.000
835.719	292.000
835.733	297.000
835.747	296.000
835.761	288.000
835.775	302.000
835.790	286.000
835.804	299.000
835.818	283.000
835.832	287.000
835.846	291.000
835.860	285.000
835.874	286.000
835.889	288.000
835.903	286.000
835.917	306.000
835.931	283.000
835.945	286.000
835.959	282.000
835.973	293.000
835.988	289.000
836.002	295.000
836.016	289.000
836.030	300.000
836.044	288.000
836.058	292.000
836.072	286.000
836.086	286.000
836.101	285.000
836.115	285.000
836.129	283.000
836.143	274.000
836.157	276.000
836.171	284.000
836.185	291.000
836.199	287.000
836.214	270.000
836.228	273.000
836.242	291.000
836.256	277.000
836.270	280.000
836.284	298.000
836.298	296.000
836.312	286.000
836.326	284.000
836.341	300.000
836.355	279.000
836.369	279.000
836.383	278.000
836.397	283.000
836.411	281.000
836.425	276.000
836.439	292.000
836.453	288.000
836.468	289.000
836.482	298.000
836.496	274.000
836.510	274.000
836.524	271.000
836.538	285.000
836.552	266.000
836.566	268.000
836.580	276.000
836.594	278.000
836.608	278.000
836.623	270.000
836.637	276.000
836.651	293.000
836.665	294.000
836.679	277.000
836.693	286.000
836.707	288.000
836.721	282.000
836.735	281.000
836.749	274.000
836.763	274.000
836.777	294.000
836.792	281.000
836.806	268.000
836.820	269.000
836.834	265.000
836.848	273.000
836.862	273.000
836.876	279.000
836.890	286.000
836.904	268.000
836.918	295.000
836.932	299.000
836.946	285.000
836.960	279.000
836.974	274.000
836.988	264.000
837.003	282.000
837.017	275.000
837.031	304.000
837.045	288.000
837.059	272.000
837.073	279.000
837.087	278.000
837.101	264.000
837.115	282.000
837.129	257.000
837.143	261.000
837.157	277.000
837.171	267.000
837.185	265.000
837.199	280.000
837.213	278.000
837.227	272.000
837.241	283.000
837.255	282.000
837.269	273.000
837.283	267.000
837.298	275.000
837.312	278.000
837.326	272.000
837.340	272.000
837.354	266.000
837.368	263.000
837.382	260.000
837.396	269.000
837.410	259.000
837.424	258.000
837.438	268.000
837.452	255.000
837.466	271.000
837.480	266.000
837.494	277.000
837.508	283.000
837.522	274.000
837.536	282.000
837.550	265.000
837.564	264.000
837.578	270.000
837.592	263.000
837.606	264.000
837.620	278.000
837.634	276.000
837.648	280.000
837.662	280.000
837.676	268.000
837.690	259.000
837.704	269.000
837.718	266.000
837.732	250.000
837.746	270.000
837.760	267.000
837.774	272.000
837.788	269.000
837.802	276.000
837.816	268.000
837.830	272.000
837.844	272.000
837.858	263.000
837.872	264.000
837.886	275.000
837.900	281.000
837.914	260.000
837.928	256.000
837.942	264.000
837.956	264.000
837.970	272.000
837.984	274.000
837.998	268.000
838.012	264.000
838.026	272.000
838.040	267.000
838.054	263.000
838.068	274.000
838.082	267.000
838.096	286.000
838.110	289.000
838.124	269.000
838.138	278.000
838.152	268.000
838.166	277.000
838.180	265.000
838.194	260.000
838.208	275.000
838.222	261.000
838.236	268.000
838.250	252.000
838.264	260.000
838.278	259.000
838.292	256.000
838.306	267.000
838.319	254.000
838.333	252.000
838.347	261.000
838.361	264.000
838.375	269.000
838.389	261.000
838.403	276.000
838.417	277.000
838.431	273.000
838.445	264.000
838.459	260.000
838.473	257.000
838.487	255.000
838.501	259.000
838.515	262.000
838.529	254.000
838.543	260.000
838.557	268.000
838.571	297.000
838.585	267.000
838.599	259.000
838.612	258.000
838.626	254.000
838.640	255.000
838.654	254.000
838.668	243.000
838.682	262.000
838.696	261.000
838.710	255.000
838.724	274.000
838.738	256.000
838.752	258.000
838.766	258.000
838.780	254.000
838.794	273.000
838.808	266.000
838.821	271.000
838.835	264.000
838.849	259.000
838.863	255.000
838.877	276.000
838.891	262.000
838.905	268.000
838.919	262.000
838.933	247.000
838.947	253.000
838.961	263.000
838.975	265.000
838.988	256.000
839.002	262.000
839.016	264.000
839.030	262.000
839.044	261.000
839.058	262.000
839.072	268.000
839.086	256.000
839.100	259.000
839.114	256.000
839.128	244.000
839.141	267.000
839.155	262.000
839.169	266.000
839.183	264.000
839.197	253.000
839.211	258.000
839.225	255.000
839.239	265.000
839.253	247.000
839.266	249.000
839.280	256.000
839.294	262.000
839.308	278.000
839.322	264.000
839.336	273.000
839.350	298.000
839.364	266.000
839.378	264.000
839.391	262.000
839.405	260.000
839.419	249.000
839.433	276.000
839.447	267.000
839.461	258.000
839.475	261.000
839.489	262.000
839.502	256.000
