794.000	18058.000
794.016	17263.000
794.031	15896.000
794.047	13854.000
794.063	11935.000
794.079	10818.000
794.094	10102.000
794.110	9764.000
794.126	9596.000
794.142	9712.000
794.157	9976.000
794.173	10420.000
794.189	11276.000
794.204	12646.000
794.220	14462.000
794.236	16135.000
794.252	16718.000
794.267	16541.000
794.283	15704.000
794.299	14106.000
794.314	12346.000
794.330	10867.000
794.346	9948.000
794.362	9371.000
794.377	9190.000
794.393	9067.000
794.409	9150.000
794.424	9831.000
794.440	10060.000
794.456	10952.000
794.472	12451.000
794.487	14239.000
794.503	15465.000
794.519	15746.000
794.534	15435.000
794.550	14412.000
794.566	12838.000
794.581	11195.000
794.597	9934.000
794.613	9164.000
794.629	8816.000
794.644	8625.000
794.660	8606.000
794.676	8765.000
794.691	9149.000
794.707	9759.000
794.723	10700.000
794.738	12191.000
794.754	13725.000
794.770	14618.000
794.785	14775.000
794.801	14228.000
794.817	13223.000
794.832	11680.000
794.848	10256.000
794.864	9270.000
794.880	8592.000
794.895	8265.000
794.911	8139.000
794.927	8245.000
794.942	8428.000
794.958	8782.000
794.974	9374.000
794.989	10458.000
795.005	11728.000
795.021	13011.000
795.036	13628.000
795.052	13487.000
795.068	12950.000
795.083	11858.000
795.099	10495.000
795.115	9306.000
795.130	8548.000
795.146	8050.000
795.162	7857.000
795.177	7876.000
795.193	7891.000
795.209	8131.000
795.224	8525.000
795.240	9136.000
795.256	10118.000
795.271	11253.000
795.287	12262.000
795.303	12677.000
795.318	12392.000
795.334	11857.000
795.350	10818.000
795.365	9714.000
795.381	8642.000
795.396	8032.000
795.412	7616.000
795.428	7463.000
795.443	7480.000
795.459	7544.000
795.475	7751.000
795.490	8150.000
795.506	8816.000
795.522	9753.000
795.537	10759.000
795.553	11585.000
795.569	11864.000
795.584	11614.000
795.600	11072.000
795.615	10020.000
795.631	9020.000
795.647	8139.000
795.662	7598.000
795.678	7258.000
795.694	7071.000
795.709	7094.000
795.725	7202.000
795.741	7372.000
795.756	7716.000
795.772	8385.000
795.787	9310.000
795.803	10350.000
795.819	10938.000
795.834	11155.000
795.850	10948.000
795.866	10408.000
795.881	9284.000
795.897	8416.000
795.912	7636.000
795.928	7221.000
795.944	6880.000
795.959	6771.000
795.975	6784.000
795.990	6874.000
796.006	7108.000
796.022	7478.000
796.037	8061.000
796.053	8813.000
796.068	9726.000
796.084	10284.000
796.100	10437.000
796.115	10205.000
796.131	9627.000
796.147	8769.000
796.162	7872.000
796.178	7165.000
796.193	6788.000
796.209	6556.000
796.225	6492.000
796.240	6464.000
796.256	6585.000
796.271	6818.000
796.287	7148.000
796.303	7802.000
796.318	8586.000
796.334	9368.000
796.349	9704.000
796.365	9807.000
796.380	9548.000
796.396	8952.000
796.412	8117.000
796.427	7331.000
796.443	6752.000
796.458	6341.000
796.474	6171.000
796.490	6146.000
796.505	6242.000
796.521	6313.000
796.536	6593.000
796.552	6884.000
796.567	7404.000
796.583	8122.000
796.599	8788.000
796.614	9251.000
796.630	9268.000
796.645	8998.000
796.661	8355.000
796.676	7610.000
796.692	6934.000
796.708	6984.000
796.723	6808.000
796.739	5966.000
796.754	5884.000
796.770	5995.000
796.785	6251.000
796.801	6219.000
796.817	6485.000
796.832	6977.000
796.848	7586.000
796.863	8205.000
796.879	8600.000
796.894	8610.000
796.910	8402.000
796.925	7934.000
796.941	7148.000
796.957	6546.000
796.972	6140.000
796.988	5824.000
797.003	5694.000
797.019	5635.000
797.034	5618.000
797.050	5735.000
797.065	5897.000
797.081	6190.000
797.097	6571.000
797.112	7168.000
797.128	7681.000
797.143	8077.000
797.159	8090.000
797.174	7860.000
797.190	7422.000
797.205	6808.000
797.221	6342.000
797.236	5848.000
797.252	5572.000
797.267	5393.000
797.283	5329.000
797.299	5383.000
797.314	5455.000
797.330	5656.000
797.345	5862.000
797.361	6205.000
797.376	6807.000
797.392	7297.000
797.407	7606.000
797.423	7656.000
797.438	7469.000
797.454	7069.000
797.469	6536.000
797.485	5970.000
797.500	5520.000
797.516	5249.000
797.531	5142.000
797.547	5089.000
797.562	5022.000
797.578	5229.000
797.594	5301.000
797.609	5492.000
797.625	5965.000
797.640	6393.000
797.656	6945.000
797.671	7162.000
797.687	7228.000
797.702	7151.000
797.718	6767.000
797.733	6206.000
797.749	5696.000
797.764	5279.000
797.780	5032.000
797.795	4918.000
797.811	4834.000
797.826	4811.000
797.842	4950.000
797.857	5070.000
797.873	5272.000
797.888	5567.000
797.904	6002.000
797.919	6403.000
797.935	6674.000
797.950	6733.000
797.966	6668.000
797.981	6342.000
797.997	5916.000
798.012	5346.000
798.028	5034.000
798.043	4814.000
798.059	4718.000
798.074	4690.000
798.089	4672.000
798.105	4742.000
798.120	4898.000
798.136	5054.000
798.151	5314.000
798.167	5635.000
798.182	5964.000
798.198	6240.000
798.213	6304.000
798.229	6165.000
798.244	5919.000
798.260	5567.000
798.275	5194.000
798.291	4898.000
798.306	4658.000
798.322	4525.000
798.337	4485.000
798.353	4533.000
798.368	4575.000
798.383	4688.000
798.399	4777.000
798.414	5012.000
798.430	5304.000
798.445	5551.000
798.461	5847.000
798.476	5947.000
798.492	5893.000
798.507	5706.000
798.523	5428.000
798.538	5050.000
798.554	4700.000
798.569	4514.000
798.584	4355.000
798.600	4307.000
798.615	4310.000
798.631	4314.000
798.646	4357.000
798.662	4498.000
798.677	4624.000
798.693	4903.000
798.708	5187.000
798.724	5480.000
798.739	5632.000
798.754	5644.000
798.770	5527.000
798.785	5278.000
798.801	4937.000
798.816	4578.000
798.832	4374.000
798.847	4217.000
798.862	4099.000
798.878	4048.000
798.893	4116.000
798.909	4186.000
798.924	4227.000
798.940	4405.000
798.955	4584.000
798.970	4831.000
798.986	5210.000
799.001	5348.000
799.017	5446.000
799.032	5334.000
799.048	5064.000
799.063	4770.000
799.078	4448.000
799.094	4192.000
799.109	4048.000
799.125	3998.000
799.140	3912.000
799.156	3914.000
799.171	3947.000
799.186	4006.000
799.202	4219.000
799.217	4381.000
799.233	4580.000
799.248	4872.000
799.263	5072.000
799.279	5161.000
799.294	5079.000
799.310	4881.000
799.325	4629.000
799.341	4296.000
799.356	4062.000
799.371	3800.000
799.387	3732.000
799.402	3762.000
799.418	3754.000
799.433	3782.000
799.448	3815.000
799.464	3992.000
799.479	4100.000
799.495	4302.000
799.510	4530.000
799.525	4778.000
799.541	4849.000
799.556	4826.000
799.571	4676.000
799.587	4397.000
799.602	4160.000
799.618	3886.000
799.633	3776.000
799.648	3626.000
799.664	3537.000
799.679	3546.000
799.695	3621.000
799.710	3658.000
799.725	3778.000
799.741	3802.000
799.756	3990.000
799.771	4164.000
799.787	4362.000
799.802	4513.000
799.818	4522.000
799.833	4395.000
799.848	4272.000
799.864	4030.000
799.879	3836.000
799.894	3601.000
799.910	3509.000
799.925	3374.000
799.941	3448.000
799.956	3455.000
799.971	3459.000
799.987	3529.000
800.002	3553.000
800.017	3704.000
800.033	3849.000
800.048	4028.000
800.063	4155.000
800.079	4255.000
800.094	4272.000
800.110	4110.000
800.125	3928.000
800.140	3698.000
800.156	3491.000
800.171	3438.000
800.186	3315.000
800.202	3296.000
800.217	3270.000
800.232	3281.000
800.248	3309.000
800.263	3432.000
800.278	3516.000
800.294	3613.000
800.309	3751.000
800.324	3965.000
800.340	4032.000
800.355	4083.000
800.370	3991.000
800.386	3851.000
800.401	3626.000
800.417	3413.000
800.432	3230.000
800.447	3184.000
800.463	3110.000
800.478	3130.000
800.493	3108.000
800.509	3160.000
800.524	3168.000
800.539	3270.000
800.555	3390.000
800.570	3564.000
800.585	3731.000
800.600	3906.000
800.616	3889.000
800.631	3899.000
800.646	3790.000
800.662	3569.000
800.677	3392.000
800.692	3222.000
800.708	3087.000
800.723	3015.000
800.738	2933.000
800.754	2920.000
800.769	2976.000
800.784	3034.000
800.800	3085.000
800.815	3172.000
800.830	3320.000
800.846	3512.000
800.861	3640.000
800.876	3765.000
800.891	3721.000
800.907	3638.000
800.922	3493.000
800.937	3272.000
800.953	3089.000
800.968	2973.000
800.983	2889.000
800.999	2837.000
801.014	2841.000
801.029	2856.000
801.045	2882.000
801.060	2919.000
801.075	2997.000
801.090	3135.000
801.106	3235.000
801.121	3410.000
801.136	3504.000
801.152	3527.000
801.167	3473.000
801.182	3406.000
801.197	3243.000
801.213	3073.000
801.228	2899.000
801.243	2781.000
801.259	2751.000
801.274	2736.000
801.289	2813.000
801.304	2788.000
801.320	2812.000
801.335	2902.000
801.350	2927.000
801.366	3027.000
801.381	3162.000
801.396	3344.000
801.411	3380.000
801.427	3376.000
801.442	3335.000
801.457	3167.000
801.472	3032.000
801.488	2845.000
801.503	2738.000
801.518	2665.000
801.534	2624.000
801.549	2642.000
801.564	2668.000
801.579	2638.000
801.595	2687.000
801.610	2739.000
801.625	2836.000
801.640	2891.000
801.656	3056.000
801.671	3126.000
801.686	3218.000
801.701	3193.000
801.717	3134.000
801.732	2998.000
801.747	2864.000
801.762	2718.000
801.778	2598.000
801.793	2582.000
801.808	2508.000
801.823	2505.000
801.839	2512.000
801.854	2513.000
801.869	2550.000
801.884	2636.000
801.900	2712.000
801.915	2828.000
801.930	2976.000
801.945	3026.000
801.961	3060.000
801.976	3055.000
801.991	2942.000
802.006	2829.000
802.022	2693.000
802.037	2560.000
802.052	2492.000
802.067	2408.000
802.082	2387.000
802.098	2404.000
802.113	2426.000
802.128	2439.000
802.143	2470.000
802.159	2544.000
802.174	2650.000
802.189	2788.000
802.204	2867.000
802.220	2930.000
802.235	2937.000
802.250	2874.000
802.265	2796.000
802.280	2603.000
802.296	2490.000
802.311	2364.000
802.326	2321.000
802.341	2272.000
802.356	2302.000
802.372	2305.000
802.387	2339.000
802.402	2373.000
802.417	2410.000
802.433	2500.000
802.448	2601.000
802.463	2755.000
802.478	2786.000
802.493	2850.000
802.509	2792.000
802.524	2702.000
802.539	2589.000
802.554	2451.000
802.569	2376.000
802.585	2286.000
802.600	2198.000
802.615	2184.000
802.630	2205.000
802.645	2214.000
802.661	2270.000
802.676	2275.000
802.691	2329.000
802.706	2396.000
802.721	2493.000
802.736	2598.000
802.752	2686.000
802.767	2672.000
802.782	2672.000
802.797	2596.000
802.812	2466.000
802.828	2317.000
802.843	2236.000
802.858	2174.000
802.873	2149.000
802.888	2115.000
802.903	2132.000
802.919	2140.000
802.934	2169.000
802.949	2218.000
802.964	2232.000
802.979	2310.000
802.995	2419.000
803.010	2448.000
803.025	2519.000
803.040	2521.000
803.055	2511.000
803.070	2422.000
803.086	2316.000
803.101	2245.000
803.116	2134.000
803.131	2103.000
803.146	2027.000
803.161	2076.000
803.177	2087.000
803.192	2058.000
803.207	2118.000
803.222	2151.000
803.237	2182.000
803.252	2222.000
803.267	2325.000
803.283	2403.000
803.298	2455.000
803.313	2428.000
803.328	2416.000
803.343	2317.000
803.358	2209.000
803.374	2129.000
803.389	2014.000
803.404	2006.000
803.419	1954.000
803.434	1956.000
803.449	1966.000
803.464	2020.000
803.480	2004.000
803.495	2091.000
803.510	2108.000
803.525	2182.000
803.540	2276.000
803.555	2328.000
803.570	2400.000
803.585	2353.000
803.601	2316.000
803.616	2246.000
803.631	2106.000
803.646	1993.000
803.661	1953.000
803.676	1886.000
803.691	1868.000
803.706	1884.000
803.722	1868.000
803.737	1918.000
803.752	1958.000
803.767	1979.000
803.782	2049.000
803.797	2104.000
803.812	2190.000
803.827	2254.000
803.843	2277.000
803.858	2247.000
803.873	2210.000
803.888	2138.000
803.903	2028.000
803.918	1958.000
803.933	1871.000
803.948	1850.000
803.963	1843.000
803.979	1853.000
803.994	1854.000
804.009	1879.000
804.024	1947.000
804.039	1968.000
804.054	2024.000
804.069	2057.000
804.084	2121.000
804.099	2175.000
804.115	2163.000
804.130	2176.000
804.145	2108.000
804.160	2020.000
804.175	1908.000
804.190	1840.000
804.205	1788.000
804.220	1765.000
804.235	1779.000
804.250	1760.000
804.265	1784.000
804.281	1835.000
804.296	1852.000
804.311	1904.000
804.326	1934.000
804.341	1998.000
804.356	2041.000
804.371	2104.000
804.386	2088.000
804.401	2078.000
804.416	2008.000
804.431	1939.000
804.446	1877.000
804.461	1803.000
804.477	1725.000
804.492	1725.000
804.507	1720.000
804.522	1703.000
804.537	1747.000
804.552	1753.000
804.567	1768.000
804.582	1784.000
804.597	1845.000
804.612	1866.000
804.627	1956.000
804.642	1972.000
804.657	2020.000
804.672	2022.000
804.688	1953.000
804.703	1864.000
804.718	1783.000
804.733	1721.000
804.748	1686.000
804.763	1640.000
804.778	1639.000
804.793	1626.000
804.808	1661.000
804.823	1667.000
804.838	1646.000
804.853	1731.000
804.868	1785.000
804.883	1796.000
804.898	1862.000
804.913	1906.000
804.928	1953.000
804.943	1916.000
804.958	1861.000
804.973	1800.000
804.989	1733.000
805.004	1656.000
805.019	1610.000
805.034	1568.000
805.049	1576.000
805.064	1587.000
805.079	1590.000
805.094	1636.000
805.109	1651.000
805.124	1666.000
805.139	1712.000
805.154	1753.000
805.169	1801.000
805.184	1836.000
805.199	1821.000
805.214	1824.000
805.229	1762.000
805.244	1724.000
805.259	1608.000
805.274	1575.000
805.289	1561.000
805.304	1534.000
805.319	1514.000
805.334	1540.000
805.349	1566.000
805.364	1554.000
805.379	1593.000
805.394	1626.000
805.409	1656.000
805.424	1713.000
805.439	1729.000
805.454	1742.000
805.469	1762.000
805.484	1766.000
805.499	1669.000
805.514	1627.000
805.529	1568.000
805.544	1511.000
805.559	1499.000
805.574	1459.000
805.589	1460.000
805.604	1482.000
805.619	1477.000
805.634	1476.000
805.649	1525.000
805.664	1524.000
805.679	1538.000
805.694	1615.000
805.709	1630.000
805.724	1683.000
805.739	1703.000
805.754	1684.000
805.769	1626.000
805.784	1618.000
805.799	1537.000
805.814	1478.000
805.829	1413.000
805.844	1412.000
805.859	1408.000
805.874	1434.000
805.889	1416.000
805.904	1438.000
805.919	1435.000
805.934	1468.000
805.949	1484.000
805.964	1506.000
805.979	1538.000
805.994	1567.000
806.009	1614.000
806.024	1608.000
806.039	1564.000
806.054	1538.000
806.069	1500.000
806.084	1439.000
806.099	1384.000
806.114	1388.000
806.129	1359.000
806.144	1364.000
806.159	1370.000
806.174	1338.000
806.188	1395.000
806.203	1412.000
806.218	1428.000
806.233	1442.000
806.248	1494.000
806.263	1493.000
806.278	1543.000
806.293	1581.000
806.308	1528.000
806.323	1479.000
806.338	1438.000
806.353	1398.000
806.368	1342.000
806.383	1327.000
806.398	1316.000
806.413	1298.000
806.428	1304.000
806.443	1314.000
806.458	1337.000
806.473	1336.000
806.487	1346.000
806.502	1382.000
806.517	1423.000
806.532	1462.000
806.547	1494.000
806.562	1497.000
806.577	1482.000
806.592	1464.000
806.607	1422.000
806.622	1341.000
806.637	1301.000
806.652	1257.000
806.667	1240.000
806.682	1250.000
806.697	1262.000
806.711	1265.000
806.726	1273.000
806.741	1296.000
806.756	1315.000
806.771	1352.000
806.786	1376.000
806.801	1366.000
806.816	1413.000
806.831	1438.000
806.846	1425.000
806.861	1405.000
806.876	1351.000
806.890	1296.000
806.905	1234.000
806.920	1225.000
806.935	1183.000
806.950	1166.000
806.965	1242.000
806.980	1218.000
806.995	1243.000
807.010	1226.000
807.025	1248.000
807.040	1249.000
807.054	1277.000
807.069	1310.000
807.084	1356.000
807.099	1354.000
807.114	1313.000
807.129	1306.000
807.144	1299.000
807.159	1255.000
807.174	1217.000
807.189	1195.000
807.203	1158.000
807.218	1145.000
807.233	1174.000
807.248	1193.000
807.263	1208.000
807.278	1184.000
807.293	1220.000
807.308	1175.000
807.323	1226.000
807.337	1249.000
807.352	1264.000
807.367	1279.000
807.382	1316.000
807.397	1279.000
807.412	1260.000
807.427	1207.000
807.442	1184.000
807.456	1146.000
807.471	1120.000
807.486	1111.000
807.501	1120.000
807.516	1118.000
807.531	1118.000
807.546	1126.000
807.561	1117.000
807.575	1149.000
807.590	1168.000
807.605	1180.000
807.620	1224.000
807.635	1246.000
807.650	1268.000
807.665	1291.000
807.679	1256.000
807.694	1203.000
807.709	1165.000
807.724	1128.000
807.739	1096.000
807.754	1062.000
807.769	1053.000
807.783	1069.000
807.798	1068.000
807.813	1071.000
807.828	1094.000
807.843	1092.000
807.858	1110.000
807.872	1165.000
807.887	1203.000
807.902	1207.000
807.917	1238.000
807.932	1230.000
807.947	1223.000
807.962	1199.000
807.976	1157.000
807.991	1092.000
808.006	1044.000
808.021	1013.000
808.036	1021.000
808.051	1019.000
808.065	1034.000
808.080	1048.000
808.095	1060.000
808.110	1071.000
808.125	1082.000
808.140	1074.000
808.154	1106.000
808.169	1157.000
808.184	1186.000
808.199	1178.000
808.214	1168.000
808.228	1156.000
808.243	1120.000
808.258	1062.000
808.273	1036.000
808.288	1008.000
808.303	987.000
808.317	986.000
808.332	1004.000
808.347	1003.000
808.362	1027.000
808.377	1017.000
808.391	1050.000
808.406	1053.000
808.421	1063.000
808.436	1100.000
808.451	1125.000
808.465	1144.000
808.480	1121.000
808.495	1099.000
808.510	1072.000
808.525	1062.000
808.540	1014.000
808.554	975.000
808.569	967.000
808.584	953.000
808.599	1004.000
808.613	970.000
808.628	991.000
808.643	968.000
808.658	1004.000
808.673	1008.000
808.687	1017.000
808.702	1049.000
808.717	1062.000
808.732	1092.000
808.747	1107.000
808.761	1068.000
808.776	1055.000
808.791	1008.000
808.806	980.000
808.821	966.000
808.835	934.000
808.850	931.000
808.865	935.000
808.880	925.000
808.894	924.000
808.909	939.000
808.924	934.000
808.939	964.000
808.953	957.000
808.968	958.000
808.983	1018.000
808.998	1036.000
809.013	1048.000
809.027	1038.000
809.042	1013.000
809.057	994.000
809.072	974.000
809.086	956.000
809.101	937.000
809.116	913.000
809.131	884.000
809.145	900.000
809.160	894.000
809.175	886.000
809.190	890.000
809.204	924.000
809.219	909.000
809.234	944.000
809.249	964.000
809.263	979.000
809.278	992.000
809.293	997.000
809.308	986.000
809.322	977.000
809.337	950.000
809.352	915.000
809.367	894.000
809.381	884.000
809.396	863.000
809.411	838.000
809.426	895.000
809.440	847.000
809.455	869.000
809.470	872.000
809.485	883.000
809.499	888.000
809.514	932.000
809.529	940.000
809.544	941.000
809.558	959.000
809.573	980.000
809.588	931.000
809.602	964.000
809.618	941.000
809.633	939.000
809.648	924.000
809.664	856.000
809.679	828.000
809.694	817.000
809.710	836.000
809.725	825.000
809.740	813.000
809.756	836.000
809.771	851.000
809.786	860.000
809.802	882.000
809.817	902.000
809.832	912.000
809.847	936.000
809.863	934.000
809.878	915.000
809.893	902.000
809.909	894.000
809.924	850.000
809.939	820.000
809.955	803.000
809.970	786.000
809.985	780.000
810.000	792.000
810.016	826.000
810.031	809.000
810.046	825.000
810.062	808.000
810.077	823.000
810.092	853.000
810.108	881.000
810.123	870.000
810.138	872.000
810.153	895.000
810.169	878.000
810.184	856.000
810.199	819.000
810.215	779.000
810.230	776.000
810.245	753.000
810.260	781.000
810.276	771.000
810.291	776.000
810.306	777.000
810.321	784.000
810.337	783.000
810.352	803.000
810.367	817.000
810.383	805.000
810.398	816.000
810.413	844.000
810.428	834.000
810.444	842.000
810.459	805.000
810.474	786.000
810.489	766.000
810.505	752.000
810.520	733.000
810.535	758.000
810.550	728.000
810.566	751.000
810.581	743.000
810.596	766.000
810.612	742.000
810.627	754.000
810.642	785.000
810.657	800.000
810.673	806.000
810.688	810.000
810.703	818.000
810.718	813.000
810.734	792.000
810.749	767.000
810.764	736.000
810.779	693.000
810.795	713.000
810.810	697.000
810.825	710.000
810.840	695.000
810.856	731.000
810.871	725.000
810.886	729.000
810.901	744.000
810.916	740.000
810.932	766.000
810.947	775.000
810.962	791.000
810.977	791.000
810.993	790.000
811.008	782.000
811.023	770.000
811.038	723.000
811.054	697.000
811.069	662.000
811.084	685.000
811.099	682.000
811.114	685.000
811.130	695.000
811.145	700.000
811.160	709.000
811.175	708.000
811.191	718.000
811.206	702.000
811.221	736.000
811.236	748.000
811.251	773.000
811.267	743.000
811.282	745.000
811.297	723.000
811.312	699.000
811.328	692.000
811.343	651.000
811.358	659.000
811.373	678.000
811.388	682.000
811.404	663.000
811.419	672.000
811.434	690.000
811.449	695.000
811.464	691.000
811.480	708.000
811.495	704.000
811.510	713.000
811.525	749.000
811.540	747.000
811.556	750.000
811.571	720.000
811.586	702.000
811.601	679.000
811.616	650.000
811.632	648.000
811.647	646.000
811.662	662.000
811.677	668.000
811.692	671.000
811.708	674.000
811.723	664.000
811.738	694.000
811.753	700.000
811.768	696.000
811.783	701.000
811.799	720.000
811.814	722.000
811.829	732.000
811.844	715.000
811.859	690.000
811.875	658.000
811.890	648.000
811.905	631.000
811.920	664.000
811.935	652.000
811.950	646.000
811.966	659.000
811.981	673.000
811.996	662.000
812.011	671.000
812.026	653.000
812.041	686.000
812.057	706.000
812.072	700.000
812.087	726.000
812.102	748.000
812.117	708.000
812.132	700.000
812.148	686.000
812.163	670.000
812.178	656.000
812.193	658.000
812.208	646.000
812.223	637.000
812.239	653.000
812.254	652.000
812.269	669.000
812.284	679.000
812.299	664.000
812.314	700.000
812.329	701.000
812.345	713.000
812.360	740.000
812.375	744.000
812.390	722.000
812.405	724.000
812.420	693.000
812.435	674.000
812.451	660.000
812.466	644.000
812.481	643.000
812.496	642.000
812.511	651.000
812.526	650.000
812.541	642.000
812.557	676.000
812.572	662.000
812.587	674.000
812.602	663.000
812.617	695.000
812.632	717.000
812.647	726.000
812.662	700.000
812.678	712.000
812.693	678.000
812.708	656.000
812.723	625.000
812.738	620.000
812.753	613.000
812.768	596.000
812.783	614.000
812.799	634.000
812.814	615.000
812.829	626.000
812.844	639.000
812.859	636.000
812.874	657.000
812.889	653.000
812.904	643.000
812.919	678.000
812.935	665.000
812.950	662.000
812.965	645.000
812.980	623.000
812.995	610.000
813.010	588.000
813.025	578.000
813.040	561.000
813.055	559.000
813.071	573.000
813.086	570.000
813.101	579.000
813.116	580.000
813.131	594.000
813.146	590.000
813.161	613.000
813.176	614.000
813.191	630.000
813.206	619.000
813.222	618.000
813.237	612.000
813.252	596.000
813.267	572.000
813.282	546.000
813.297	555.000
813.312	542.000
813.327	523.000
813.342	540.000
813.357	535.000
813.372	546.000
813.387	535.000
813.403	544.000
813.418	552.000
813.433	569.000
813.448	573.000
813.463	582.000
813.478	586.000
813.493	594.000
813.508	590.000
813.523	564.000
813.538	558.000
813.553	542.000
813.568	535.000
813.583	517.000
813.598	510.000
813.614	509.000
813.629	507.000
813.644	503.000
813.659	511.000
813.674	521.000
813.689	514.000
813.704	534.000
813.719	544.000
813.734	543.000
813.749	552.000
813.764	565.000
813.779	555.000
813.794	547.000
813.809	537.000
813.824	518.000
813.839	499.000
813.854	482.000
813.870	479.000
813.885	458.000
813.900	486.000
813.915	496.000
813.930	484.000
813.945	490.000
813.960	490.000
813.975	502.000
813.990	524.000
814.005	518.000
814.020	528.000
814.035	539.000
814.050	528.000
814.065	524.000
814.080	522.000
814.095	511.000
814.110	496.000
814.125	469.000
814.140	454.000
814.155	455.000
814.170	466.000
814.185	458.000
814.200	472.000
814.215	468.000
814.230	482.000
814.245	483.000
814.260	468.000
814.275	480.000
814.291	494.000
814.306	499.000
814.321	510.000
814.336	503.000
814.351	508.000
814.366	492.000
814.381	491.000
814.396	471.000
814.411	467.000
814.426	453.000
814.441	452.000
814.456	438.000
814.471	453.000
814.486	454.000
814.501	453.000
814.516	466.000
814.531	459.000
814.546	460.000
814.561	480.000
814.576	503.000
814.591	486.000
814.606	510.000
814.621	503.000
814.636	488.000
814.651	481.000
814.666	474.000
814.681	464.000
814.696	463.000
814.711	430.000
814.726	428.000
814.741	445.000
814.756	436.000
814.771	431.000
814.786	453.000
814.801	440.000
814.816	446.000
814.831	461.000
814.846	468.000
814.861	516.000
814.876	492.000
814.891	495.000
814.906	486.000
814.921	486.000
814.936	469.000
814.951	442.000
814.966	436.000
814.980	429.000
814.995	428.000
815.010	417.000
815.025	424.000
815.040	418.000
815.055	422.000
815.070	438.000
815.085	439.000
815.100	436.000
815.115	441.000
815.130	473.000
815.145	480.000
815.160	470.000
815.175	474.000
815.190	473.000
815.205	456.000
815.220	450.000
815.235	430.000
815.250	423.000
815.265	405.000
815.280	412.000
815.295	408.000
815.310	412.000
815.325	410.000
815.340	408.000
815.355	430.000
815.370	429.000
815.384	439.000
815.399	426.000
815.414	451.000
815.429	460.000
815.444	466.000
815.459	466.000
815.474	450.000
815.489	455.000
815.504	441.000
815.519	423.000
815.534	408.000
815.549	416.000
815.564	405.000
815.579	404.000
815.594	405.000
815.609	405.000
815.624	421.000
815.638	416.000
815.653	418.000
815.668	417.000
815.683	427.000
815.698	450.000
815.713	474.000
815.728	456.000
815.743	438.000
815.758	431.000
815.773	428.000
815.788	418.000
815.803	409.000
815.818	393.000
815.833	397.000
815.847	392.000
815.862	386.000
815.877	397.000
815.892	406.000
815.907	402.000
815.922	415.000
815.937	427.000
815.952	428.000
815.967	417.000
815.982	428.000
815.997	430.000
816.012	442.000
816.026	421.000
816.041	425.000
816.056	422.000
816.071	424.000
816.086	400.000
816.101	392.000
816.116	389.000
816.131	387.000
816.146	389.000
816.161	389.000
816.175	391.000
816.190	398.000
816.205	400.000
816.220	412.000
816.235	398.000
816.250	411.000
816.265	414.000
816.280	428.000
816.295	441.000
816.309	434.000
816.324	424.000
816.339	416.000
816.354	404.000
816.369	403.000
816.384	388.000
816.399	372.000
816.414	390.000
816.429	376.000
816.443	365.000
816.458	392.000
816.473	384.000
816.488	395.000
816.503	398.000
816.518	398.000
816.533	413.000
816.548	408.000
816.562	417.000
816.577	422.000
816.592	426.000
816.607	406.000
816.622	403.000
816.637	394.000
816.652	386.000
816.667	369.000
816.681	371.000
816.696	370.000
816.711	366.000
816.726	370.000
816.741	372.000
816.756	384.000
816.771	370.000
816.785	389.000
816.800	380.000
816.815	379.000
816.830	402.000
816.845	407.000
816.860	414.000
816.875	401.000
816.889	409.000
816.904	402.000
816.919	383.000
816.934	372.000
816.949	364.000
816.964	349.000
816.978	356.000
816.993	359.000
817.008	370.000
817.023	386.000
817.038	390.000
817.053	374.000
817.068	390.000
817.082	380.000
817.097	386.000
817.112	389.000
817.127	398.000
817.142	401.000
817.157	393.000
817.171	390.000
817.186	386.000
817.201	382.000
817.216	365.000
817.231	369.000
817.246	349.000
817.260	356.000
817.275	369.000
817.290	363.000
817.305	352.000
817.320	367.000
817.334	363.000
817.349	369.000
817.364	382.000
817.379	384.000
817.394	378.000
817.409	380.000
817.423	386.000
817.438	384.000
817.453	376.000
817.468	378.000
817.483	386.000
817.497	356.000
817.512	359.000
817.527	356.000
817.542	340.000
817.557	346.000
817.571	349.000
817.586	351.000
817.601	356.000
817.616	357.000
817.631	358.000
817.645	358.000
817.660	374.000
817.675	369.000
817.690	386.000
817.705	382.000
817.719	381.000
817.734	384.000
817.749	382.000
817.764	372.000
817.779	364.000
817.793	349.000
817.808	345.000
817.823	342.000
817.838	346.000
817.853	343.000
817.867	358.000
817.882	344.000
817.897	351.000
817.912	361.000
817.926	355.000
817.941	366.000
817.956	366.000
817.971	375.000
817.986	382.000
818.000	385.000
818.015	384.000
818.030	393.000
818.045	369.000
818.059	378.000
818.074	357.000
818.089	352.000
818.104	363.000
818.119	353.000
818.133	354.000
818.148	361.000
818.163	384.000
818.178	346.000
818.192	356.000
818.207	364.000
818.222	361.000
818.237	360.000
818.251	359.000
818.266	385.000
818.281	382.000
818.296	380.000
818.310	378.000
818.325	370.000
818.340	354.000
818.355	344.000
818.369	350.000
818.384	337.000
818.399	328.000
818.414	344.000
818.428	338.000
818.443	353.000
818.458	338.000
818.473	352.000
818.487	355.000
818.502	362.000
818.517	379.000
818.532	372.000
818.546	362.000
818.561	383.000
818.576	374.000
818.591	366.000
818.605	362.000
818.620	356.000
818.635	350.000
818.649	348.000
818.664	342.000
818.679	340.000
818.694	340.000
818.708	338.000
818.723	346.000
818.738	344.000
818.753	364.000
818.767	350.000
818.782	351.000
818.797	375.000
818.811	372.000
818.826	376.000
818.841	370.000
818.856	376.000
818.870	386.000
818.885	363.000
818.900	373.000
818.914	344.000
818.929	360.000
818.944	353.000
818.959	350.000
818.973	349.000
818.988	344.000
819.003	363.000
819.017	355.000
819.032	354.000
819.047	351.000
819.062	357.000
819.076	375.000
819.091	375.000
819.106	378.000
819.120	377.000
819.135	398.000
819.150	390.000
819.164	396.000
819.179	380.000
819.194	366.000
819.209	362.000
819.223	365.000
819.238	354.000
819.253	365.000
819.267	358.000
819.282	359.000
819.297	372.000
819.311	370.000
819.326	378.000
819.341	385.000
819.355	386.000
819.370	386.000
819.385	413.000
819.399	405.000
819.414	414.000
819.429	410.000
819.444	391.000
819.458	410.000
819.473	390.000
819.488	387.000
819.502	380.000
819.517	374.000
819.532	360.000
819.546	365.000
819.561	372.000
819.576	366.000
819.590	372.000
819.605	367.000
819.620	371.000
819.634	380.000
819.649	384.000
819.664	396.000
819.678	402.000
819.693	393.000
819.708	410.000
819.722	402.000
819.737	377.000
819.752	369.000
819.766	362.000
819.781	360.000
819.795	352.000
819.810	343.000
819.825	353.000
819.839	332.000
819.854	356.000
819.869	362.000
819.883	356.000
819.898	354.000
819.913	366.000
819.927	369.000
819.942	380.000
819.957	370.000
819.971	386.000
819.986	380.000
820.001	374.000
820.015	363.000
820.030	363.000
820.044	367.000
820.059	346.000
820.074	352.000
820.088	344.000
820.103	356.000
820.118	348.000
820.132	350.000
820.147	353.000
820.161	360.000
820.176	364.000
820.191	378.000
820.205	368.000
820.220	376.000
820.235	392.000
820.249	392.000
820.264	388.000
820.278	386.000
820.293	380.000
820.308	374.000
820.322	378.000
820.337	360.000
820.352	366.000
820.366	375.000
820.381	374.000
820.395	362.000
820.410	370.000
820.425	376.000
820.439	381.000
820.454	382.000
820.468	394.000
820.483	399.000
820.498	416.000
820.512	426.000
820.527	423.000
820.541	432.000
820.556	428.000
820.571	440.000
820.585	434.000
820.600	424.000
820.614	429.000
820.629	422.000
820.644	413.000
820.658	426.000
820.673	422.000
820.687	410.000
820.702	412.000
820.717	413.000
820.731	425.000
820.746	435.000
820.760	427.000
820.775	460.000
820.790	441.000
820.804	450.000
820.819	446.000
820.833	448.000
820.848	456.000
820.862	442.000
820.877	432.000
820.892	426.000
820.906	395.000
820.921	409.000
820.935	403.000
820.950	398.000
820.964	379.000
820.979	372.000
820.994	392.000
821.008	378.000
821.023	374.000
821.037	374.000
821.052	378.000
821.066	378.000
821.081	369.000
821.096	365.000
821.110	369.000
821.125	362.000
821.139	356.000
821.154	346.000
821.168	351.000
821.183	331.000
821.197	319.000
821.212	312.000
821.227	309.000
821.241	317.000
821.256	313.000
821.270	303.000
821.285	302.000
821.299	307.000
821.314	305.000
821.328	302.000
821.343	309.000
821.357	299.000
821.372	290.000
821.387	302.000
821.401	311.000
821.416	304.000
821.430	295.000
821.445	300.000
821.459	292.000
821.474	274.000
821.488	281.000
821.503	271.000
821.517	274.000
821.532	260.000
821.546	261.000
821.561	277.000
821.576	278.000
821.590	254.000
821.605	272.000
821.619	274.000
821.634	278.000
821.648	284.000
821.663	292.000
821.677	280.000
821.692	267.000
821.706	276.000
821.721	268.000
821.735	262.000
821.750	252.000
821.764	246.000
821.779	250.000
821.793	241.000
821.808	246.000
821.822	252.000
821.837	243.000
821.851	240.000
821.866	253.000
821.880	249.000
821.895	258.000
821.909	247.000
821.924	249.000
821.938	258.000
821.953	266.000
821.967	256.000
821.982	262.000
821.996	250.000
822.011	260.000
822.025	259.000
822.040	241.000
822.054	255.000
822.069	237.000
822.083	226.000
822.098	234.000
822.112	240.000
822.127	234.000
822.141	231.000
822.156	242.000
822.170	236.000
822.185	224.000
822.199	242.000
822.214	268.000
822.228	242.000
822.243	236.000
822.257	243.000
822.272	247.000
822.286	254.000
822.301	246.000
822.315	247.000
822.330	236.000
822.344	228.000
822.359	233.000
822.373	218.000
822.388	233.000
822.402	216.000
822.416	213.000
822.431	225.000
822.445	225.000
822.460	239.000
822.474	228.000
822.489	224.000
822.503	227.000
822.518	235.000
822.532	240.000
822.547	232.000
822.561	244.000
822.576	241.000
822.590	235.000
822.605	222.000
822.619	229.000
822.633	228.000
822.648	222.000
822.662	220.000
822.677	209.000
822.691	214.000
822.706	221.000
822.720	209.000
822.735	214.000
822.749	216.000
822.763	222.000
822.778	217.000
822.792	220.000
822.807	225.000
822.821	232.000
822.836	234.000
822.850	235.000
822.865	234.000
822.879	228.000
822.893	222.000
822.908	215.000
822.922	212.000
822.937	204.000
822.951	218.000
822.966	202.000
822.980	217.000
822.994	210.000
823.009	210.000
823.023	207.000
823.038	203.000
823.052	214.000
823.067	208.000
823.081	219.000
823.095	226.000
823.110	226.000
823.124	227.000
823.139	226.000
823.153	231.000
823.168	226.000
823.182	219.000
823.196	227.000
823.211	212.000
823.225	206.000
823.240	198.000
823.254	206.000
823.268	208.000
823.283	204.000
823.297	197.000
823.312	213.000
823.326	219.000
823.340	210.000
823.355	206.000
823.369	207.000
823.384	210.000
823.398	218.000
823.412	220.000
823.427	228.000
823.441	219.000
823.456	220.000
823.470	214.000
823.484	204.000
823.499	204.000
823.513	198.000
823.528	206.000
823.542	198.000
823.556	206.000
823.571	198.000
823.585	202.000
823.600	204.000
823.614	202.000
823.628	211.000
823.643	208.000
823.657	214.000
823.671	208.000
823.686	205.000
823.700	216.000
823.715	210.000
823.729	218.000
823.743	213.000
823.758	211.000
823.772	198.000
823.786	207.000
823.801	228.000
823.815	202.000
823.830	184.000
823.844	190.000
823.858	190.000
823.873	193.000
823.887	196.000
823.901	196.000
823.916	210.000
823.930	199.000
823.945	204.000
823.959	206.000
823.973	204.000
823.988	209.000
824.002	207.000
824.016	214.000
824.031	208.000
824.045	211.000
824.059	210.000
824.074	201.000
824.088	202.000
824.102	188.000
824.117	198.000
824.131	191.000
824.145	183.000
824.160	192.000
824.174	191.000
824.188	189.000
824.203	200.000
824.217	198.000
824.232	202.000
824.246	198.000
824.260	195.000
824.275	206.000
824.289	207.000
824.303	201.000
824.318	205.000
824.332	192.000
824.346	195.000
824.361	188.000
824.375	194.000
824.389	187.000
824.404	190.000
824.418	192.000
824.432	187.000
824.446	193.000
824.461	190.000
824.475	197.000
824.489	194.000
824.504	185.000
824.518	196.000
824.532	191.000
824.547	200.000
824.561	209.000
824.575	196.000
824.590	200.000
824.604	230.000
824.618	188.000
824.633	195.000
824.647	192.000
824.661	188.000
824.676	180.000
824.690	205.000
824.704	190.000
824.718	176.000
824.733	182.000
824.747	182.000
824.761	186.000
824.776	206.000
824.791	198.000
824.806	206.000
824.821	226.000
824.836	201.000
824.851	209.000
824.866	207.000
824.880	193.000
824.895	186.000
824.910	189.000
824.925	191.000
824.940	183.000
824.955	186.000
824.970	186.000
824.985	188.000
825.000	216.000
825.014	200.000
825.029	198.000
825.044	202.000
825.059	198.000
825.074	199.000
825.089	207.000
825.104	202.000
825.119	210.000
825.134	196.000
825.148	188.000
825.163	191.000
825.178	190.000
825.193	181.000
825.208	177.000
825.223	184.000
825.238	173.000
825.253	187.000
825.267	188.000
825.282	188.000
825.297	194.000
825.312	193.000
825.327	187.000
825.342	206.000
825.357	208.000
825.372	198.000
825.386	203.000
825.401	190.000
825.416	197.000
825.431	194.000
825.446	188.000
825.461	178.000
825.476	186.000
825.490	180.000
825.505	184.000
825.520	183.000
825.535	188.000
825.550	183.000
825.565	182.000
825.580	188.000
825.594	190.000
825.609	186.000
825.624	203.000
825.639	195.000
825.654	198.000
825.669	196.000
825.683	180.000
825.698	192.000
825.713	190.000
825.728	192.000
825.743	180.000
825.758	180.000
825.773	178.000
825.787	183.000
825.802	186.000
825.817	174.000
825.832	190.000
825.847	189.000
825.862	179.000
825.876	184.000
825.891	174.000
825.906	179.000
825.921	183.000
825.936	192.000
825.951	186.000
825.965	186.000
825.980	192.000
825.995	198.000
826.010	193.000
826.025	186.000
826.039	180.000
826.054	175.000
826.069	172.000
826.084	177.000
826.099	197.000
826.114	184.000
826.128	188.000
826.143	179.000
826.158	197.000
826.173	184.000
826.188	176.000
826.202	188.000
826.217	191.000
826.232	194.000
826.247	186.000
826.262	188.000
826.276	202.000
826.291	193.000
826.306	179.000
826.321	178.000
826.336	172.000
826.351	176.000
826.365	166.000
826.380	178.000
826.395	168.000
826.410	175.000
826.425	179.000
826.439	176.000
826.454	186.000
826.469	180.000
826.484	182.000
826.498	206.000
826.513	179.000
826.528	178.000
826.543	188.000
826.558	192.000
826.572	183.000
826.587	182.000
826.602	181.000
826.617	178.000
826.632	182.000
826.646	186.000
826.661	174.000
826.676	178.000
826.691	178.000
826.705	173.000
826.720	173.000
826.735	173.000
826.750	177.000
826.765	175.000
826.779	174.000
826.794	186.000
826.809	197.000
826.824	186.000
826.838	183.000
826.853	194.000
826.868	182.000
826.883	183.000
826.897	169.000
826.912	166.000
826.927	168.000
826.942	169.000
826.957	162.000
826.971	180.000
826.986	176.000
827.001	184.000
827.016	162.000
827.030	199.000
827.045	181.000
827.060	176.000
827.075	176.000
827.089	184.000
827.104	184.000
827.119	170.000
827.134	183.000
827.148	178.000
827.163	181.000
827.178	180.000
827.193	182.000
827.207	178.000
827.222	170.000
827.237	169.000
827.252	170.000
827.266	163.000
827.281	166.000
827.296	169.000
827.311	173.000
827.325	178.000
827.340	175.000
827.355	168.000
827.369	168.000
827.384	175.000
827.399	184.000
827.414	176.000
827.428	182.000
827.443	179.000
827.458	176.000
827.473	179.000
827.487	178.000
827.502	178.000
827.517	163.000
827.531	168.000
827.546	168.000
827.561	167.000
827.576	164.000
827.590	165.000
827.605	168.000
827.620	166.000
827.634	167.000
827.649	172.000
827.664	158.000
827.679	163.000
827.693	167.000
827.708	185.000
827.723	183.000
827.737	178.000
827.752	180.000
827.767	186.000
827.782	179.000
827.796	161.000
827.811	164.000
827.826	155.000
827.840	160.000
827.855	162.000
827.870	170.000
827.885	162.000
827.899	162.000
827.914	162.000
827.929	174.000
827.943	177.000
827.958	172.000
827.973	184.000
827.987	171.000
828.002	179.000
828.017	177.000
828.031	182.000
828.046	172.000
828.061	169.000
828.076	166.000
828.090	161.000
828.105	161.000
828.120	156.000
828.134	166.000
828.149	157.000
828.164	166.000
828.178	163.000
828.193	172.000
828.208	168.000
828.222	171.000
828.237	193.000
828.252	178.000
828.266	175.000
828.281	176.000
828.296	173.000
828.310	176.000
828.325	183.000
828.340	177.000
828.354	164.000
828.369	165.000
828.384	164.000
828.398	162.000
828.413	168.000
828.428	152.000
828.442	162.000
828.457	154.000
828.472	166.000
828.486	162.000
828.501	175.000
828.516	166.000
828.530	172.000
828.545	168.000
828.560	178.000
828.574	172.000
828.589	165.000
828.604	172.000
828.618	168.000
828.633	169.000
828.648	171.000
828.662	174.000
828.677	165.000
828.691	161.000
828.706	159.000
828.721	157.000
828.735	162.000
828.750	155.000
828.765	160.000
828.779	159.000
828.794	161.000
828.809	166.000
828.823	151.000
828.838	164.000
828.853	167.000
828.867	169.000
828.882	172.000
828.896	173.000
828.911	165.000
828.926	167.000
828.940	163.000
828.955	160.000
828.970	153.000
828.984	154.000
828.999	161.000
829.013	155.000
829.028	148.000
829.043	164.000
829.057	156.000
829.072	165.000
829.087	160.000
829.101	150.000
829.116	186.000
829.130	159.000
829.145	168.000
829.160	162.000
829.174	163.000
829.189	163.000
829.203	170.000
829.218	166.000
829.233	171.000
829.247	162.000
829.262	159.000
829.276	154.000
829.291	153.000
829.306	155.000
829.320	148.000
829.335	146.000
829.349	156.000
829.364	161.000
829.379	155.000
829.393	156.000
829.408	160.000
829.422	156.000
829.437	157.000
829.452	170.000
829.466	165.000
829.481	157.000
829.495	156.000
829.510	166.000
829.525	160.000
829.539	152.000
829.554	154.000
829.568	145.000
829.583	148.000
829.598	146.000
829.612	153.000
829.627	154.000
829.641	156.000
829.656	156.000
829.670	175.000
829.685	154.000
829.700	153.000
829.714	168.000
829.729	186.000
829.743	157.000
829.758	164.000
829.772	160.000
829.787	163.000
829.802	162.000
829.816	158.000
829.831	159.000
829.845	152.000
829.860	152.000
829.874	164.000
829.889	199.000
829.904	164.000
829.918	149.000
829.933	155.000
829.947	159.000
829.962	147.000
829.976	159.000
829.991	152.000
830.005	158.000
830.020	156.000
830.035	160.000
830.049	158.000
830.064	155.000
830.078	157.000
830.093	170.000
830.107	162.000
830.122	153.000
830.136	166.000
830.151	158.000
830.166	154.000
830.180	146.000
830.195	149.000
830.209	150.000
830.224	141.000
830.238	157.000
830.253	159.000
830.267	152.000
830.282	152.000
830.296	158.000
830.311	154.000
830.325	155.000
830.340	143.000
830.355	156.000
830.369	162.000
830.384	158.000
830.398	155.000
830.413	158.000
830.427	149.000
830.442	146.000
830.456	152.000
830.471	158.000
830.485	155.000
830.500	158.000
830.514	156.000
830.529	144.000
830.543	156.000
830.558	148.000
830.572	148.000
830.587	154.000
830.601	154.000
830.616	156.000
830.630	155.000
830.645	155.000
830.659	157.000
830.674	146.000
830.688	148.000
830.703	161.000
830.718	166.000
830.732	148.000
830.747	145.000
830.761	148.000
830.776	142.000
830.790	145.000
830.805	143.000
830.819	143.000
830.834	148.000
830.848	146.000
830.863	151.000
830.877	144.000
830.892	151.000
830.906	162.000
830.921	154.000
830.935	160.000
830.949	161.000
830.964	153.000
830.978	160.000
830.993	148.000
831.007	148.000
831.022	148.000
831.036	144.000
831.051	141.000
831.065	154.000
831.080	142.000
831.094	140.000
831.109	151.000
831.123	144.000
831.138	141.000
831.152	152.000
831.167	145.000
831.181	146.000
831.196	146.000
831.210	150.000
831.225	147.000
831.239	154.000
831.254	154.000
831.268	155.000
831.283	157.000
831.297	150.000
831.311	146.000
831.326	143.000
831.340	149.000
831.355	146.000
831.369	151.000
831.384	146.000
831.398	138.000
831.413	148.000
831.427	144.000
831.442	140.000
831.456	148.000
831.471	148.000
831.485	147.000
831.499	150.000
831.514	163.000
831.528	148.000
831.543	154.000
831.557	154.000
831.572	152.000
831.586	148.000
831.601	145.000
831.615	148.000
831.629	151.000
831.644	148.000
831.658	139.000
831.673	142.000
831.687	145.000
831.702	146.000
831.716	151.000
831.731	148.000
831.745	145.000
831.759	148.000
831.774	136.000
831.788	139.000
831.803	146.000
831.817	140.000
831.832	147.000
831.846	149.000
831.860	155.000
831.875	148.000
831.889	142.000
831.904	145.000
831.918	152.000
831.933	147.000
831.947	141.000
831.961	148.000
831.976	152.000
831.990	157.000
832.005	165.000
832.019	146.000
832.033	138.000
832.048	149.000
832.062	145.000
832.077	139.000
832.091	147.000
832.106	148.000
832.120	147.000
832.134	148.000
832.149	149.000
832.163	153.000
832.178	145.000
832.192	147.000
832.206	146.000
832.221	146.000
832.235	156.000
832.250	151.000
832.264	136.000
832.278	138.000
832.293	137.000
832.307	137.000
832.322	148.000
832.336	144.000
832.350	144.000
832.365	149.000
832.379	146.000
832.394	145.000
832.408	150.000
832.422	150.000
832.437	148.000
832.451	151.000
832.465	149.000
832.480	146.000
832.494	150.000
832.509	137.000
832.523	142.000
832.537	135.000
832.552	141.000
832.566	147.000
832.581	140.000
832.595	145.000
832.609	146.000
832.624	148.000
832.638	138.000
832.652	138.000
832.667	138.000
832.681	142.000
832.696	134.000
832.710	141.000
832.724	148.000
832.739	142.000
832.753	147.000
832.767	138.000
832.782	149.000
832.796	142.000
832.810	145.000
832.825	137.000
832.839	143.000
832.853	138.000
832.868	143.000
832.882	141.000
832.897	137.000
832.911	139.000
832.925	139.000
832.940	140.000
832.954	144.000
832.968	164.000
832.983	149.000
832.997	148.000
833.011	143.000
833.026	144.000
833.040	177.000
833.054	160.000
833.069	148.000
833.083	146.000
833.097	170.000
833.112	138.000
833.126	148.000
833.140	142.000
833.155	134.000
833.169	136.000
833.183	139.000
833.198	142.000
833.212	144.000
833.226	136.000
833.241	149.000
833.255	132.000
833.269	140.000
833.284	145.000
833.298	142.000
833.312	146.000
833.327	142.000
833.341	145.000
833.355	151.000
833.370	154.000
833.384	144.000
833.398	146.000
833.413	136.000
833.427	149.000
833.441	142.000
833.456	148.000
833.470	136.000
833.484	144.000
833.499	137.000
833.513	140.000
833.527	142.000
833.542	137.000
833.556	141.000
833.570	154.000
833.584	139.000
833.599	146.000
833.613	144.000
833.627	141.000
833.642	149.000
833.656	148.000
833.670	142.000
833.685	138.000
833.699	150.000
833.713	156.000
833.727	141.000
833.742	148.000
833.756	124.000
833.770	137.000
833.785	143.000
833.799	135.000
833.813	140.000
833.827	138.000
833.842	141.000
833.856	136.000
833.870	135.000
833.885	139.000
833.899	145.000
833.913	147.000
833.927	149.000
833.942	142.000
833.956	141.000
833.970	144.000
833.985	135.000
833.999	139.000
834.013	146.000
834.027	142.000
834.042	142.000
834.056	134.000
834.070	140.000
834.085	137.000
834.099	136.000
834.113	134.000
834.127	138.000
834.142	136.000
834.156	154.000
834.170	145.000
834.184	135.000
834.199	144.000
834.213	147.000
834.227	141.000
834.241	140.000
834.256	145.000
834.270	150.000
834.284	146.000
834.298	139.000
834.313	137.000
834.327	136.000
834.341	134.000
834.355	138.000
834.370	135.000
834.384	140.000
834.398	144.000
834.412	130.000
834.427	137.000
834.441	135.000
834.455	138.000
834.469	140.000
834.484	140.000
834.498	137.000
834.512	147.000
834.526	141.000
834.541	134.000
834.555	140.000
834.569	143.000
834.583	141.000
834.598	137.000
834.612	141.000
834.626	137.000
834.640	130.000
834.655	128.000
834.669	137.000
834.683	135.000
834.697	134.000
834.711	128.000
834.726	136.000
834.740	142.000
834.754	142.000
834.768	146.000
834.783	143.000
834.797	139.000
834.811	139.000
834.825	159.000
834.839	142.000
834.854	139.000
834.868	153.000
834.882	139.000
834.896	139.000
834.910	135.000
834.925	138.000
834.939	134.000
834.953	131.000
834.967	132.000
834.982	128.000
834.996	133.000
835.010	142.000
835.024	140.000
835.038	142.000
835.053	135.000
835.067	156.000
835.081	132.000
835.095	141.000
835.109	148.000
835.124	152.000
835.138	141.000
835.152	140.000
835.166	133.000
835.180	138.000
835.195	132.000
835.209	132.000
835.223	128.000
835.237	148.000
835.251	134.000
835.265	135.000
835.280	126.000
835.294	131.000
835.308	130.000
835.322	126.000
835.336	132.000
835.351	137.000
835.365	143.000
835.379	136.000
835.393	139.000
835.407	142.000
835.421	142.000
835.436	143.000
835.450	136.000
835.464	136.000
835.478	135.000
835.492	130.000
835.506	139.000
835.521	131.000
835.535	138.000
835.549	136.000
835.563	134.000
835.577	135.000
835.591	139.000
835.606	134.000
835.620	143.000
835.634	134.000
835.648	139.000
835.662	129.000
835.676	129.000
835.691	140.000
835.705	141.000
835.719	140.000
835.733	131.000
835.747	126.000
835.761	136.000
835.775	141.000
835.790	135.000
835.804	138.000
835.818	135.000
835.832	138.000
835.846	130.000
835.860	132.000
835.874	134.000
835.889	137.000
835.903	132.000
835.917	140.000
835.931	129.000
835.945	135.000
835.959	142.000
835.973	128.000
835.988	135.000
836.002	134.000
836.016	134.000
836.030	133.000
836.044	135.000
836.058	131.000
836.072	123.000
836.086	134.000
836.101	134.000
836.115	135.000
836.129	123.000
836.143	130.000
836.157	133.000
836.171	135.000
836.185	133.000
836.199	130.000
836.214	130.000
836.228	129.000
836.242	133.000
836.256	134.000
836.270	130.000
836.284	133.000
836.298	137.000
836.312	138.000
836.326	132.000
836.341	146.000
836.355	138.000
836.369	132.000
836.383	134.000
836.397	129.000
836.411	131.000
836.425	136.000
836.439	128.000
836.453	132.000
836.468	129.000
836.482	146.000
836.496	136.000
836.510	131.000
836.524	125.000
836.538	137.000
836.552	144.000
836.566	132.000
836.580	136.000
836.594	132.000
836.608	132.000
836.623	124.000
836.637	133.000
836.651	122.000
836.665	135.000
836.679	129.000
836.693	147.000
836.707	133.000
836.721	126.000
836.735	132.000
836.749	126.000
836.763	130.000
836.777	141.000
836.792	129.000
836.806	126.000
836.820	126.000
836.834	132.000
836.848	135.000
836.862	126.000
836.876	130.000
836.890	134.000
836.904	133.000
836.918	132.000
836.932	135.000
836.946	139.000
836.960	123.000
836.974	130.000
836.988	124.000
837.003	135.000
837.017	129.000
837.031	164.000
837.045	134.000
837.059	132.000
837.073	126.000
837.087	130.000
837.101	129.000
837.115	126.000
837.129	125.000
837.143	124.000
837.157	122.000
837.171	126.000
837.185	130.000
837.199	126.000
837.213	127.000
837.227	137.000
837.241	133.000
837.255	131.000
837.269	132.000
837.283	120.000
837.298	126.000
837.312	132.000
837.326	120.000
837.340	126.000
837.354	131.000
837.368	120.000
837.382	132.000
837.396	116.000
837.410	119.000
837.424	126.000
837.438	125.000
837.452	117.000
837.466	129.000
837.480	126.000
837.494	124.000
837.508	138.000
837.522	132.000
837.536	130.000
837.550	130.000
837.564	125.000
837.578	126.000
837.592	124.000
837.606	124.000
837.620	128.000
837.634	130.000
837.648	124.000
837.662	120.000
837.676	124.000
837.690	133.000
837.704	124.000
837.718	120.000
837.732	121.000
837.746	123.000
837.760	122.000
837.774	129.000
837.788	124.000
837.802	128.000
837.816	126.000
837.830	124.000
837.844	132.000
837.858	117.000
837.872	122.000
837.886	131.000
837.900	136.000
837.914	121.000
837.928	120.000
837.942	125.000
837.956	117.000
837.970	126.000
837.984	132.000
837.998	119.000
838.012	123.000
838.026	126.000
838.040	118.000
838.054	121.000
838.068	127.000
838.082	122.000
838.096	138.000
838.110	141.000
838.124	127.000
838.138	116.000
838.152	120.000
838.166	132.000
838.180	123.000
838.194	126.000
838.208	116.000
838.222	116.000
838.236	123.000
838.250	116.000
838.264	116.000
838.278	123.000
838.292	117.000
838.306	133.000
838.319	120.000
838.333	122.000
838.347	125.000
838.361	124.000
838.375	118.000
838.389	128.000
838.403	120.000
838.417	128.000
838.431	131.000
838.445	121.000
838.459	120.000
838.473	118.000
838.487	127.000
838.501	126.000
838.515	113.000
838.529	117.000
838.543	124.000
838.557	123.000
838.571	152.000
838.585	122.000
838.599	126.000
838.612	113.000
838.626	118.000
838.640	124.000
838.654	119.000
838.668	123.000
838.682	129.000
838.696	126.000
838.710	116.000
838.724	130.000
838.738	122.000
838.752	126.000
838.766	121.000
838.780	121.000
838.794	130.000
838.808	129.000
838.821	132.000
838.835	118.000
838.849	115.000
838.863	118.000
838.877	133.000
838.891	128.000
838.905	118.000
838.919	119.000
838.933	123.000
838.947	119.000
838.961	118.000
838.975	122.000
838.988	125.000
839.002	123.000
839.016	126.000
839.030	130.000
839.044	122.000
839.058	119.000
839.072	129.000
839.086	117.000
839.100	111.000
839.114	123.000
839.128	118.000
839.141	130.000
839.155	128.000
839.169	124.000
839.183	116.000
839.197	117.000
839.211	123.000
839.225	130.000
839.239	115.000
839.253	118.000
839.266	121.000
839.280	117.000
839.294	123.000
839.308	126.000
839.322	121.000
839.336	130.000
839.350	159.000
839.364	118.000
839.378	120.000
839.391	113.000
839.405	118.000
839.419	122.000
839.433	138.000
839.447	127.000
839.461	119.000
839.475	120.000
839.489	115.000
839.502	118.000
