794.0000 28054.6667
794.0160 26628.6667
794.0310 25557.3333
794.0470 24865.3333
794.0630 24276.0000
794.0790 24113.3333
794.0940 24182.0000
794.1100 24134.6667
794.1260 24309.3333
794.1420 24401.3333
794.1570 24639.3333
794.1730 24987.3333
794.1890 25768.6667
794.2040 26520.6667
794.2200 27092.6667
794.2360 27132.6667
794.2520 26944.6667
794.2670 26120.0000
794.2830 25192.6667
794.2990 24396.6667
794.3140 23695.3333
794.3300 23426.6667
794.3460 23150.0000
794.3620 23038.6667
794.3770 23170.6667
794.3930 23342.0000
794.4090 23342.0000
794.4240 23730.6667
794.4400 24187.3333
794.4560 24883.3333
794.4720 25866.6667
794.4870 25992.0000
794.5030 25971.3333
794.5190 25679.3333
794.5340 24835.3333
794.5500 23881.3333
794.5660 23201.3333
794.5810 22658.6667
794.5970 22238.6667
794.6130 22072.0000
794.6290 22079.3333
794.6440 21898.0000
794.6600 22138.0000
794.6760 22668.6667
794.6910 22930.0000
794.7070 23674.6667
794.7230 24591.3333
794.7380 25084.6667
794.7540 25115.3333
794.7700 24986.0000
794.7850 24518.6667
794.8010 23748.0000
794.8170 22833.3333
794.8320 22005.3333
794.8480 21580.0000
794.8640 21308.6667
794.8800 21135.3333
794.8950 21013.3333
794.9110 21034.6667
794.9270 21203.3333
794.9420 21441.3333
794.9580 22219.3333
794.9740 22848.0000
794.9890 23563.3333
795.0050 24025.3333
795.0210 23959.3333
795.0360 23808.0000
795.0520 23194.6667
795.0680 22417.3333
795.0830 21654.0000
795.0990 21038.6667
795.1150 20742.0000
795.1300 20611.3333
795.1460 20168.6667
795.1620 20378.0000
795.1770 20605.3333
795.1930 20664.0000
795.2090 21103.3333
795.2240 21629.3333
795.2400 22195.3333
795.2560 22654.0000
795.2710 22788.6667
795.2870 22745.3333
795.3030 22556.6667
795.3180 21730.6667
795.3340 21025.3333
795.3500 20407.3333
795.3650 20236.0000
795.3810 19994.0000
795.3960 19849.3333
795.4120 19608.6667
795.4280 19677.3333
795.4430 19907.3333
795.4590 20120.0000
795.4750 20331.3333
795.4900 20756.0000
795.5060 21347.3333
795.5220 21615.3333
795.5370 21877.3333
795.5530 21864.6667
795.5690 21239.3333
795.5840 20850.6667
795.6000 19963.3333
795.6150 19529.3333
795.6310 19100.6667
795.6470 19118.6667
795.6620 19002.6667
795.6780 18965.3333
795.6940 18940.0000
795.7090 19026.6667
795.7250 19120.0000
795.7410 19492.6667
795.7560 19732.6667
795.7720 20291.3333
795.7870 20560.0000
795.8030 20882.6667
795.8190 20840.6667
795.8340 20420.6667
795.8500 19799.3333
795.8660 19398.0000
795.8810 18955.3333
795.8970 18653.3333
795.9120 18338.6667
795.9280 18334.6667
795.9440 18307.3333
795.9590 18204.0000
795.9750 18296.6667
795.9900 18200.6667
796.0060 18543.3333
796.0220 18762.6667
796.0370 19356.0000
796.0530 19685.3333
796.0680 19861.3333
796.0840 20061.3333
796.1000 19858.6667
796.1150 19351.3333
796.1310 18774.0000
796.1470 18067.3333
796.1620 17966.0000
796.1780 17680.0000
796.1930 17458.0000
796.2090 17507.3333
796.2250 17446.0000
796.2400 17430.6667
796.2560 17540.0000
796.2710 17842.6667
796.2870 18179.3333
796.3030 18651.3333
796.3180 19032.6667
796.3340 19082.6667
796.3490 19270.6667
796.3650 18833.3333
796.3800 18534.0000
796.3960 17921.3333
796.4120 17364.0000
796.4270 16991.3333
796.4430 16846.0000
796.4580 16722.0000
796.4740 16812.0000
796.4900 16843.3333
796.5050 16986.6667
796.5210 16985.3333
796.5360 17240.6667
796.5520 17840.0000
796.5670 18150.0000
796.5830 18546.0000
796.5990 18522.6667
796.6140 18338.0000
796.6300 17986.0000
796.6450 17478.6667
796.6610 16942.0000
796.6760 16460.6667
796.6920 16202.0000
796.7080 16038.0000
796.7230 16036.0000
796.7390 15920.0000
796.7540 16054.0000
796.7700 16328.6667
796.7850 16535.3333
796.8010 16706.6667
796.8170 17100.0000
796.8320 17361.3333
796.8480 17708.0000
796.8630 17485.3333
796.8790 17494.6667
796.8940 17248.6667
796.9100 16670.0000
796.9250 16218.0000
796.9410 15890.0000
796.9570 15654.6667
796.9720 15493.3333
796.9880 15434.0000
797.0030 15518.0000
797.0190 15546.0000
797.0340 15720.0000
797.0500 15892.0000
797.0650 16006.6667
797.0810 16380.0000
797.0970 16454.0000
797.1120 16778.6667
797.1280 16953.3333
797.1430 16629.3333
797.1590 16142.6667
797.1740 16001.3333
797.1900 15662.0000
797.2050 15220.0000
797.2210 15172.6667
797.2360 15101.3333
797.2520 15031.3333
797.2670 14947.3333
797.2830 15074.0000
797.2990 15132.6667
797.3140 15202.6667
797.3300 15258.0000
797.3450 15656.6667
797.3610 15872.6667
797.3760 15985.3333
797.3920 16242.0000
797.4070 16016.6667
797.4230 15730.0000
797.4380 15337.3333
797.4540 14966.6667
797.4690 14634.6667
797.4850 14356.6667
797.5000 14380.6667
797.5160 14412.6667
797.5310 14424.6667
797.5470 14375.3333
797.5620 14374.0000
797.5780 14566.6667
797.5940 14608.0000
797.6090 14964.6667
797.6250 15405.3333
797.6400 15397.3333
797.6560 15430.6667
797.6710 15452.6667
797.6870 15183.3333
797.7020 14870.0000
797.7180 14482.0000
797.7330 14107.3333
797.7490 13876.0000
797.7640 13752.6667
797.7800 13766.0000
797.7950 13612.6667
797.8110 13662.6667
797.8260 13722.0000
797.8420 13838.0000
797.8570 14050.6667
797.8730 14137.3333
797.8880 14420.0000
797.9040 14702.6667
797.9190 14847.3333
797.9350 14924.0000
797.9500 14570.0000
797.9660 14256.6667
797.9810 13857.3333
797.9970 13583.3333
798.0120 13230.6667
798.0280 13184.6667
798.0430 13164.0000
798.0590 12998.6667
798.0740 13082.6667
798.0890 13059.3333
798.1050 13196.0000
798.1200 13540.0000
798.1360 13596.6667
798.1510 13881.3333
798.1670 13998.0000
798.1820 13949.3333
798.1980 13912.6667
798.2130 13702.6667
798.2290 13501.3333
798.2440 13249.3333
798.2600 13016.6667
798.2750 12702.6667
798.2910 12664.0000
798.3060 12530.6667
798.3220 12650.6667
798.3370 12584.0000
798.3530 12813.3333
798.3680 12723.3333
798.3830 12884.0000
798.3990 13039.3333
798.4140 13133.3333
798.4300 13284.6667
798.4450 13319.3333
798.4610 13209.3333
798.4760 13125.3333
798.4920 12794.6667
798.5070 12680.0000
798.5230 12326.6667
798.5380 12210.0000
798.5540 11939.3333
798.5690 11941.3333
798.5840 12176.0000
798.6000 12055.3333
798.6150 12103.3333
798.6310 12106.6667
798.6460 12377.3333
798.6620 12369.3333
798.6770 12577.3333
798.6930 12749.3333
798.7080 12774.6667
798.7240 12734.0000
798.7390 12625.3333
798.7540 12392.0000
798.7700 12119.3333
798.7850 12080.6667
798.8010 11737.3333
798.8160 11636.6667
798.8320 11368.6667
798.8470 11510.6667
798.8620 11537.3333
798.8780 11579.3333
798.8930 11552.6667
798.9090 11690.6667
798.9240 11744.0000
798.9400 11952.6667
798.9550 11922.0000
798.9700 12103.3333
798.9860 12173.3333
799.0010 12036.0000
799.0170 11968.6667
799.0320 11710.6667
799.0480 11413.3333
799.0630 11337.3333
799.0780 11168.6667
799.0940 11101.3333
799.1090 10964.6667
799.1250 10962.6667
799.1400 10961.3333
799.1560 11116.6667
799.1710 11137.3333
799.1860 11179.3333
799.2020 11449.3333
799.2170 11558.0000
799.2330 11648.6667
799.2480 11563.3333
799.2630 11490.0000
799.2790 11362.6667
799.2940 11123.3333
799.3100 11021.3333
799.3250 10826.6667
799.3410 10593.3333
799.3560 10584.6667
799.3710 10550.6667
799.3870 10556.0000
799.4020 10530.0000
799.4180 10532.6667
799.4330 10615.3333
799.4480 10726.6667
799.4640 10740.0000
799.4790 10912.6667
799.4950 11071.3333
799.5100 11068.0000
799.5250 11072.6667
799.5410 10925.3333
799.5560 10710.0000
799.5710 10531.3333
799.5870 10278.0000
799.6020 10000.6667
799.6180 9961.3333
799.6330 9898.0000
799.6480 9976.0000
799.6640 9986.6667
799.6790 10054.6667
799.6950 10096.0000
799.7100 10098.0000
799.7250 10323.3333
799.7410 10354.0000
799.7560 10392.6667
799.7710 10461.3333
799.7870 10640.6667
799.8020 10481.3333
799.8180 10216.6667
799.8330 10025.3333
799.8480 9880.6667
799.8640 9697.3333
799.8790 9662.6667
799.8940 9604.6667
799.9100 9484.6667
799.9250 9701.3333
799.9410 9623.3333
799.9560 9452.0000
799.9710 9536.6667
799.9870 9691.3333
800.0020 9854.6667
800.0170 9678.0000
800.0330 9768.6667
800.0480 9877.3333
800.0630 9736.6667
800.0790 9636.6667
800.0940 9594.0000
800.1100 9469.3333
800.1250 9374.6667
800.1400 9286.6667
800.1560 9154.0000
800.1710 9101.3333
800.1860 9161.3333
800.2020 9186.0000
800.2170 9150.6667
800.2320 9173.3333
800.2480 9200.6667
800.2630 9209.3333
800.2780 9303.3333
800.2940 9210.0000
800.3090 9380.6667
800.3240 9347.3333
800.3400 9324.6667
800.3550 9173.3333
800.3700 9088.0000
800.3860 8902.6667
800.4010 8828.6667
800.4170 8765.3333
800.4320 8704.0000
800.4470 8569.3333
800.4630 8745.3333
800.4780 8572.6667
800.4930 8623.3333
800.5090 8697.3333
800.5240 8692.6667
800.5390 8811.3333
800.5550 8903.3333
800.5700 8849.3333
800.5850 9039.3333
800.6000 8882.6667
800.6160 8879.3333
800.6310 8742.0000
800.6460 8733.3333
800.6620 8510.6667
800.6770 8308.6667
800.6920 8279.3333
800.7080 8198.6667
800.7230 8284.0000
800.7380 8055.3333
800.7540 8096.0000
800.7690 8213.3333
800.7840 8247.3333
800.8000 8312.0000
800.8150 8397.3333
800.8300 8492.0000
800.8460 8549.3333
800.8610 8531.3333
800.8760 8480.6667
800.8910 8468.6667
800.9070 8368.0000
800.9220 8157.3333
800.9370 7926.0000
800.9530 7946.6667
800.9680 7779.3333
800.9830 7722.6667
800.9990 7817.3333
801.0140 7893.3333
801.0290 7860.0000
801.0450 7746.0000
801.0600 7982.0000
801.0750 8067.3333
801.0900 8145.3333
801.1060 8083.3333
801.1210 8159.3333
801.1360 8157.3333
801.1520 7810.0000
801.1670 7838.6667
801.1820 7738.6667
801.1970 7566.0000
801.2130 7508.6667
801.2280 7392.0000
801.2430 7372.0000
801.2590 7429.3333
801.2740 7498.6667
801.2890 7536.0000
801.3040 7548.6667
801.3200 7570.6667
801.3350 7520.6667
801.3500 7738.6667
801.3660 7707.3333
801.3810 7599.3333
801.3960 7627.3333
801.4110 7602.6667
801.4270 7380.6667
801.4420 7265.3333
801.4570 7287.3333
801.4720 7222.0000
801.4880 7098.6667
801.5030 7119.3333
801.5180 7127.3333
801.5340 7185.3333
801.5490 7141.3333
801.5640 7154.6667
801.5790 7215.3333
801.5950 7226.6667
801.6100 7155.3333
801.6250 7267.3333
801.6400 7218.6667
801.6560 7286.6667
801.6710 7329.3333
801.6860 7230.0000
801.7010 7118.0000
801.7170 7056.0000
801.7320 6959.3333
801.7470 6821.3333
801.7620 6767.3333
801.7780 6813.3333
801.7930 6726.0000
801.8080 6777.3333
801.8230 6722.6667
801.8390 6790.0000
801.8540 6740.6667
801.8690 6692.6667
801.8840 6752.6667
801.9000 6860.0000
801.9150 6902.6667
801.9300 6930.6667
801.9450 6894.6667
801.9610 6866.6667
801.9760 6704.0000
801.9910 6782.6667
802.0060 6710.6667
802.0220 6514.6667
802.0370 6459.3333
802.0520 6420.0000
802.0670 6450.0000
802.0820 6414.6667
802.0980 6458.6667
802.1130 6361.3333
802.1280 6453.3333
802.1430 6466.6667
802.1590 6426.6667
802.1740 6552.6667
802.1890 6599.3333
802.2040 6575.3333
802.2200 6571.3333
802.2350 6540.6667
802.2500 6489.3333
802.2650 6272.6667
802.2800 6265.3333
802.2960 6222.0000
802.3110 5998.0000
802.3260 6020.0000
802.3410 6128.0000
802.3560 6120.6667
802.3720 6140.0000
802.3870 6113.3333
802.4020 6159.3333
802.4170 6212.6667
802.4330 6222.0000
802.4480 6399.3333
802.4630 6351.3333
802.4780 6318.6667
802.4930 6280.0000
802.5090 6137.3333
802.5240 6042.6667
802.5390 5950.6667
802.5540 5872.6667
802.5690 5814.0000
802.5850 5723.3333
802.6000 5685.3333
802.6150 5692.6667
802.6300 5773.3333
802.6450 5867.3333
802.6610 5840.6667
802.6760 6014.6667
802.6910 5912.6667
802.7060 6073.3333
802.7210 5988.6667
802.7360 6100.0000
802.7520 6056.6667
802.7670 5853.3333
802.7820 5866.6667
802.7970 5719.3333
802.8120 5502.0000
802.8280 5537.3333
802.8430 5424.0000
802.8580 5414.0000
802.8730 5466.0000
802.8880 5430.0000
802.9030 5486.0000
802.9190 5510.6667
802.9340 5612.6667
802.9490 5578.6667
802.9640 5589.3333
802.9790 5646.0000
802.9950 5726.0000
803.0100 5750.0000
803.0250 5635.3333
803.0400 5540.0000
803.0550 5474.6667
803.0700 5440.6667
803.0860 5344.6667
803.1010 5254.6667
803.1160 5216.0000
803.1310 5196.0000
803.1460 5236.6667
803.1610 5223.3333
803.1770 5166.6667
803.1920 5231.3333
803.2070 5246.0000
803.2220 5302.0000
803.2370 5306.0000
803.2520 5317.3333
803.2670 5394.6667
803.2830 5441.3333
803.2980 5368.0000
803.3130 5246.6667
803.3280 5161.3333
803.3430 5159.3333
803.3580 4986.6667
803.3740 4990.0000
803.3890 5034.0000
803.4040 4992.6667
803.4190 4956.6667
803.4340 5004.6667
803.4490 5034.6667
803.4640 5001.3333
803.4800 5037.3333
803.4950 5058.0000
803.5100 5051.3333
803.5250 5114.0000
803.5400 5112.6667
803.5550 5104.0000
803.5700 5130.6667
803.5850 5092.6667
803.6010 4952.0000
803.6160 4806.0000
803.6310 4868.0000
803.6460 4779.3333
803.6610 4813.3333
803.6760 4671.3333
803.6910 4672.6667
803.7060 4696.6667
803.7220 4802.6667
803.7370 4701.3333
803.7520 4832.6667
803.7670 4809.3333
803.7820 4922.0000
803.7970 4902.6667
803.8120 4960.0000
803.8270 4932.6667
803.8430 4870.0000
803.8580 4790.0000
803.8730 4670.6667
803.8880 4566.6667
803.9030 4548.6667
803.9180 4514.0000
803.9330 4572.6667
803.9480 4508.6667
803.9630 4524.0000
803.9790 4543.3333
803.9940 4530.0000
804.0090 4582.0000
804.0240 4627.3333
804.0390 4676.6667
804.0540 4658.6667
804.0690 4656.0000
804.0840 4737.3333
804.0990 4728.0000
804.1150 4632.0000
804.1300 4651.3333
804.1450 4481.3333
804.1600 4426.0000
804.1750 4325.3333
804.1900 4290.6667
804.2050 4244.0000
804.2200 4262.6667
804.2350 4380.6667
804.2500 4392.6667
804.2650 4392.6667
804.2810 4406.6667
804.2960 4420.0000
804.3110 4436.6667
804.3260 4420.6667
804.3410 4438.0000
804.3560 4438.6667
804.3710 4448.6667
804.3860 4414.0000
804.4010 4248.6667
804.4160 4248.6667
804.4310 4142.0000
804.4460 4073.3333
804.4610 4131.3333
804.4770 4103.3333
804.4920 4136.0000
804.5070 4102.6667
804.5220 4134.0000
804.5370 4185.3333
804.5520 4232.6667
804.5670 4150.6667
804.5820 4235.3333
804.5970 4176.0000
804.6120 4275.3333
804.6270 4198.6667
804.6420 4304.6667
804.6570 4108.6667
804.6720 4108.0000
804.6880 4026.6667
804.7030 3975.3333
804.7180 3963.3333
804.7330 3972.6667
804.7480 3929.3333
804.7630 3947.3333
804.7780 3930.6667
804.7930 3914.6667
804.8080 3960.0000
804.8230 4007.3333
804.8380 3972.0000
804.8530 4024.0000
804.8680 4050.6667
804.8830 4027.3333
804.8980 4065.3333
804.9130 4058.6667
804.9280 4003.3333
804.9430 3917.3333
804.9580 3845.3333
804.9730 3849.3333
804.9890 3770.0000
805.0040 3819.3333
805.0190 3726.0000
805.0340 3732.6667
805.0490 3742.0000
805.0640 3819.3333
805.0790 3757.3333
805.0940 3778.0000
805.1090 3830.0000
805.1240 3860.6667
805.1390 3798.6667
805.1540 3918.0000
805.1690 3834.6667
805.1840 3836.0000
805.1990 3858.6667
805.2140 3798.0000
805.2290 3794.6667
805.2440 3696.0000
805.2590 3652.6667
805.2740 3598.0000
805.2890 3615.3333
805.3040 3631.3333
805.3190 3615.3333
805.3340 3546.0000
805.3490 3681.3333
805.3640 3704.6667
805.3790 3690.0000
805.3940 3724.0000
805.4090 3736.0000
805.4240 3745.3333
805.4390 3747.3333
805.4540 3789.3333
805.4690 3704.6667
805.4840 3612.6667
805.4990 3540.0000
805.5140 3486.0000
805.5290 3465.3333
805.5440 3466.6667
805.5590 3458.6667
805.5740 3437.3333
805.5890 3529.3333
805.6040 3528.0000
805.6190 3521.3333
805.6340 3536.0000
805.6490 3598.6667
805.6640 3589.3333
805.6790 3636.6667
805.6940 3618.0000
805.7090 3626.0000
805.7240 3644.6667
805.7390 3537.3333
805.7540 3514.6667
805.7690 3362.0000
805.7840 3405.3333
805.7990 3267.3333
805.8140 3375.3333
805.8290 3328.6667
805.8440 3348.6667
805.8590 3387.3333
805.8740 3427.3333
805.8890 3403.3333
805.9040 3462.0000
805.9190 3451.3333
805.9340 3461.3333
805.9490 3467.3333
805.9640 3514.6667
805.9790 3459.3333
805.9940 3477.3333
806.0090 3431.3333
806.0240 3368.6667
806.0390 3318.0000
806.0540 3380.0000
806.0690 3262.0000
806.0840 3244.6667
806.0990 3385.3333
806.1140 3302.0000
806.1290 3344.6667
806.1440 3304.0000
806.1590 3302.6667
806.1740 3321.3333
806.1880 3301.3333
806.2030 3312.6667
806.2180 3285.3333
806.2330 3340.0000
806.2480 3321.3333
806.2630 3414.6667
806.2780 3333.3333
806.2930 3312.0000
806.3080 3273.3333
806.3230 3208.6667
806.3380 3240.0000
806.3530 3248.0000
806.3680 3138.6667
806.3830 3183.3333
806.3980 3156.6667
806.4130 3190.0000
806.4280 3166.0000
806.4430 3122.0000
806.4580 3157.3333
806.4730 3165.3333
806.4870 3154.0000
806.5020 3198.0000
806.5170 3164.0000
806.5320 3181.3333
806.5470 3248.6667
806.5620 3116.6667
806.5770 3101.3333
806.5920 3062.0000
806.6070 3016.6667
806.6220 3032.0000
806.6370 3042.6667
806.6520 2968.0000
806.6670 2973.3333
806.6820 2990.6667
806.6970 2998.0000
806.7110 2980.6667
806.7260 2996.6667
806.7410 2967.3333
806.7560 3046.6667
806.7710 3056.6667
806.7860 3090.6667
806.8010 3109.3333
806.8160 3022.6667
806.8310 3002.6667
806.8460 2976.6667
806.8610 2926.0000
806.8760 2912.0000
806.8900 2826.0000
806.9050 2838.6667
806.9200 2828.0000
806.9350 2853.3333
806.9500 2862.6667
806.9650 2880.0000
806.9800 2896.6667
806.9950 2847.3333
807.0100 2944.6667
807.0250 2896.6667
807.0400 2902.6667
807.0540 2900.6667
807.0690 2914.0000
807.0840 2990.6667
807.0990 2910.6667
807.1140 2886.0000
807.1290 2789.3333
807.1440 2787.3333
807.1590 2744.6667
807.1740 2737.3333
807.1890 2775.3333
807.2030 2718.6667
807.2180 2766.0000
807.2330 2785.3333
807.2480 2762.6667
807.2630 2750.6667
807.2780 2781.3333
807.2930 2791.3333
807.3080 2766.6667
807.3230 2793.3333
807.3370 2824.6667
807.3520 2791.3333
807.3670 2751.3333
807.3820 2769.3333
807.3970 2710.6667
807.4120 2683.3333
807.4270 2664.6667
807.4420 2606.0000
807.4560 2642.0000
807.4710 2647.3333
807.4860 2638.0000
807.5010 2650.0000
807.5160 2662.0000
807.5310 2658.0000
807.5460 2684.6667
807.5610 2666.0000
807.5750 2664.0000
807.5900 2689.3333
807.6050 2622.0000
807.6200 2662.6667
807.6350 2673.3333
807.6500 2614.6667
807.6650 2603.3333
807.6790 2562.0000
807.6940 2579.3333
807.7090 2574.0000
807.7240 2494.0000
807.7390 2528.6667
807.7540 2521.3333
807.7690 2564.0000
807.7830 2505.3333
807.7980 2508.0000
807.8130 2544.0000
807.8280 2585.3333
807.8430 2508.0000
807.8580 2546.6667
807.8720 2598.6667
807.8870 2564.6667
807.9020 2570.0000
807.9170 2568.6667
807.9320 2572.6667
807.9470 2534.0000
807.9620 2524.0000
807.9760 2513.3333
807.9910 2441.3333
808.0060 2449.3333
808.0210 2396.6667
808.0360 2414.6667
808.0510 2408.6667
808.0650 2464.6667
808.0800 2450.0000
808.0950 2456.0000
808.1100 2463.3333
808.1250 2492.6667
808.1400 2483.3333
808.1540 2487.3333
808.1690 2534.0000
808.1840 2552.0000
808.1990 2475.3333
808.2140 2464.6667
808.2280 2434.6667
808.2430 2335.3333
808.2580 2430.0000
808.2730 2374.0000
808.2880 2336.0000
808.3030 2342.6667
808.3170 2396.6667
808.3320 2352.6667
808.3470 2412.0000
808.3620 2376.0000
808.3770 2368.0000
808.3910 2396.6667
808.4060 2383.3333
808.4210 2412.6667
808.4360 2406.6667
808.4510 2386.0000
808.4650 2375.3333
808.4800 2366.0000
808.4950 2369.3333
808.5100 2331.3333
808.5250 2271.3333
808.5400 2248.0000
808.5540 2326.6667
808.5690 2298.6667
808.5840 2270.0000
808.5990 2373.3333
808.6130 2282.6667
808.6280 2305.3333
808.6430 2340.6667
808.6580 2352.6667
808.6730 2388.6667
808.6870 2364.6667
808.7020 2351.3333
808.7170 2339.3333
808.7320 2336.0000
808.7470 2310.6667
808.7610 2258.0000
808.7760 2264.6667
808.7910 2242.0000
808.8060 2220.0000
808.8210 2238.0000
808.8350 2271.3333
808.8500 2246.0000
808.8650 2246.6667
808.8800 2235.3333
808.8940 2244.6667
808.9090 2248.0000
808.9240 2243.3333
808.9390 2262.0000
808.9530 2241.3333
808.9680 2300.6667
808.9830 2312.0000
808.9980 2238.6667
809.0130 2264.0000
809.0270 2250.6667
809.0420 2236.6667
809.0570 2198.0000
809.0720 2164.6667
809.0860 2208.6667
809.1010 2165.3333
809.1160 2134.6667
809.1310 2134.6667
809.1450 2197.3333
809.1600 2189.3333
809.1750 2163.3333
809.1900 2100.6667
809.2040 2159.3333
809.2190 2180.0000
809.2340 2194.0000
809.2490 2210.6667
809.2630 2278.6667
809.2780 2193.3333
809.2930 2236.6667
809.3080 2128.6667
809.3220 2129.3333
809.3370 2134.6667
809.3520 2121.3333
809.3670 2108.0000
809.3810 2145.3333
809.3960 2078.0000
809.4110 2148.6667
809.4260 2164.0000
809.4400 2111.3333
809.4550 2081.3333
809.4700 2109.3333
809.4850 2117.3333
809.4990 2218.0000
809.5140 2182.6667
809.5290 2221.3333
809.5440 2152.6667
809.5580 2134.6667
809.5730 2140.6667
809.5880 2108.6667
809.6020 2119.3333
809.6180 2088.6667
809.6330 2118.0000
809.6480 2103.3333
809.6640 2065.3333
809.6790 2058.0000
809.6940 2038.0000
809.7100 2032.0000
809.7250 2099.3333
809.7400 2106.0000
809.7560 2083.3333
809.7710 2074.6667
809.7860 2124.6667
809.8020 2134.6667
809.8170 2154.6667
809.8320 2138.6667
809.8470 2112.0000
809.8630 2120.0000
809.8780 2005.3333
809.8930 1988.0000
809.9090 2018.6667
809.9240 1940.6667
809.9390 1976.6667
809.9550 2013.3333
809.9700 1961.3333
809.9850 1994.6667
810.0000 1977.3333
810.0160 2027.3333
810.0310 2023.3333
810.0460 2027.3333
810.0620 2045.3333
810.0770 2036.6667
810.0920 2082.6667
810.1080 2022.6667
810.1230 2076.0000
810.1380 2074.6667
810.1530 1964.0000
810.1690 1984.6667
810.1840 1969.3333
810.1990 1944.6667
810.2150 1944.6667
810.2300 1934.6667
810.2450 1924.6667
810.2600 1958.6667
810.2760 1940.6667
810.2910 1981.3333
810.3060 1951.3333
810.3210 1916.0000
810.3370 1967.3333
810.3520 1942.0000
810.3670 1905.3333
810.3830 1964.0000
810.3980 1926.6667
810.4130 1934.6667
810.4280 1912.0000
810.4440 1900.6667
810.4590 1893.3333
810.4740 1896.6667
810.4890 1895.3333
810.5050 1885.3333
810.5200 1876.0000
810.5350 1886.6667
810.5500 1904.6667
810.5660 1898.6667
810.5810 1915.3333
810.5960 1894.0000
810.6120 1823.3333
810.6270 1867.3333
810.6420 1880.6667
810.6570 1899.3333
810.6730 1870.6667
810.6880 1924.6667
810.7030 1895.3333
810.7180 1882.0000
810.7340 1828.0000
810.7490 1802.6667
810.7640 1810.6667
810.7790 1816.0000
810.7950 1842.0000
810.8100 1819.3333
810.8250 1816.6667
810.8400 1750.0000
810.8560 1840.6667
810.8710 1818.0000
810.8860 1813.3333
810.9010 1851.3333
810.9160 1858.0000
810.9320 1862.0000
810.9470 1842.0000
810.9620 1862.0000
810.9770 1825.3333
810.9930 1806.6667
811.0080 1762.6667
811.0230 1785.3333
811.0380 1770.6667
811.0540 1744.0000
811.0690 1696.0000
811.0840 1704.0000
811.0990 1736.6667
811.1140 1787.3333
811.1300 1734.0000
811.1450 1771.3333
811.1600 1756.6667
811.1750 1772.6667
811.1910 1785.3333
811.2060 1804.6667
811.2210 1799.3333
811.2360 1753.3333
811.2510 1776.6667
811.2670 1774.6667
811.2820 1742.0000
811.2970 1730.0000
811.3120 1701.3333
811.3280 1670.6667
811.3430 1689.3333
811.3580 1700.0000
811.3730 1711.3333
811.3880 1739.3333
811.4040 1722.0000
811.4190 1714.6667
811.4340 1735.3333
811.4490 1686.6667
811.4640 1784.6667
811.4800 1732.6667
811.4950 1724.6667
811.5100 1684.0000
811.5250 1691.3333
811.5400 1661.3333
811.5560 1682.0000
811.5710 1655.3333
811.5860 1656.0000
811.6010 1634.0000
811.6160 1596.6667
811.6320 1666.0000
811.6470 1682.6667
811.6620 1644.6667
811.6770 1655.3333
811.6920 1682.6667
811.7080 1645.3333
811.7230 1693.3333
811.7380 1710.0000
811.7530 1671.3333
811.7680 1650.6667
811.7830 1662.6667
811.7990 1604.6667
811.8140 1668.6667
811.8290 1649.3333
811.8440 1612.6667
811.8590 1597.3333
811.8750 1600.0000
811.8900 1584.0000
811.9050 1634.0000
811.9200 1683.3333
811.9350 1643.3333
811.9500 1628.0000
811.9660 1628.0000
811.9810 1609.3333
811.9960 1620.0000
812.0110 1580.6667
812.0260 1639.3333
812.0410 1621.3333
812.0570 1645.3333
812.0720 1612.0000
812.0870 1620.6667
812.1020 1599.3333
812.1170 1595.3333
812.1320 1598.0000
812.1480 1580.0000
812.1630 1558.0000
812.1780 1618.0000
812.1930 1574.0000
812.2080 1567.3333
812.2230 1561.3333
812.2390 1545.3333
812.2540 1506.6667
812.2690 1612.0000
812.2840 1560.0000
812.2990 1564.0000
812.3140 1609.3333
812.3290 1588.0000
812.3450 1628.0000
812.3600 1588.6667
812.3750 1571.3333
812.3900 1537.3333
812.4050 1575.3333
812.4200 1528.6667
812.4350 1526.6667
812.4510 1518.0000
812.4660 1557.3333
812.4810 1534.6667
812.4960 1502.6667
812.5110 1502.6667
812.5260 1559.3333
812.5410 1527.3333
812.5570 1528.0000
812.5720 1554.0000
812.5870 1544.0000
812.6020 1528.0000
812.6170 1592.6667
812.6320 1558.6667
812.6470 1512.6667
812.6620 1542.6667
812.6780 1520.6667
812.6930 1497.3333
812.7080 1526.6667
812.7230 1503.3333
812.7380 1513.3333
812.7530 1475.3333
812.7680 1493.3333
812.7830 1534.6667
812.7990 1522.0000
812.8140 1509.3333
812.8290 1552.0000
812.8440 1580.0000
812.8590 1549.3333
812.8740 1581.3333
812.8890 1576.6667
812.9040 1548.6667
812.9190 1590.6667
812.9350 1575.3333
812.9500 1576.0000
812.9650 1560.6667
812.9800 1557.3333
812.9950 1575.3333
813.0100 1592.0000
813.0250 1660.0000
813.0400 1634.6667
813.0550 1716.0000
813.0710 1764.0000
813.0860 1770.0000
813.1010 1774.0000
813.1160 1816.0000
813.1310 1754.0000
813.1460 1764.6667
813.1610 1800.6667
813.1760 1731.3333
813.1910 1706.6667
813.2060 1679.3333
813.2220 1646.6667
813.2370 1610.6667
813.2520 1628.6667
813.2670 1600.0000
813.2820 1588.0000
813.2970 1542.6667
813.3120 1598.0000
813.3270 1570.6667
813.3420 1550.6667
813.3570 1515.3333
813.3720 1522.0000
813.3870 1522.6667
813.4030 1472.0000
813.4180 1506.6667
813.4330 1493.3333
813.4480 1499.3333
813.4630 1518.0000
813.4780 1492.6667
813.4930 1511.3333
813.5080 1448.0000
813.5230 1444.6667
813.5380 1458.0000
813.5530 1409.3333
813.5680 1473.3333
813.5830 1440.0000
813.5980 1434.6667
813.6140 1443.3333
813.6290 1413.3333
813.6440 1428.0000
813.6590 1440.6667
813.6740 1392.0000
813.6890 1404.6667
813.7040 1435.3333
813.7190 1438.0000
813.7340 1428.0000
813.7490 1426.0000
813.7640 1423.3333
813.7790 1434.0000
813.7940 1434.6667
813.8090 1401.3333
813.8240 1414.6667
813.8390 1381.3333
813.8540 1411.3333
813.8700 1386.6667
813.8850 1422.0000
813.9000 1432.0000
813.9150 1380.0000
813.9300 1430.6667
813.9450 1476.6667
813.9600 1416.6667
813.9750 1486.6667
813.9900 1481.3333
814.0050 1477.3333
814.0200 1524.0000
814.0350 1482.0000
814.0500 1536.6667
814.0650 1506.6667
814.0800 1508.6667
814.0950 1452.6667
814.1100 1538.6667
814.1250 1493.3333
814.1400 1556.6667
814.1550 1582.0000
814.1700 1588.0000
814.1850 1648.6667
814.2000 1679.3333
814.2150 1676.6667
814.2300 1722.6667
814.2450 1775.3333
814.2600 1839.3333
814.2750 1937.3333
814.2910 1988.6667
814.3060 2053.3333
814.3210 2118.6667
814.3360 2186.0000
814.3510 2234.0000
814.3660 2338.0000
814.3810 2445.3333
814.3960 2549.3333
814.4110 2647.3333
814.4260 2761.3333
814.4410 2864.0000
814.4560 2928.0000
814.4710 3022.0000
814.4860 2962.0000
814.5010 2994.0000
814.5160 3011.3333
814.5310 2956.6667
814.5460 2911.3333
814.5610 2855.3333
814.5760 2772.0000
814.5910 2690.0000
814.6060 2552.6667
814.6210 2500.0000
814.6360 2397.3333
814.6510 2288.0000
814.6660 2185.3333
814.6810 2094.6667
814.6960 2082.6667
814.7110 1984.6667
814.7260 1910.6667
814.7410 1865.3333
814.7560 1848.0000
814.7710 1775.3333
814.7860 1748.0000
814.8010 1722.6667
814.8160 1627.3333
814.8310 1640.6667
814.8460 1657.3333
814.8610 1637.3333
814.8760 1607.3333
814.8910 1556.6667
814.9060 1524.0000
814.9210 1496.0000
814.9360 1495.3333
814.9510 1461.3333
814.9660 1470.6667
814.9800 1424.6667
814.9950 1446.0000
815.0100 1472.6667
815.0250 1398.6667
815.0400 1418.6667
815.0550 1432.6667
815.0700 1412.6667
815.0850 1442.6667
815.1000 1360.6667
815.1150 1350.6667
815.1300 1374.0000
815.1450 1355.3333
815.1600 1370.6667
815.1750 1333.3333
815.1900 1330.6667
815.2050 1288.0000
815.2200 1268.0000
815.2350 1272.6667
815.2500 1219.3333
815.2650 1204.6667
815.2800 1266.0000
815.2950 1252.6667
815.3100 1265.3333
815.3250 1210.6667
815.3400 1228.6667
815.3550 1230.6667
815.3700 1233.3333
815.3840 1200.6667
815.3990 1215.3333
815.4140 1217.3333
815.4290 1221.3333
815.4440 1194.6667
815.4590 1200.6667
815.4740 1166.6667
815.4890 1147.3333
815.5040 1098.6667
815.5190 1135.3333
815.5340 1133.3333
815.5490 1098.6667
815.5640 1108.6667
815.5790 1114.6667
815.5940 1090.6667
815.6090 1103.3333
815.6240 1107.3333
815.6380 1134.0000
815.6530 1103.3333
815.6680 1116.0000
815.6830 1078.0000
815.6980 1107.3333
815.7130 1126.6667
815.7280 1092.0000
815.7430 1078.6667
815.7580 1074.6667
815.7730 1038.6667
815.7880 1068.6667
815.8030 1043.3333
815.8180 1034.0000
815.8330 1028.0000
815.8470 1019.3333
815.8620 1043.3333
815.8770 1040.0000
815.8920 1062.6667
815.9070 1035.3333
815.9220 1042.0000
815.9370 1056.6667
815.9520 1031.3333
815.9670 1029.3333
815.9820 1047.3333
815.9970 1012.6667
816.0120 1000.0000
816.0260 1012.0000
816.0410 998.0000
816.0560 982.0000
816.0710 979.3333
816.0860 989.3333
816.1010 954.0000
816.1160 1025.3333
816.1310 980.0000
816.1460 1038.0000
816.1610 1000.0000
816.1750 967.3333
816.1900 1000.6667
816.2050 972.0000
816.2200 985.3333
816.2350 950.6667
816.2500 958.0000
816.2650 980.0000
816.2800 984.0000
816.2950 937.3333
816.3090 974.6667
816.3240 933.3333
816.3390 939.3333
816.3540 901.3333
816.3690 914.6667
816.3840 926.0000
816.3990 916.0000
816.4140 936.0000
816.4290 929.3333
816.4430 921.3333
816.4580 946.6667
816.4730 938.6667
816.4880 957.3333
816.5030 916.6667
816.5180 953.3333
816.5330 972.0000
816.5480 948.6667
816.5620 936.6667
816.5770 939.3333
816.5920 922.0000
816.6070 933.3333
816.6220 896.6667
816.6370 904.0000
816.6520 896.6667
816.6670 934.0000
816.6810 931.3333
816.6960 884.0000
816.7110 909.3333
816.7260 928.0000
816.7410 926.6667
816.7560 894.6667
816.7710 931.3333
816.7850 903.3333
816.8000 891.3333
816.8150 914.6667
816.8300 923.3333
816.8450 914.6667
816.8600 907.3333
816.8750 896.6667
816.8890 884.0000
816.9040 900.6667
816.9190 900.6667
816.9340 850.6667
816.9490 851.3333
816.9640 873.3333
816.9780 892.0000
816.9930 904.0000
817.0080 877.3333
817.0230 868.6667
817.0380 882.6667
817.0530 874.0000
817.0680 862.6667
817.0820 895.3333
817.0970 867.3333
817.1120 900.0000
817.1270 876.0000
817.1420 864.6667
817.1570 844.0000
817.1710 840.0000
817.1860 846.0000
817.2010 824.6667
817.2160 841.3333
817.2310 814.6667
817.2460 833.3333
817.2600 842.0000
817.2750 865.3333
817.2900 845.3333
817.3050 856.0000
817.3200 840.6667
817.3340 814.6667
817.3490 852.6667
817.3640 856.0000
817.3790 840.6667
817.3940 880.0000
817.4090 862.0000
817.4230 866.6667
817.4380 816.0000
817.4530 836.0000
817.4680 826.0000
817.4830 807.3333
817.4970 823.3333
817.5120 812.6667
817.5270 800.6667
817.5420 796.6667
817.5570 814.0000
817.5710 822.0000
817.5860 786.0000
817.6010 822.0000
817.6160 819.3333
817.6310 800.0000
817.6450 782.0000
817.6600 792.0000
817.6750 814.0000
817.6900 828.6667
817.7050 797.3333
817.7190 820.0000
817.7340 806.0000
817.7490 763.3333
817.7640 780.6667
817.7790 800.6667
817.7930 785.3333
817.8080 778.0000
817.8230 782.6667
817.8380 824.6667
817.8530 804.0000
817.8670 792.0000
817.8820 770.6667
817.8970 792.6667
817.9120 790.6667
817.9260 788.6667
817.9410 802.0000
817.9560 784.0000
817.9710 756.6667
817.9860 789.3333
818.0000 762.0000
818.0150 806.6667
818.0300 776.6667
818.0450 748.0000
818.0590 750.6667
818.0740 746.0000
818.0890 764.6667
818.1040 773.3333
818.1190 759.3333
818.1330 770.6667
818.1480 754.6667
818.1630 775.3333
818.1780 736.0000
818.1920 766.6667
818.2070 762.6667
818.2220 739.3333
818.2370 755.3333
818.2510 726.6667
818.2660 726.6667
818.2810 734.0000
818.2960 754.0000
818.3100 740.6667
818.3250 714.6667
818.3400 726.6667
818.3550 696.0000
818.3690 718.0000
818.3840 712.6667
818.3990 710.0000
818.4140 701.3333
818.4280 736.0000
818.4430 734.0000
818.4580 730.0000
818.4730 760.6667
818.4870 727.3333
818.5020 753.3333
818.5170 734.6667
818.5320 738.6667
818.5460 712.6667
818.5610 736.6667
818.5760 749.3333
818.5910 718.6667
818.6050 695.3333
818.6200 699.3333
818.6350 668.0000
818.6490 718.0000
818.6640 689.3333
818.6790 698.0000
818.6940 715.3333
818.7080 722.0000
818.7230 692.0000
818.7380 740.0000
818.7530 706.0000
818.7670 692.6667
818.7820 705.3333
818.7970 730.0000
818.8110 725.3333
818.8260 700.0000
818.8410 690.6667
818.8560 703.3333
818.8700 700.6667
818.8850 700.6667
818.9000 678.6667
818.9140 708.6667
818.9290 710.0000
818.9440 684.6667
818.9590 724.0000
818.9730 680.6667
818.9880 676.6667
819.0030 690.0000
819.0170 715.3333
819.0320 702.0000
819.0470 714.6667
819.0620 678.6667
819.0760 674.6667
819.0910 684.0000
819.1060 719.3333
819.1200 684.6667
819.1350 686.0000
819.1500 686.6667
819.1640 653.3333
819.1790 680.6667
819.1940 673.3333
819.2090 659.3333
819.2230 672.6667
819.2380 704.6667
819.2530 692.0000
819.2670 657.3333
819.2820 642.6667
819.2970 690.6667
819.3110 680.6667
819.3260 690.6667
819.3410 670.6667
819.3550 686.6667
819.3700 672.6667
819.3850 662.0000
819.3990 687.3333
819.4140 677.3333
819.4290 686.6667
819.4440 670.0000
819.4580 660.0000
819.4730 628.6667
819.4880 633.3333
819.5020 614.0000
819.5170 643.3333
819.5320 648.0000
819.5460 641.3333
819.5610 682.6667
819.5760 654.6667
819.5900 650.0000
819.6050 673.3333
819.6200 669.3333
819.6340 662.0000
819.6490 658.6667
819.6640 690.6667
819.6780 666.0000
819.6930 673.3333
819.7080 658.6667
819.7220 647.3333
819.7370 650.6667
819.7520 620.0000
819.7660 645.3333
819.7810 629.3333
819.7950 622.0000
819.8100 651.3333
819.8250 671.3333
819.8390 619.3333
819.8540 664.6667
819.8690 646.6667
819.8830 661.3333
819.8980 652.6667
819.9130 643.3333
819.9270 632.0000
819.9420 678.0000
819.9570 654.6667
819.9710 648.0000
819.9860 648.0000
820.0010 666.6667
820.0150 630.0000
820.0300 630.0000
820.0440 642.0000
820.0590 632.0000
820.0740 645.3333
820.0880 622.0000
820.1030 650.6667
820.1180 633.3333
820.1320 641.3333
820.1470 642.0000
820.1610 663.3333
820.1760 626.6667
820.1910 674.6667
820.2050 626.0000
820.2200 623.3333
820.2350 631.3333
820.2490 652.0000
820.2640 618.0000
820.2780 600.6667
820.2930 618.6667
820.3080 600.0000
820.3220 602.6667
820.3370 618.0000
820.3520 607.3333
820.3660 629.3333
820.3810 591.3333
820.3950 641.3333
820.4100 620.0000
820.4250 612.0000
820.4390 642.0000
820.4540 598.0000
820.4680 626.0000
820.4830 618.6667
820.4980 638.6667
820.5120 618.6667
820.5270 612.0000
820.5410 621.3333
820.5560 600.6667
820.5710 580.0000
820.5850 595.3333
820.6000 594.6667
820.6140 593.3333
820.6290 582.6667
820.6440 606.6667
820.6580 612.6667
820.6730 580.6667
820.6870 596.6667
820.7020 598.0000
820.7170 608.6667
820.7310 610.0000
820.7460 618.0000
820.7600 605.3333
820.7750 621.3333
820.7900 618.0000
820.8040 607.3333
820.8190 630.0000
820.8330 612.6667
820.8480 599.3333
820.8620 592.6667
820.8770 588.6667
820.8920 595.3333
820.9060 577.3333
820.9210 590.0000
820.9350 550.6667
820.9500 590.0000
820.9640 598.0000
820.9790 560.0000
820.9940 582.6667
821.0080 578.0000
821.0230 603.3333
821.0370 596.0000
821.0520 587.3333
821.0660 602.6667
821.0810 606.0000
821.0960 588.6667
821.1100 581.3333
821.1250 582.6667
821.1390 567.3333
821.1540 600.6667
821.1680 570.0000
821.1830 578.6667
821.1970 520.6667
821.2120 556.0000
821.2270 564.0000
821.2410 579.3333
821.2560 552.0000
821.2700 560.0000
821.2850 553.3333
821.2990 562.0000
821.3140 583.3333
821.3280 553.3333
821.3430 576.6667
821.3570 570.0000
821.3720 562.0000
821.3870 580.0000
821.4010 566.6667
821.4160 567.3333
821.4300 564.0000
821.4450 561.3333
821.4590 556.0000
821.4740 544.6667
821.4880 536.0000
821.5030 550.0000
821.5170 550.6667
821.5320 541.3333
821.5460 531.3333
821.5610 561.3333
821.5760 558.6667
821.5900 562.6667
821.6050 562.6667
821.6190 560.0000
821.6340 564.6667
821.6480 552.6667
821.6630 564.0000
821.6770 571.3333
821.6920 558.0000
821.7060 578.0000
821.7210 551.3333
821.7350 530.6667
821.7500 522.0000
821.7640 533.3333
821.7790 529.3333
821.7930 546.6667
821.8080 546.0000
821.8220 536.6667
821.8370 548.6667
821.8510 556.6667
821.8660 549.3333
821.8800 554.0000
821.8950 540.6667
821.9090 534.6667
821.9240 550.0000
821.9380 557.3333
821.9530 555.3333
821.9670 565.3333
821.9820 558.6667
821.9960 556.6667
822.0110 527.3333
822.0250 543.3333
822.0400 510.6667
822.0540 540.6667
822.0690 546.6667
822.0830 520.6667
822.0980 520.6667
822.1120 532.0000
822.1270 530.6667
822.1410 498.0000
822.1560 516.6667
822.1700 530.6667
822.1850 528.6667
822.1990 508.6667
822.2140 546.0000
822.2280 495.3333
822.2430 514.0000
822.2570 529.3333
822.2720 549.3333
822.2860 531.3333
822.3010 525.3333
822.3150 511.3333
822.3300 493.3333
822.3440 492.0000
822.3590 504.0000
822.3730 512.0000
822.3880 500.0000
822.4020 515.3333
822.4160 510.6667
822.4310 533.3333
822.4450 520.6667
822.4600 497.3333
822.4740 510.6667
822.4890 509.3333
822.5030 494.0000
822.5180 510.6667
822.5320 529.3333
822.5470 506.6667
822.5610 514.0000
822.5760 498.0000
822.5900 505.3333
822.6050 502.6667
822.6190 508.6667
822.6330 516.0000
822.6480 500.0000
822.6620 489.3333
822.6770 492.6667
822.6910 505.3333
822.7060 488.6667
822.7200 494.0000
822.7350 503.3333
822.7490 506.6667
822.7630 541.3333
822.7780 512.6667
822.7920 512.6667
822.8070 489.3333
822.8210 512.0000
822.8360 510.0000
822.8500 492.6667
822.8650 492.6667
822.8790 487.3333
822.8930 498.0000
822.9080 502.0000
822.9220 495.3333
822.9370 498.6667
822.9510 506.0000
822.9660 484.6667
822.9800 498.0000
822.9940 497.3333
823.0090 489.3333
823.0230 494.6667
823.0380 498.6667
823.0520 502.0000
823.0670 476.0000
823.0810 500.0000
823.0950 492.6667
823.1100 499.3333
823.1240 500.6667
823.1390 467.3333
823.1530 512.0000
823.1680 499.3333
823.1820 476.6667
823.1960 506.6667
823.2110 482.0000
823.2250 484.6667
823.2400 496.6667
823.2540 484.6667
823.2680 498.6667
823.2830 490.6667
823.2970 489.3333
823.3120 489.3333
823.3260 522.0000
823.3400 494.0000
823.3550 512.0000
823.3690 487.3333
823.3840 512.6667
823.3980 494.0000
823.4120 483.3333
823.4270 474.0000
823.4410 462.0000
823.4560 476.6667
823.4700 465.3333
823.4840 502.0000
823.4990 478.0000
823.5130 473.3333
823.5280 485.3333
823.5420 499.3333
823.5560 472.6667
823.5710 474.6667
823.5850 494.0000
823.6000 473.3333
823.6140 492.0000
823.6280 482.0000
823.6430 456.6667
823.6570 484.0000
823.6710 490.6667
823.6860 484.6667
823.7000 494.6667
823.7150 477.3333
823.7290 479.3333
823.7430 460.6667
823.7580 478.6667
823.7720 476.6667
823.7860 496.6667
823.8010 476.6667
823.8150 487.3333
823.8300 471.3333
823.8440 442.6667
823.8580 471.3333
823.8730 433.3333
823.8870 504.0000
823.9010 460.0000
823.9160 450.0000
823.9300 464.6667
823.9450 492.6667
823.9590 481.3333
823.9730 497.3333
823.9880 466.0000
824.0020 478.0000
824.0160 471.3333
824.0310 477.3333
824.0450 462.0000
824.0590 446.6667
824.0740 472.0000
824.0880 464.6667
824.1020 468.0000
824.1170 469.3333
824.1310 472.6667
824.1450 452.0000
824.1600 441.3333
824.1740 472.6667
824.1880 462.0000
824.2030 472.0000
824.2170 477.3333
824.2320 470.6667
824.2460 458.6667
824.2600 490.0000
824.2750 477.3333
824.2890 476.0000
824.3030 480.0000
824.3180 472.0000
824.3320 460.6667
824.3460 458.6667
824.3610 450.0000
824.3750 436.0000
824.3890 475.3333
824.4040 455.3333
824.4180 444.0000
824.4320 470.0000
824.4460 474.6667
824.4610 486.0000
824.4750 477.3333
824.4890 471.3333
824.5040 478.0000
824.5180 461.3333
824.5320 462.0000
824.5470 444.0000
824.5610 487.3333
824.5750 479.3333
824.5900 460.6667
824.6040 502.0000
824.6180 453.3333
824.6330 459.3333
824.6470 466.6667
824.6610 434.6667
824.6760 452.6667
824.6900 494.0000
824.7040 466.6667
824.7180 464.0000
824.7330 447.3333
824.7470 457.3333
824.7610 428.6667
824.7760 452.0000
824.7910 452.0000
824.8060 483.3333
824.8210 491.3333
824.8360 443.3333
824.8510 455.3333
824.8660 500.6667
824.8800 460.6667
824.8950 472.0000
824.9100 456.6667
824.9250 468.6667
824.9400 474.0000
824.9550 467.3333
824.9700 474.0000
824.9850 451.3333
825.0000 500.6667
825.0140 470.0000
825.0290 450.6667
825.0440 475.3333
825.0590 454.0000
825.0740 480.0000
825.0890 475.3333
825.1040 452.6667
825.1190 454.6667
825.1340 461.3333
825.1480 451.3333
825.1630 440.0000
825.1780 456.0000
825.1930 453.3333
825.2080 428.6667
825.2230 458.0000
825.2380 466.6667
825.2530 463.3333
825.2670 452.0000
825.2820 448.6667
825.2970 465.3333
825.3120 456.6667
825.3270 452.6667
825.3420 475.3333
825.3570 459.3333
825.3720 463.3333
825.3860 462.0000
825.4010 443.3333
825.4160 450.0000
825.4310 458.6667
825.4460 457.3333
825.4610 438.6667
825.4760 477.3333
825.4900 442.0000
825.5050 462.0000
825.5200 444.6667
825.5350 434.0000
825.5500 456.0000
825.5650 450.6667
825.5800 440.0000
825.5940 455.3333
825.6090 425.3333
825.6240 488.0000
825.6390 464.6667
825.6540 436.6667
825.6690 440.6667
825.6830 441.3333
825.6980 448.0000
825.7130 416.0000
825.7280 466.6667
825.7430 422.6667
825.7580 427.3333
825.7730 432.0000
825.7870 436.0000
825.8020 435.3333
825.8170 433.3333
825.8320 432.6667
825.8470 469.3333
825.8620 452.6667
825.8760 418.6667
825.8910 425.3333
825.9060 463.3333
825.9210 446.0000
825.9360 454.6667
825.9510 426.0000
825.9650 428.0000
825.9800 427.3333
825.9950 453.3333
826.0100 425.3333
826.0250 416.6667
826.0390 439.3333
826.0540 434.6667
826.0690 438.0000
826.0840 426.0000
826.0990 440.6667
826.1140 423.3333
826.1280 449.3333
826.1430 432.0000
826.1580 460.6667
826.1730 441.3333
826.1880 423.3333
826.2020 435.3333
826.2170 446.0000
826.2320 424.6667
826.2470 458.0000
826.2620 427.3333
826.2760 461.3333
826.2910 440.0000
826.3060 431.3333
826.3210 404.0000
826.3360 419.3333
826.3510 416.0000
826.3650 419.3333
826.3800 446.6667
826.3950 429.3333
826.4100 416.6667
826.4250 408.6667
826.4390 404.0000
826.4540 438.0000
826.4690 413.3333
826.4840 407.3333
826.4980 454.6667
826.5130 432.0000
826.5280 433.3333
826.5430 396.0000
826.5580 404.0000
826.5720 416.6667
826.5870 422.0000
826.6020 405.3333
826.6170 431.3333
826.6320 412.6667
826.6460 430.6667
826.6610 422.0000
826.6760 426.0000
826.6910 412.6667
826.7050 397.3333
826.7200 412.0000
826.7350 387.3333
826.7500 414.6667
826.7650 414.6667
826.7790 420.0000
826.7940 434.0000
826.8090 436.6667
826.8240 418.0000
826.8380 424.0000
826.8530 412.0000
826.8680 422.0000
826.8830 412.6667
826.8970 400.0000
826.9120 420.6667
826.9270 397.3333
826.9420 401.3333
826.9570 399.3333
826.9710 401.3333
826.9860 404.6667
827.0010 426.0000
827.0160 404.0000
827.0300 449.3333
827.0450 398.0000
827.0600 408.6667
827.0750 400.0000
827.0890 406.6667
827.1040 405.3333
827.1190 414.0000
827.1340 414.6667
827.1480 415.3333
827.1630 407.3333
827.1780 396.6667
827.1930 404.0000
827.2070 378.6667
827.2220 408.6667
827.2370 398.6667
827.2520 413.3333
827.2660 410.6667
827.2810 424.0000
827.2960 400.0000
827.3110 404.6667
827.3250 374.6667
827.3400 404.6667
827.3550 397.3333
827.3690 406.0000
827.3840 390.6667
827.3990 396.6667
827.4140 398.6667
827.4280 399.3333
827.4430 397.3333
827.4580 402.6667
827.4730 408.0000
827.4870 395.3333
827.5020 405.3333
827.5170 395.3333
827.5310 370.0000
827.5460 395.3333
827.5610 398.6667
827.5760 404.6667
827.5900 400.0000
827.6050 387.3333
827.6200 410.6667
827.6340 386.0000
827.6490 374.6667
827.6640 394.6667
827.6790 381.3333
827.6930 387.3333
827.7080 415.3333
827.7230 402.0000
827.7370 407.3333
827.7520 377.3333
827.7670 408.0000
827.7820 406.6667
827.7960 396.6667
827.8110 388.0000
827.8260 416.6667
827.8400 430.0000
827.8550 408.0000
827.8700 406.0000
827.8850 400.0000
827.8990 402.0000
827.9140 378.0000
827.9290 388.6667
827.9430 412.0000
827.9580 379.3333
827.9730 430.0000
827.9870 388.6667
828.0020 410.0000
828.0170 400.0000
828.0310 401.3333
828.0460 417.3333
828.0610 399.3333
828.0760 410.6667
828.0900 394.0000
828.1050 376.6667
828.1200 394.0000
828.1340 390.0000
828.1490 388.6667
828.1640 382.0000
828.1780 411.3333
828.1930 383.3333
828.2080 380.6667
828.2220 407.3333
828.2370 414.6667
828.2520 407.3333
828.2660 413.3333
828.2810 398.6667
828.2960 381.3333
828.3100 376.0000
828.3250 370.0000
828.3400 395.3333
828.3540 384.0000
828.3690 391.3333
828.3840 372.0000
828.3980 399.3333
828.4130 367.3333
828.4280 415.3333
828.4420 376.6667
828.4570 402.6667
828.4720 380.6667
828.4860 378.0000
828.5010 408.0000
828.5160 382.6667
828.5300 416.6667
828.5450 408.6667
828.5600 403.3333
828.5740 388.6667
828.5890 385.3333
828.6040 378.6667
828.6180 368.6667
828.6330 404.6667
828.6480 390.0000
828.6620 381.3333
828.6770 388.6667
828.6910 355.3333
828.7060 371.3333
828.7210 382.0000
828.7350 385.3333
828.7500 364.6667
828.7650 380.6667
828.7790 379.3333
828.7940 354.6667
828.8090 384.6667
828.8230 356.6667
828.8380 379.3333
828.8530 376.6667
828.8670 373.3333
828.8820 382.6667
828.8960 370.0000
828.9110 380.0000
828.9260 392.0000
828.9400 396.6667
828.9550 382.6667
828.9700 370.0000
828.9840 386.0000
828.9990 370.0000
829.0130 392.0000
829.0280 356.6667
829.0430 367.3333
829.0570 385.3333
829.0720 379.3333
829.0870 368.6667
829.1010 387.3333
829.1160 384.0000
829.1300 384.0000
829.1450 366.0000
829.1600 401.3333
829.1740 380.6667
829.1890 372.6667
829.2030 393.3333
829.2180 379.3333
829.2330 395.3333
829.2470 369.3333
829.2620 392.6667
829.2760 380.0000
829.2910 370.6667
829.3060 384.6667
829.3200 352.6667
829.3350 369.3333
829.3490 360.6667
829.3640 382.6667
829.3790 368.0000
829.3930 372.6667
829.4080 360.6667
829.4220 360.6667
829.4370 382.0000
829.4520 367.3333
829.4660 382.0000
829.4810 376.0000
829.4950 375.3333
829.5100 385.3333
829.5250 358.0000
829.5390 377.3333
829.5540 375.3333
829.5680 360.0000
829.5830 342.6667
829.5980 375.3333
829.6120 330.6667
829.6270 384.0000
829.6410 362.0000
829.6560 372.0000
829.6700 372.6667
829.6850 360.6667
829.7000 359.3333
829.7140 369.3333
829.7290 409.3333
829.7430 369.3333
829.7580 371.3333
829.7720 368.6667
829.7870 378.0000
829.8020 356.0000
829.8160 357.3333
829.8310 337.3333
829.8450 350.0000
829.8600 336.6667
829.8740 353.3333
829.8890 369.3333
829.9040 370.6667
829.9180 372.0000
829.9330 352.0000
829.9470 364.0000
829.9620 359.3333
829.9760 353.3333
829.9910 343.3333
830.0050 333.3333
830.0200 346.6667
830.0350 368.0000
830.0490 364.0000
830.0640 357.3333
830.0780 365.3333
830.0930 369.3333
830.1070 366.6667
830.1220 338.0000
830.1360 353.3333
830.1510 362.0000
830.1660 376.6667
830.1800 362.6667
830.1950 367.3333
830.2090 349.3333
830.2240 368.6667
830.2380 355.3333
830.2530 346.6667
830.2670 340.6667
830.2820 369.3333
830.2960 354.0000
830.3110 348.0000
830.3250 362.0000
830.3400 354.0000
830.3550 370.0000
830.3690 342.0000
830.3840 362.6667
830.3980 336.0000
830.4130 356.6667
830.4270 332.0000
830.4420 345.3333
830.4560 340.6667
830.4710 350.0000
830.4850 338.6667
830.5000 353.3333
830.5140 356.6667
830.5290 350.0000
830.5430 344.0000
830.5580 340.0000
830.5720 352.0000
830.5870 338.6667
830.6010 340.0000
830.6160 341.3333
830.6300 336.6667
830.6450 350.6667
830.6590 328.0000
830.6740 348.6667
830.6880 326.6667
830.7030 318.6667
830.7180 340.6667
830.7320 310.0000
830.7470 338.0000
830.7610 336.6667
830.7760 310.0000
830.7900 356.6667
830.8050 311.3333
830.8190 338.0000
830.8340 328.0000
830.8480 321.3333
830.8630 308.0000
830.8770 330.0000
830.8920 322.0000
830.9060 316.6667
830.9210 351.3333
830.9350 340.6667
830.9490 328.6667
830.9640 324.6667
830.9780 334.6667
830.9930 332.0000
831.0070 322.0000
831.0220 320.0000
831.0360 315.3333
831.0510 300.6667
831.0650 336.0000
831.0800 314.6667
831.0940 308.6667
831.1090 309.3333
831.1230 326.0000
831.1380 329.3333
831.1520 317.3333
831.1670 322.0000
831.1810 315.3333
831.1960 325.3333
831.2100 359.3333
831.2250 322.6667
831.2390 326.0000
831.2540 322.6667
831.2680 324.6667
831.2830 314.6667
831.2970 328.0000
831.3110 316.6667
831.3260 318.0000
831.3400 315.3333
831.3550 330.6667
831.3690 312.0000
831.3840 334.0000
831.3980 310.0000
831.4130 317.3333
831.4270 321.3333
831.4420 304.0000
831.4560 304.0000
831.4710 307.3333
831.4850 336.0000
831.4990 310.6667
831.5140 305.3333
831.5280 302.0000
831.5430 304.6667
831.5570 314.0000
831.5720 305.3333
831.5860 305.3333
831.6010 312.6667
831.6150 302.0000
831.6290 313.3333
831.6440 328.0000
831.6580 311.3333
831.6730 307.3333
831.6870 312.0000
831.7020 334.6667
831.7160 313.3333
831.7310 319.3333
831.7450 293.3333
831.7590 316.0000
831.7740 299.3333
831.7880 305.3333
831.8030 318.0000
831.8170 310.6667
831.8320 316.6667
831.8460 318.0000
831.8600 308.0000
831.8750 320.6667
831.8890 308.6667
831.9040 290.0000
831.9180 292.0000
831.9330 298.6667
831.9470 296.0000
831.9610 303.3333
831.9760 313.3333
831.9900 313.3333
832.0050 341.3333
832.0190 309.3333
832.0330 290.6667
832.0480 286.6667
832.0620 301.3333
832.0770 300.6667
832.0910 290.0000
832.1060 306.6667
832.1200 292.0000
832.1340 288.6667
832.1490 303.3333
832.1630 296.0000
832.1780 290.6667
832.1920 292.6667
832.2060 300.0000
832.2210 285.3333
832.2350 294.6667
832.2500 312.6667
832.2640 285.3333
832.2780 279.3333
832.2930 268.6667
832.3070 290.0000
832.3220 299.3333
832.3360 302.6667
832.3500 304.6667
832.3650 281.3333
832.3790 296.0000
832.3940 294.0000
832.4080 292.6667
832.4220 297.3333
832.4370 286.6667
832.4510 307.3333
832.4650 300.6667
832.4800 286.0000
832.4940 276.0000
832.5090 284.0000
832.5230 278.6667
832.5370 280.6667
832.5520 288.0000
832.5660 279.3333
832.5810 300.6667
832.5950 292.0000
832.6090 287.3333
832.6240 284.6667
832.6380 275.3333
832.6520 273.3333
832.6670 284.0000
832.6810 296.0000
832.6960 281.3333
832.7100 304.6667
832.7240 308.6667
832.7390 291.3333
832.7530 265.3333
832.7670 272.6667
832.7820 278.0000
832.7960 280.0000
832.8100 280.6667
832.8250 275.3333
832.8390 279.3333
832.8530 288.6667
832.8680 272.0000
832.8820 290.0000
832.8970 266.6667
832.9110 293.3333
832.9250 288.0000
832.9400 288.6667
832.9540 285.3333
832.9680 310.0000
832.9830 297.3333
832.9970 275.3333
833.0110 280.6667
833.0260 300.0000
833.0400 319.3333
833.0540 276.0000
833.0690 293.3333
833.0830 262.0000
833.0970 307.3333
833.1120 270.0000
833.1260 296.6667
833.1400 288.6667
833.1550 281.3333
833.1690 268.0000
833.1830 284.6667
833.1980 278.0000
833.2120 283.3333
833.2260 276.6667
833.2410 304.0000
833.2550 266.0000
833.2690 246.6667
833.2840 266.6667
833.2980 264.0000
833.3120 282.0000
833.3270 250.6667
833.3410 282.0000
833.3550 276.6667
833.3700 279.3333
833.3840 276.6667
833.3980 273.3333
833.4130 248.0000
833.4270 271.3333
833.4410 283.3333
833.4560 270.6667
833.4700 272.6667
833.4840 258.6667
833.4990 282.6667
833.5130 272.6667
833.5270 294.0000
833.5420 284.6667
833.5560 277.3333
833.5700 274.6667
833.5840 278.6667
833.5990 263.3333
833.6130 280.6667
833.6270 267.3333
833.6420 274.0000
833.6560 264.6667
833.6700 280.6667
833.6850 272.6667
833.6990 253.3333
833.7130 282.0000
833.7270 284.0000
833.7420 286.0000
833.7560 259.3333
833.7700 273.3333
833.7850 293.3333
833.7990 263.3333
833.8130 281.3333
833.8270 278.0000
833.8420 273.3333
833.8560 259.3333
833.8700 253.3333
833.8850 264.6667
833.8990 289.3333
833.9130 281.3333
833.9270 263.3333
833.9420 268.0000
833.9560 268.0000
833.9700 280.0000
833.9850 266.0000
833.9990 271.3333
834.0130 270.6667
834.0270 270.0000
834.0420 275.3333
834.0560 277.3333
834.0700 262.0000
834.0850 237.3333
834.0990 258.0000
834.1130 260.6667
834.1270 254.6667
834.1420 259.3333
834.1560 284.6667
834.1700 259.3333
834.1840 282.0000
834.1990 260.6667
834.2130 261.3333
834.2270 266.6667
834.2410 265.3333
834.2560 263.3333
834.2700 274.0000
834.2840 282.6667
834.2980 270.6667
834.3130 263.3333
834.3270 251.3333
834.3410 241.3333
834.3550 272.0000
834.3700 260.6667
834.3840 263.3333
834.3980 245.3333
834.4120 249.3333
834.4270 264.0000
834.4410 266.0000
834.4550 251.3333
834.4690 278.0000
834.4840 260.6667
834.4980 255.3333
834.5120 242.6667
834.5260 262.0000
834.5410 242.0000
834.5550 262.6667
834.5690 282.6667
834.5830 271.3333
834.5980 248.0000
834.6120 264.0000
834.6260 255.3333
834.6400 265.3333
834.6550 256.6667
834.6690 255.3333
834.6830 256.6667
834.6970 271.3333
834.7110 248.6667
834.7260 251.3333
834.7400 262.6667
834.7540 243.3333
834.7680 244.6667
834.7830 251.3333
834.7970 266.0000
834.8110 272.6667
834.8250 282.6667
834.8390 242.6667
834.8540 259.3333
834.8680 252.0000
834.8820 252.6667
834.8960 262.6667
834.9100 250.6667
834.9250 242.6667
834.9390 256.0000
834.9530 248.6667
834.9670 247.3333
834.9820 244.6667
834.9960 256.6667
835.0100 260.0000
835.0240 252.0000
835.0380 255.3333
835.0530 250.6667
835.0670 249.3333
835.0810 258.0000
835.0950 267.3333
835.1090 256.0000
835.1240 256.0000
835.1380 236.6667
835.1520 255.3333
835.1660 256.6667
835.1800 260.0000
835.1950 244.6667
835.2090 243.3333
835.2230 256.6667
835.2370 250.0000
835.2510 250.6667
835.2650 241.3333
835.2800 248.6667
835.2940 247.3333
835.3080 238.0000
835.3220 233.3333
835.3360 243.3333
835.3510 256.6667
835.3650 259.3333
835.3790 246.0000
835.3930 260.6667
835.4070 244.0000
835.4210 253.3333
835.4360 257.3333
835.4500 246.0000
835.4640 256.0000
835.4780 247.3333
835.4920 242.0000
835.5060 247.3333
835.5210 225.3333
835.5350 255.3333
835.5490 254.0000
835.5630 238.6667
835.5770 246.6667
835.5910 248.6667
835.6060 266.6667
835.6200 246.6667
835.6340 243.3333
835.6480 246.0000
835.6620 240.6667
835.6760 252.0000
835.6910 255.3333
835.7050 261.3333
835.7190 255.3333
835.7330 260.6667
835.7470 241.3333
835.7610 244.0000
835.7750 254.0000
835.7900 250.6667
835.8040 250.6667
835.8180 256.0000
835.8320 243.3333
835.8460 254.6667
835.8600 232.6667
835.8740 262.0000
835.8890 240.6667
835.9030 242.6667
835.9170 248.0000
835.9310 230.0000
835.9450 240.0000
835.9590 244.6667
835.9730 249.3333
835.9880 257.3333
836.0020 232.6667
836.0160 241.3333
836.0300 259.3333
836.0440 250.6667
836.0580 238.0000
836.0720 246.6667
836.0860 239.3333
836.1010 251.3333
836.1150 250.6667
836.1290 245.3333
836.1430 250.6667
836.1570 246.0000
836.1710 245.3333
836.1850 242.6667
836.1990 246.0000
836.2140 236.6667
836.2280 239.3333
836.2420 241.3333
836.2560 239.3333
836.2700 230.0000
836.2840 237.3333
836.2980 240.0000
836.3120 240.6667
836.3260 250.6667
836.3410 257.3333
836.3550 243.3333
836.3690 238.6667
836.3830 250.6667
836.3970 250.6667
836.4110 236.6667
836.4250 231.3333
836.4390 234.6667
836.4530 246.0000
836.4680 238.0000
836.4820 251.3333
836.4960 256.6667
836.5100 242.6667
836.5240 232.0000
836.5380 248.0000
836.5520 256.0000
836.5660 244.6667
836.5800 225.3333
836.5940 215.3333
836.6080 242.0000
836.6230 234.6667
836.6370 230.0000
836.6510 223.3333
836.6650 236.0000
836.6790 229.3333
836.6930 243.3333
836.7070 250.6667
836.7210 229.3333
836.7350 228.6667
836.7490 214.0000
836.7630 235.3333
836.7770 244.6667
836.7920 235.3333
836.8060 233.3333
836.8200 243.3333
836.8340 218.6667
836.8480 232.6667
836.8620 232.6667
836.8760 254.6667
836.8900 228.6667
836.9040 230.6667
836.9180 252.6667
836.9320 246.0000
836.9460 238.6667
836.9600 218.0000
836.9740 230.0000
836.9880 226.6667
837.0030 231.3333
837.0170 218.0000
837.0310 264.6667
837.0450 209.3333
837.0590 232.6667
837.0730 216.6667
837.0870 236.0000
837.1010 232.0000
837.1150 224.0000
837.1290 239.3333
837.1430 236.0000
837.1570 238.0000
837.1710 228.6667
837.1850 226.0000
837.1990 225.3333
837.2130 235.3333
837.2270 220.0000
837.2410 234.6667
837.2550 242.6667
837.2690 222.6667
837.2830 224.6667
837.2980 214.0000
837.3120 229.3333
837.3260 223.3333
837.3400 221.3333
837.3540 234.0000
837.3680 240.6667
837.3820 225.3333
837.3960 222.0000
837.4100 232.0000
837.4240 227.3333
837.4380 230.0000
837.4520 236.6667
837.4660 229.3333
837.4800 230.6667
837.4940 233.3333
837.5080 225.3333
837.5220 219.3333
837.5360 246.6667
837.5500 234.6667
837.5640 222.0000
837.5780 221.3333
837.5920 228.0000
837.6060 230.6667
837.6200 223.3333
837.6340 239.3333
837.6480 213.3333
837.6620 214.0000
837.6760 222.0000
837.6900 216.6667
837.7040 230.0000
837.7180 218.0000
837.7320 210.6667
837.7460 232.0000
837.7600 202.6667
837.7740 220.6667
837.7880 234.6667
837.8020 238.6667
837.8160 217.3333
837.8300 217.3333
837.8440 224.6667
837.8580 226.6667
837.8720 224.6667
837.8860 217.3333
837.9000 224.6667
837.9140 238.6667
837.9280 231.3333
837.9420 216.0000
837.9560 218.6667
837.9700 208.0000
837.9840 236.6667
837.9980 212.0000
838.0120 228.0000
838.0260 204.0000
838.0400 229.3333
838.0540 241.3333
838.0680 229.3333
838.0820 217.3333
838.0960 237.3333
838.1100 240.6667
838.1240 234.6667
838.1380 218.0000
838.1520 220.6667
838.1660 216.6667
838.1800 238.6667
838.1940 222.6667
838.2080 211.3333
838.2220 220.0000
838.2360 222.0000
838.2500 203.3333
838.2640 228.0000
838.2780 219.3333
838.2920 222.6667
838.3060 241.3333
838.3190 232.6667
838.3330 208.0000
838.3470 217.3333
838.3610 216.6667
838.3750 222.0000
838.3890 216.0000
838.4030 221.3333
838.4170 228.6667
838.4310 234.0000
838.4450 216.0000
838.4590 220.6667
838.4730 229.3333
838.4870 221.3333
838.5010 214.6667
838.5150 210.6667
838.5290 224.6667
838.5430 225.3333
838.5570 230.6667
838.5710 236.6667
838.5850 222.0000
838.5990 217.3333
838.6120 224.0000
838.6260 215.3333
838.6400 204.6667
838.6540 221.3333
838.6680 236.6667
838.6820 222.6667
838.6960 234.6667
838.7100 209.3333
838.7240 228.0000
838.7380 216.0000
838.7520 215.3333
838.7660 218.0000
838.7800 209.3333
838.7940 222.6667
838.8080 221.3333
838.8210 212.0000
838.8350 222.6667
838.8490 201.3333
838.8630 222.0000
838.8770 224.6667
838.8910 208.6667
838.9050 210.6667
838.9190 207.3333
838.9330 195.3333
838.9470 200.6667
838.9610 220.0000
838.9750 204.0000
838.9880 209.3333
839.0020 222.0000
839.0160 219.3333
839.0300 217.3333
839.0440 204.0000
839.0580 213.3333
839.0720 210.6667
839.0860 210.6667
839.1000 211.3333
839.1140 204.6667
839.1280 218.6667
839.1410 210.6667
839.1550 217.3333
839.1690 232.6667
839.1830 208.6667
839.1970 220.0000
839.2110 222.6667
839.2250 226.0000
839.2390 204.6667
839.2530 211.3333
839.2660 217.3333
839.2800 218.6667
839.2940 218.0000
839.3080 224.0000
839.3220 223.3333
839.3360 218.6667
839.3500 278.0000
839.3640 222.0000
839.3780 214.0000
839.3910 209.3333
839.4050 219.3333
839.4190 228.0000
839.4330 232.0000
839.4470 212.0000
839.4610 194.6667
839.4750 213.3333
839.4890 232.6667
839.5020 202.6667
