794.0000 30438.0000
794.0160 29946.0000
794.0310 29221.3333
794.0470 28198.0000
794.0630 26896.6667
794.0790 26095.3333
794.0940 25586.0000
794.1100 25356.6667
794.1260 25131.3333
794.1420 25279.3333
794.1570 25286.0000
794.1730 25247.3333
794.1890 25531.3333
794.2040 26098.6667
794.2200 26931.3333
794.2360 27973.3333
794.2520 28360.0000
794.2670 28562.0000
794.2830 28391.3333
794.2990 27436.0000
794.3140 26552.6667
794.3300 25853.3333
794.3460 24949.3333
794.3620 24532.0000
794.3770 24296.0000
794.3930 24058.0000
794.4090 24052.6667
794.4240 24252.6667
794.4400 24378.6667
794.4560 24488.0000
794.4720 25265.3333
794.4870 26346.0000
794.5030 27059.3333
794.5190 27561.3333
794.5340 27507.3333
794.5500 27190.0000
794.5660 26280.0000
794.5810 24910.0000
794.5970 24304.6667
794.6130 23603.3333
794.6290 23130.0000
794.6440 22953.3333
794.6600 22999.3333
794.6760 23134.0000
794.6910 23238.0000
794.7070 23636.6667
794.7230 24010.0000
794.7380 24825.3333
794.7540 25715.3333
794.7700 26245.3333
794.7850 26454.0000
794.8010 26174.0000
794.8170 25595.3333
794.8320 24692.0000
794.8480 23666.0000
794.8640 22844.6667
794.8800 22388.6667
794.8950 22062.6667
794.9110 22083.3333
794.9270 22009.3333
794.9420 22274.6667
794.9580 22434.0000
794.9740 22716.0000
794.9890 23304.0000
795.0050 24122.0000
795.0210 24820.0000
795.0360 25008.0000
795.0520 25276.6667
795.0680 24808.0000
795.0830 24327.3333
795.0990 23361.3333
795.1150 22600.6667
795.1300 21957.3333
795.1460 21592.0000
795.1620 21324.0000
795.1770 21416.0000
795.1930 21307.3333
795.2090 21563.3333
795.2240 21806.6667
795.2400 22004.6667
795.2560 22282.0000
795.2710 23058.6667
795.2870 23346.6667
795.3030 23680.0000
795.3180 23638.0000
795.3340 23199.3333
795.3500 22798.6667
795.3650 22217.3333
795.3810 21502.0000
795.3960 21080.0000
795.4120 20788.0000
795.4280 20738.0000
795.4430 20778.0000
795.4590 20733.3333
795.4750 20844.0000
795.4900 20901.3333
795.5060 21028.0000
795.5220 21498.0000
795.5370 22166.6667
795.5530 22355.3333
795.5690 22724.0000
795.5840 22521.3333
795.6000 22336.0000
795.6150 21706.6667
795.6310 21092.0000
795.6470 20574.6667
795.6620 20260.6667
795.6780 20020.0000
795.6940 19996.6667
795.7090 19799.3333
795.7250 19827.3333
795.7410 19880.0000
795.7560 20097.3333
795.7720 20208.0000
795.7870 20546.0000
795.8030 21156.6667
795.8190 21808.6667
795.8340 21818.6667
795.8500 21733.3333
795.8660 21538.0000
795.8810 20966.6667
795.8970 20480.6667
795.9120 19836.6667
795.9280 19502.6667
795.9440 19373.3333
795.9590 19072.0000
795.9750 18997.3333
795.9900 18964.0000
796.0060 18964.0000
796.0220 19136.0000
796.0370 19458.0000
796.0530 19839.3333
796.0680 20461.3333
796.0840 20742.6667
796.1000 20916.0000
796.1150 21105.3333
796.1310 20603.3333
796.1470 20185.3333
796.1620 19462.0000
796.1780 19020.6667
796.1930 18624.6667
796.2090 18387.3333
796.2250 18224.6667
796.2400 18241.3333
796.2560 18252.0000
796.2710 18331.3333
796.2870 18500.6667
796.3030 18832.6667
796.3180 19367.3333
796.3340 19785.3333
796.3490 20134.0000
796.3650 20044.0000
796.3800 19957.3333
796.3960 19714.6667
796.4120 18966.6667
796.4270 18404.6667
796.4430 18011.3333
796.4580 17693.3333
796.4740 17665.3333
796.4900 17433.3333
796.5050 17563.3333
796.5210 17581.3333
796.5360 17778.6667
796.5520 18256.0000
796.5670 18258.6667
796.5830 18666.0000
796.5990 18894.6667
796.6140 19211.3333
796.6300 19399.3333
796.6450 19032.6667
796.6610 18681.3333
796.6760 18170.6667
796.6920 17503.3333
796.7080 17256.6667
796.7230 16992.6667
796.7390 16714.6667
796.7540 16568.0000
796.7700 16830.0000
796.7850 17100.6667
796.8010 17232.6667
796.8170 17300.6667
796.8320 17660.0000
796.8480 17761.3333
796.8630 18173.3333
796.8790 18270.6667
796.8940 18241.3333
796.9100 18167.3333
796.9250 17910.0000
796.9410 17369.3333
796.9570 16954.6667
796.9720 16700.6667
796.9880 16422.6667
797.0030 16240.6667
797.0190 16258.6667
797.0340 16272.6667
797.0500 16392.0000
797.0650 16402.6667
797.0810 16643.3333
797.0970 16580.6667
797.1120 16891.3333
797.1280 17189.3333
797.1430 17446.0000
797.1590 17327.3333
797.1740 17469.3333
797.1900 17072.6667
797.2050 16728.0000
797.2210 16390.6667
797.2360 16057.3333
797.2520 15894.6667
797.2670 15708.6667
797.2830 15672.6667
797.2990 15792.0000
797.3140 15614.0000
797.3300 15840.0000
797.3450 15822.0000
797.3610 16132.0000
797.3760 16263.3333
797.3920 16644.0000
797.4070 16704.0000
797.4230 16732.0000
797.4380 16716.0000
797.4540 16360.6667
797.4690 16029.3333
797.4850 15648.6667
797.5000 15354.0000
797.5160 15207.3333
797.5310 15160.0000
797.5470 15029.3333
797.5620 15110.0000
797.5780 15050.6667
797.5940 15064.6667
797.6090 15230.0000
797.6250 15290.6667
797.6400 15664.6667
797.6560 15972.6667
797.6710 16209.3333
797.6870 16222.6667
797.7020 15995.3333
797.7180 15828.6667
797.7330 15472.0000
797.7490 15027.3333
797.7640 14706.6667
797.7800 14574.6667
797.7950 14463.3333
797.8110 14254.0000
797.8260 14355.3333
797.8420 14352.0000
797.8570 14363.3333
797.8730 14607.3333
797.8880 14662.0000
797.9040 14910.6667
797.9190 15197.3333
797.9350 15345.3333
797.9500 15504.6667
797.9660 15446.6667
797.9810 15171.3333
797.9970 14776.6667
798.0120 14537.3333
798.0280 14147.3333
798.0430 13897.3333
798.0590 13754.6667
798.0740 13696.6667
798.0890 13792.6667
798.1050 13723.3333
798.1200 13802.6667
798.1360 13965.3333
798.1510 14082.0000
798.1670 14129.3333
798.1820 14360.0000
798.1980 14508.0000
798.2130 14517.3333
798.2290 14398.0000
798.2440 14430.0000
798.2600 14110.6667
798.2750 13790.0000
798.2910 13548.6667
798.3060 13318.0000
798.3220 13263.3333
798.3370 13146.0000
798.3530 13346.6667
798.3680 13310.0000
798.3830 13395.3333
798.3990 13453.3333
798.4140 13554.6667
798.4300 13662.0000
798.4450 13728.6667
798.4610 13820.0000
798.4760 13818.0000
798.4920 13748.0000
798.5070 13677.3333
798.5230 13461.3333
798.5380 13020.0000
798.5540 12880.0000
798.5690 12846.0000
798.5840 12699.3333
798.6000 12609.3333
798.6150 12569.3333
798.6310 12660.6667
798.6460 12804.6667
798.6620 12706.0000
798.6770 12798.6667
798.6930 12893.3333
798.7080 13037.3333
798.7240 13162.6667
798.7390 13168.6667
798.7540 13237.3333
798.7700 13152.0000
798.7850 13106.0000
798.8010 12702.6667
798.8160 12534.0000
798.8320 12311.3333
798.8470 12188.6667
798.8620 12186.0000
798.8780 12033.3333
798.8930 12041.3333
798.9090 12167.3333
798.9240 12099.3333
798.9400 12158.6667
798.9550 12238.6667
798.9700 12430.0000
798.9860 12665.3333
799.0010 12635.3333
799.0170 12590.6667
799.0320 12519.3333
799.0480 12468.6667
799.0630 12254.6667
799.0780 12005.3333
799.0940 11843.3333
799.1090 11694.6667
799.1250 11628.0000
799.1400 11564.0000
799.1560 11550.0000
799.1710 11602.0000
799.1860 11590.6667
799.2020 11674.0000
799.2170 11696.6667
799.2330 11711.3333
799.2480 11952.0000
799.2630 12024.0000
799.2790 12061.3333
799.2940 11989.3333
799.3100 11868.6667
799.3250 11642.0000
799.3410 11428.6667
799.3560 11338.0000
799.3710 11118.6667
799.3870 11126.0000
799.4020 11058.0000
799.4180 11084.6667
799.4330 11074.0000
799.4480 11102.0000
799.4640 11137.3333
799.4790 11113.3333
799.4950 11260.0000
799.5100 11400.0000
799.5250 11411.3333
799.5410 11573.3333
799.5560 11338.0000
799.5710 11378.6667
799.5870 11090.6667
799.6020 10822.0000
799.6180 10757.3333
799.6330 10578.0000
799.6480 10493.3333
799.6640 10496.6667
799.6790 10458.0000
799.6950 10550.0000
799.7100 10453.3333
799.7250 10656.0000
799.7410 10586.6667
799.7560 10662.0000
799.7710 10808.0000
799.7870 10898.0000
799.8020 10932.0000
799.8180 10960.6667
799.8330 10863.3333
799.8480 10720.6667
799.8640 10543.3333
799.8790 10276.0000
799.8940 10110.6667
799.9100 10023.3333
799.9250 10054.0000
799.9410 10056.6667
799.9560 9989.3333
799.9710 10110.0000
799.9870 9963.3333
800.0020 9960.0000
800.0170 10030.0000
800.0330 10067.3333
800.0480 10168.0000
800.0630 10205.3333
800.0790 10227.3333
800.0940 10180.6667
800.1100 10179.3333
800.1250 10166.6667
800.1400 10008.6667
800.1560 9857.3333
800.1710 9704.6667
800.1860 9676.0000
800.2020 9558.6667
800.2170 9539.3333
800.2320 9543.3333
800.2480 9389.3333
800.2630 9431.3333
800.2780 9574.6667
800.2940 9567.3333
800.3090 9561.3333
800.3240 9675.3333
800.3400 9703.3333
800.3550 9795.3333
800.3700 9724.6667
800.3860 9644.6667
800.4010 9607.3333
800.4170 9370.0000
800.4320 9280.6667
800.4470 9158.0000
800.4630 9098.6667
800.4780 9142.0000
800.4930 8980.6667
800.5090 9062.0000
800.5240 9095.3333
800.5390 8968.6667
800.5550 9102.0000
800.5700 9249.3333
800.5850 9202.0000
800.6000 9307.3333
800.6160 9346.6667
800.6310 9358.0000
800.6460 9243.3333
800.6620 9200.6667
800.6770 8903.3333
800.6920 8885.3333
800.7080 8622.0000
800.7230 8578.0000
800.7380 8613.3333
800.7540 8454.6667
800.7690 8558.0000
800.7840 8606.6667
800.8000 8566.0000
800.8150 8670.0000
800.8300 8784.0000
800.8460 8854.6667
800.8610 8887.3333
800.8760 8904.6667
800.8910 8920.0000
800.9070 8861.3333
800.9220 8699.3333
800.9370 8668.6667
800.9530 8490.6667
800.9680 8360.0000
800.9830 8187.3333
800.9990 8183.3333
801.0140 8192.0000
801.0290 8177.3333
801.0450 8117.3333
801.0600 8221.3333
801.0750 8242.6667
801.0900 8282.0000
801.1060 8325.3333
801.1210 8395.3333
801.1360 8424.6667
801.1520 8405.3333
801.1670 8307.3333
801.1820 8456.0000
801.1970 8116.0000
801.2130 7974.6667
801.2280 7996.0000
801.2430 7974.0000
801.2590 7874.6667
801.2740 7720.0000
801.2890 7867.3333
801.3040 7820.0000
801.3200 7864.0000
801.3350 7874.0000
801.3500 7980.6667
801.3660 7885.3333
801.3810 7903.3333
801.3960 7988.6667
801.4110 7899.3333
801.4270 7900.0000
801.4420 7858.6667
801.4570 7732.0000
801.4720 7701.3333
801.4880 7622.6667
801.5030 7555.3333
801.5180 7548.6667
801.5340 7430.6667
801.5490 7406.0000
801.5640 7422.6667
801.5790 7553.3333
801.5950 7348.6667
801.6100 7380.6667
801.6250 7354.0000
801.6400 7502.6667
801.6560 7639.3333
801.6710 7529.3333
801.6860 7570.6667
801.7010 7544.0000
801.7170 7562.0000
801.7320 7503.3333
801.7470 7305.3333
801.7620 7296.0000
801.7780 7112.6667
801.7930 7168.0000
801.8080 7070.6667
801.8230 6952.6667
801.8390 6990.0000
801.8540 6973.3333
801.8690 6976.0000
801.8840 7016.0000
801.9000 7081.3333
801.9150 7094.6667
801.9300 7227.3333
801.9450 7236.6667
801.9610 7306.6667
801.9760 7274.6667
801.9910 7231.3333
802.0060 7189.3333
802.0220 7016.6667
802.0370 6889.3333
802.0520 6712.0000
802.0670 6737.3333
802.0820 6775.3333
802.0980 6623.3333
802.1130 6693.3333
802.1280 6700.0000
802.1430 6701.3333
802.1590 6726.6667
802.1740 6772.6667
802.1890 6719.3333
802.2040 6908.0000
802.2200 6954.0000
802.2350 6902.0000
802.2500 6859.3333
802.2650 6890.0000
802.2800 6784.6667
802.2960 6552.6667
802.3110 6505.3333
802.3260 6451.3333
802.3410 6414.0000
802.3560 6330.0000
802.3720 6319.3333
802.3870 6344.0000
802.4020 6483.3333
802.4170 6444.0000
802.4330 6515.3333
802.4480 6520.0000
802.4630 6521.3333
802.4780 6687.3333
802.4930 6612.0000
802.5090 6648.6667
802.5240 6610.0000
802.5390 6340.6667
802.5540 6252.0000
802.5690 6178.6667
802.5850 5967.3333
802.6000 5987.3333
802.6150 5954.6667
802.6300 5988.6667
802.6450 6080.6667
802.6610 6076.0000
802.6760 6144.0000
802.6910 6144.0000
802.7060 6140.6667
802.7210 6115.3333
802.7360 6176.6667
802.7520 6287.3333
802.7670 6252.6667
802.7820 6185.3333
802.7970 6136.0000
802.8120 5953.3333
802.8280 5949.3333
802.8430 5768.6667
802.8580 5726.0000
802.8730 5660.6667
802.8880 5690.6667
802.9030 5689.3333
802.9190 5745.3333
802.9340 5802.6667
802.9490 5783.3333
802.9640 5840.0000
802.9790 5774.0000
802.9950 5886.0000
803.0100 5843.3333
803.0250 5945.3333
803.0400 5816.0000
803.0550 5860.0000
803.0700 5842.0000
803.0860 5749.3333
803.1010 5630.6667
803.1160 5668.0000
803.1310 5558.6667
803.1460 5554.0000
803.1610 5526.6667
803.1770 5424.0000
803.1920 5472.6667
803.2070 5384.6667
803.2220 5478.0000
803.2370 5534.0000
803.2520 5450.0000
803.2670 5569.3333
803.2830 5558.0000
803.2980 5604.0000
803.3130 5534.6667
803.3280 5496.6667
803.3430 5461.3333
803.3580 5438.6667
803.3740 5328.6667
803.3890 5311.3333
803.4040 5257.3333
803.4190 5233.3333
803.4340 5222.6667
803.4490 5225.3333
803.4640 5169.3333
803.4800 5177.3333
803.4950 5228.6667
803.5100 5230.0000
803.5250 5368.0000
803.5400 5321.3333
803.5550 5368.6667
803.5700 5407.3333
803.5850 5372.6667
803.6010 5299.3333
803.6160 5184.0000
803.6310 5051.3333
803.6460 5096.6667
803.6610 5031.3333
803.6760 4944.0000
803.6910 4944.0000
803.7060 4935.3333
803.7220 4938.0000
803.7370 4878.6667
803.7520 4949.3333
803.7670 4981.3333
803.7820 4988.0000
803.7970 5018.0000
803.8120 5098.6667
803.8270 5097.3333
803.8430 5150.0000
803.8580 5081.3333
803.8730 5044.6667
803.8880 4974.0000
803.9030 4862.6667
803.9180 4801.3333
803.9330 4698.0000
803.9480 4606.0000
803.9630 4650.6667
803.9790 4634.0000
803.9940 4745.3333
804.0090 4728.6667
804.0240 4860.0000
804.0390 4794.6667
804.0540 4758.6667
804.0690 4888.6667
804.0840 4936.6667
804.0990 4839.3333
804.1150 4838.6667
804.1300 4802.0000
804.1450 4776.6667
804.1600 4786.0000
804.1750 4650.6667
804.1900 4538.6667
804.2050 4518.6667
804.2200 4495.3333
804.2350 4494.6667
804.2500 4491.3333
804.2650 4518.6667
804.2810 4520.6667
804.2960 4656.0000
804.3110 4600.0000
804.3260 4561.3333
804.3410 4615.3333
804.3560 4662.6667
804.3710 4647.3333
804.3860 4653.3333
804.4010 4564.0000
804.4160 4502.0000
804.4310 4528.0000
804.4460 4443.3333
804.4610 4389.3333
804.4770 4289.3333
804.4920 4326.6667
804.5070 4360.0000
804.5220 4338.0000
804.5370 4388.6667
804.5520 4324.6667
804.5670 4347.3333
804.5820 4432.0000
804.5970 4332.0000
804.6120 4342.6667
804.6270 4344.6667
804.6420 4426.6667
804.6570 4441.3333
804.6720 4462.0000
804.6880 4308.0000
804.7030 4285.3333
804.7180 4260.6667
804.7330 4168.6667
804.7480 4181.3333
804.7630 4109.3333
804.7780 4147.3333
804.7930 4106.6667
804.8080 4129.3333
804.8230 4100.0000
804.8380 4164.0000
804.8530 4136.0000
804.8680 4172.6667
804.8830 4204.6667
804.8980 4226.0000
804.9130 4224.6667
804.9280 4280.6667
804.9430 4202.0000
804.9580 4245.3333
804.9730 4121.3333
804.9890 4085.3333
805.0040 3996.0000
805.0190 3982.6667
805.0340 3923.3333
805.0490 3916.0000
805.0640 3949.3333
805.0790 3908.0000
805.0940 3959.3333
805.1090 4000.0000
805.1240 3941.3333
805.1390 4014.6667
805.1540 4020.0000
805.1690 4070.0000
805.1840 4046.6667
805.1990 4032.0000
805.2140 4084.6667
805.2290 4029.3333
805.2440 3904.6667
805.2590 3902.6667
805.2740 3802.0000
805.2890 3738.0000
805.3040 3835.3333
805.3190 3748.6667
805.3340 3768.0000
805.3490 3850.0000
805.3640 3848.6667
805.3790 3859.3333
805.3940 3848.6667
805.4090 3891.3333
805.4240 3860.6667
805.4390 3948.6667
805.4540 3900.6667
805.4690 3871.3333
805.4840 3863.3333
805.4990 3823.3333
805.5140 3753.3333
805.5290 3717.3333
805.5440 3676.6667
805.5590 3668.0000
805.5740 3655.3333
805.5890 3651.3333
805.6040 3648.6667
805.6190 3712.0000
805.6340 3779.3333
805.6490 3736.0000
805.6640 3724.0000
805.6790 3714.0000
805.6940 3687.3333
805.7090 3779.3333
805.7240 3737.3333
805.7390 3798.0000
805.7540 3694.0000
805.7690 3704.6667
805.7840 3692.0000
805.7990 3589.3333
805.8140 3597.3333
805.8290 3537.3333
805.8440 3526.6667
805.8590 3582.6667
805.8740 3574.0000
805.8890 3591.3333
805.9040 3617.3333
805.9190 3566.0000
805.9340 3576.0000
805.9490 3601.3333
805.9640 3630.0000
805.9790 3579.3333
805.9940 3618.6667
806.0090 3692.6667
806.0240 3533.3333
806.0390 3594.6667
806.0540 3576.6667
806.0690 3594.0000
806.0840 3493.3333
806.0990 3474.0000
806.1140 3434.6667
806.1290 3505.3333
806.1440 3466.0000
806.1590 3465.3333
806.1740 3466.0000
806.1880 3472.6667
806.2030 3500.0000
806.2180 3510.6667
806.2330 3440.0000
806.2480 3481.3333
806.2630 3509.3333
806.2780 3474.0000
806.2930 3520.0000
806.3080 3506.0000
806.3230 3506.6667
806.3380 3493.3333
806.3530 3393.3333
806.3680 3421.3333
806.3830 3347.3333
806.3980 3336.0000
806.4130 3328.6667
806.4280 3279.3333
806.4430 3304.0000
806.4580 3263.3333
806.4730 3310.6667
806.4870 3352.0000
806.5020 3354.0000
806.5170 3286.0000
806.5320 3316.6667
806.5470 3321.3333
806.5620 3353.3333
806.5770 3373.3333
806.5920 3353.3333
806.6070 3254.0000
806.6220 3212.0000
806.6370 3230.0000
806.6520 3179.3333
806.6670 3196.0000
806.6820 3157.3333
806.6970 3091.3333
806.7110 3105.3333
806.7260 3150.6667
806.7410 3150.0000
806.7560 3186.0000
806.7710 3152.0000
806.7860 3146.0000
806.8010 3188.0000
806.8160 3173.3333
806.8310 3204.0000
806.8460 3238.6667
806.8610 3243.3333
806.8760 3158.0000
806.8900 3024.6667
806.9050 2998.6667
806.9200 2988.0000
806.9350 3002.6667
806.9500 2950.6667
806.9650 3037.3333
806.9800 3032.0000
806.9950 2986.0000
807.0100 3036.0000
807.0250 3009.3333
807.0400 3024.0000
807.0540 3052.6667
807.0690 3015.3333
807.0840 3080.6667
807.0990 3028.6667
807.1140 3026.0000
807.1290 3072.0000
807.1440 2948.0000
807.1590 2969.3333
807.1740 2944.0000
807.1890 2874.6667
807.2030 2954.6667
807.2180 2889.3333
807.2330 2856.6667
807.2480 2920.6667
807.2630 2956.0000
807.2780 2886.6667
807.2930 2915.3333
807.3080 2875.3333
807.3230 2904.6667
807.3370 2885.3333
807.3520 2937.3333
807.3670 2896.6667
807.3820 2880.0000
807.3970 2932.6667
807.4120 2916.6667
807.4270 2881.3333
807.4420 2861.3333
807.4560 2824.6667
807.4710 2769.3333
807.4860 2775.3333
807.5010 2798.0000
807.5160 2772.6667
807.5310 2739.3333
807.5460 2807.3333
807.5610 2785.3333
807.5750 2780.0000
807.5900 2768.6667
807.6050 2758.6667
807.6200 2765.3333
807.6350 2796.0000
807.6500 2767.3333
807.6650 2800.0000
807.6790 2770.0000
807.6940 2781.3333
807.7090 2730.0000
807.7240 2724.0000
807.7390 2683.3333
807.7540 2637.3333
807.7690 2645.3333
807.7830 2655.3333
807.7980 2668.6667
807.8130 2686.6667
807.8280 2636.6667
807.8430 2704.0000
807.8580 2651.3333
807.8720 2640.6667
807.8870 2682.6667
807.9020 2758.0000
807.9170 2731.3333
807.9320 2740.0000
807.9470 2714.6667
807.9620 2708.0000
807.9760 2725.3333
807.9910 2676.0000
808.0060 2574.6667
808.0210 2551.3333
808.0360 2560.6667
808.0510 2547.3333
808.0650 2580.6667
808.0800 2525.3333
808.0950 2591.3333
808.1100 2610.0000
808.1250 2566.6667
808.1400 2573.3333
808.1540 2606.0000
808.1690 2637.3333
808.1840 2662.0000
808.1990 2649.3333
808.2140 2677.3333
808.2280 2654.6667
808.2430 2578.0000
808.2580 2563.3333
808.2730 2554.6667
808.2880 2494.0000
808.3030 2516.0000
808.3170 2525.3333
808.3320 2514.0000
808.3470 2490.6667
808.3620 2504.6667
808.3770 2491.3333
808.3910 2559.3333
808.4060 2565.3333
808.4210 2470.6667
808.4360 2545.3333
808.4510 2518.6667
808.4650 2549.3333
808.4800 2486.0000
808.4950 2505.3333
808.5100 2522.0000
808.5250 2486.6667
808.5400 2421.3333
808.5540 2435.3333
808.5690 2382.6667
808.5840 2416.6667
808.5990 2438.6667
808.6130 2431.3333
808.6280 2444.6667
808.6430 2454.6667
808.6580 2414.0000
808.6730 2444.6667
808.6870 2464.6667
808.7020 2464.6667
808.7170 2494.0000
808.7320 2492.0000
808.7470 2425.3333
808.7610 2414.0000
808.7760 2410.6667
808.7910 2353.3333
808.8060 2431.3333
808.8210 2394.6667
808.8350 2369.3333
808.8500 2366.6667
808.8650 2313.3333
808.8800 2366.6667
808.8940 2340.6667
808.9090 2377.3333
808.9240 2400.0000
808.9390 2380.6667
808.9530 2429.3333
808.9680 2340.6667
808.9830 2384.0000
808.9980 2390.6667
809.0130 2369.3333
809.0270 2416.0000
809.0420 2342.0000
809.0570 2390.6667
809.0720 2398.6667
809.0860 2340.6667
809.1010 2295.3333
809.1160 2273.3333
809.1310 2292.0000
809.1450 2292.6667
809.1600 2320.0000
809.1750 2290.6667
809.1900 2278.0000
809.2040 2312.0000
809.2190 2277.3333
809.2340 2292.0000
809.2490 2322.0000
809.2630 2337.3333
809.2780 2335.3333
809.2930 2396.6667
809.3080 2320.0000
809.3220 2356.0000
809.3370 2351.3333
809.3520 2355.3333
809.3670 2270.6667
809.3810 2248.0000
809.3960 2275.3333
809.4110 2231.3333
809.4260 2258.6667
809.4400 2209.3333
809.4550 2252.6667
809.4700 2276.6667
809.4850 2249.3333
809.4990 2278.6667
809.5140 2267.3333
809.5290 2305.3333
809.5440 2260.0000
809.5580 2278.0000
809.5730 2267.3333
809.5880 2254.0000
809.6020 2336.6667
809.6180 2225.3333
809.6330 2252.0000
809.6480 2267.3333
809.6640 2220.6667
809.6790 2165.3333
809.6940 2214.6667
809.7100 2188.0000
809.7250 2164.0000
809.7400 2134.0000
809.7560 2208.0000
809.7710 2169.3333
809.7860 2228.6667
809.8020 2192.6667
809.8170 2229.3333
809.8320 2256.6667
809.8470 2282.0000
809.8630 2262.0000
809.8780 2250.0000
809.8930 2227.3333
809.9090 2195.3333
809.9240 2182.6667
809.9390 2118.0000
809.9550 2096.0000
809.9700 2097.3333
809.9850 2116.0000
810.0000 2134.6667
810.0160 2173.3333
810.0310 2124.6667
810.0460 2172.0000
810.0620 2145.3333
810.0770 2162.0000
810.0920 2147.3333
810.1080 2169.3333
810.1230 2173.3333
810.1380 2157.3333
810.1530 2134.6667
810.1690 2134.0000
810.1840 2112.6667
810.1990 2106.6667
810.2150 2096.0000
810.2300 2032.6667
810.2450 2060.0000
810.2600 2099.3333
810.2760 2095.3333
810.2910 2116.0000
810.3060 1976.6667
810.3210 2106.6667
810.3370 2072.0000
810.3520 2068.0000
810.3670 2044.6667
810.3830 2072.6667
810.3980 2068.6667
810.4130 2076.6667
810.4280 2059.3333
810.4440 2068.0000
810.4590 2032.0000
810.4740 2074.6667
810.4890 2062.0000
810.5050 2002.0000
810.5200 2034.0000
810.5350 1991.3333
810.5500 2032.6667
810.5660 2002.6667
810.5810 1971.3333
810.5960 2063.3333
810.6120 2038.6667
810.6270 2023.3333
810.6420 1988.6667
810.6570 2006.6667
810.6730 2075.3333
810.6880 2035.3333
810.7030 2073.3333
810.7180 1999.3333
810.7340 1980.6667
810.7490 1982.0000
810.7640 1992.0000
810.7790 1958.6667
810.7950 1946.6667
810.8100 1933.3333
810.8250 1946.6667
810.8400 1926.6667
810.8560 1934.0000
810.8710 1943.3333
810.8860 2008.6667
810.9010 1970.6667
810.9160 1988.0000
810.9320 1980.0000
810.9470 1942.0000
810.9620 1994.0000
810.9770 1970.0000
810.9930 1986.0000
811.0080 1913.3333
811.0230 1940.0000
811.0380 1920.0000
811.0540 1847.3333
811.0690 1866.0000
811.0840 1866.6667
811.0990 1902.0000
811.1140 1902.6667
811.1300 1928.6667
811.1450 1914.0000
811.1600 1938.0000
811.1750 1942.0000
811.1910 1887.3333
811.2060 1880.0000
811.2210 1906.0000
811.2360 1905.3333
811.2510 1902.0000
811.2670 1907.3333
811.2820 1894.0000
811.2970 1845.3333
811.3120 1880.6667
811.3280 1859.3333
811.3430 1852.0000
811.3580 1851.3333
811.3730 1839.3333
811.3880 1817.3333
811.4040 1848.6667
811.4190 1814.0000
811.4340 1882.6667
811.4490 1886.0000
811.4640 1885.3333
811.4800 1857.3333
811.4950 1833.3333
811.5100 1899.3333
811.5250 1864.0000
811.5400 1843.3333
811.5560 1864.6667
811.5710 1828.0000
811.5860 1831.3333
811.6010 1792.6667
811.6160 1834.0000
811.6320 1828.0000
811.6470 1830.0000
811.6620 1818.6667
811.6770 1842.0000
811.6920 1841.3333
811.7080 1811.3333
811.7230 1846.6667
811.7380 1843.3333
811.7530 1829.3333
811.7680 1784.0000
811.7830 1766.0000
811.7990 1818.6667
811.8140 1856.6667
811.8290 1799.3333
811.8440 1819.3333
811.8590 1844.6667
811.8750 1818.0000
811.8900 1761.3333
811.9050 1804.0000
811.9200 1833.3333
811.9350 1820.0000
811.9500 1774.0000
811.9660 1825.3333
811.9810 1787.3333
811.9960 1754.6667
812.0110 1806.6667
812.0260 1806.6667
812.0410 1838.6667
812.0570 1804.0000
812.0720 1825.3333
812.0870 1816.0000
812.1020 1831.3333
812.1170 1820.6667
812.1320 1792.0000
812.1480 1788.0000
812.1630 1735.3333
812.1780 1775.3333
812.1930 1766.0000
812.2080 1768.6667
812.2230 1751.3333
812.2390 1779.3333
812.2540 1701.3333
812.2690 1726.0000
812.2840 1734.0000
812.2990 1787.3333
812.3140 1772.0000
812.3290 1752.0000
812.3450 1760.6667
812.3600 1782.0000
812.3750 1781.3333
812.3900 1824.0000
812.4050 1794.0000
812.4200 1817.3333
812.4350 1795.3333
812.4510 1753.3333
812.4660 1746.6667
812.4810 1752.6667
812.4960 1695.3333
812.5110 1720.6667
812.5260 1758.6667
812.5410 1778.0000
812.5570 1760.6667
812.5720 1720.6667
812.5870 1805.3333
812.6020 1792.0000
812.6170 1809.3333
812.6320 1806.0000
812.6470 1843.3333
812.6620 1818.0000
812.6780 1817.3333
812.6930 1806.0000
812.7080 1770.6667
812.7230 1777.3333
812.7380 1806.0000
812.7530 1817.3333
812.7680 1818.6667
812.7830 1827.3333
812.7990 1854.0000
812.8140 1868.6667
812.8290 1892.0000
812.8440 1944.0000
812.8590 1946.0000
812.8740 1924.0000
812.8890 2000.6667
812.9040 2004.0000
812.9190 2001.3333
812.9350 2071.3333
812.9500 2094.0000
812.9650 2078.0000
812.9800 2143.3333
812.9950 2142.6667
813.0100 2200.0000
813.0250 2232.6667
813.0400 2314.0000
813.0550 2412.0000
813.0710 2408.6667
813.0860 2490.0000
813.1010 2519.3333
813.1160 2516.0000
813.1310 2558.6667
813.1460 2562.0000
813.1610 2481.3333
813.1760 2556.0000
813.1910 2500.6667
813.2060 2432.0000
813.2220 2423.3333
813.2370 2450.6667
813.2520 2383.3333
813.2670 2313.3333
813.2820 2241.3333
813.2970 2268.6667
813.3120 2222.6667
813.3270 2230.0000
813.3420 2181.3333
813.3570 2159.3333
813.3720 2097.3333
813.3870 2147.3333
813.4030 2074.0000
813.4180 2136.0000
813.4330 2050.6667
813.4480 2112.6667
813.4630 2108.6667
813.4780 2080.6667
813.4930 2026.0000
813.5080 1990.0000
813.5230 2048.0000
813.5380 2012.0000
813.5530 1972.6667
813.5680 1956.6667
813.5830 1935.3333
813.5980 1960.6667
813.6140 1996.6667
813.6290 1964.6667
813.6440 1946.0000
813.6590 1941.3333
813.6740 1894.0000
813.6890 1897.3333
813.7040 1962.0000
813.7190 1946.0000
813.7340 1938.0000
813.7490 1939.3333
813.7640 2028.0000
813.7790 1935.3333
813.7940 1938.0000
813.8090 1983.3333
813.8240 1990.6667
813.8390 1981.3333
813.8540 1955.3333
813.8700 2002.6667
813.8850 2039.3333
813.9000 2042.0000
813.9150 2056.6667
813.9300 2026.6667
813.9450 2066.6667
813.9600 2076.6667
813.9750 2114.0000
813.9900 2144.6667
814.0050 2220.0000
814.0200 2228.0000
814.0350 2270.6667
814.0500 2316.0000
814.0650 2301.3333
814.0800 2302.0000
814.0950 2372.6667
814.1100 2438.6667
814.1250 2445.3333
814.1400 2510.6667
814.1550 2574.0000
814.1700 2616.0000
814.1850 2703.3333
814.2000 2863.3333
814.2150 2889.3333
814.2300 3059.3333
814.2450 3248.6667
814.2600 3251.3333
814.2750 3405.3333
814.2910 3542.0000
814.3060 3833.3333
814.3210 4028.6667
814.3360 4188.0000
814.3510 4395.3333
814.3660 4656.0000
814.3810 4872.6667
814.3960 5076.6667
814.4110 5354.6667
814.4260 5529.3333
814.4410 5757.3333
814.4560 6008.0000
814.4710 6116.0000
814.4860 6214.0000
814.5010 6234.6667
814.5160 6295.3333
814.5310 6233.3333
814.5460 6085.3333
814.5610 6000.6667
814.5760 5690.0000
814.5910 5578.0000
814.6060 5384.0000
814.6210 5168.6667
814.6360 5026.6667
814.6510 4774.6667
814.6660 4554.6667
814.6810 4384.0000
814.6960 4252.6667
814.7110 4082.6667
814.7260 3958.0000
814.7410 3772.0000
814.7560 3665.3333
814.7710 3550.0000
814.7860 3495.3333
814.8010 3371.3333
814.8160 3265.3333
814.8310 3179.3333
814.8460 3100.0000
814.8610 3090.6667
814.8760 3041.3333
814.8910 2944.6667
814.9060 2868.6667
814.9210 2850.6667
814.9360 2807.3333
814.9510 2749.3333
814.9660 2670.6667
814.9800 2676.6667
814.9950 2640.6667
815.0100 2634.6667
815.0250 2545.3333
815.0400 2514.6667
815.0550 2570.6667
815.0700 2484.6667
815.0850 2468.0000
815.1000 2426.0000
815.1150 2364.6667
815.1300 2419.3333
815.1450 2332.0000
815.1600 2354.6667
815.1750 2290.6667
815.1900 2208.0000
815.2050 2174.6667
815.2200 2158.0000
815.2350 2156.6667
815.2500 2079.3333
815.2650 2057.3333
815.2800 2056.6667
815.2950 1982.0000
815.3100 2010.0000
815.3250 1970.0000
815.3400 2004.6667
815.3550 1960.0000
815.3700 1934.6667
815.3840 1904.0000
815.3990 1884.6667
815.4140 1862.6667
815.4290 1866.6667
815.4440 1826.0000
815.4590 1804.6667
815.4740 1810.6667
815.4890 1754.0000
815.5040 1722.6667
815.5190 1680.6667
815.5340 1670.6667
815.5490 1638.6667
815.5640 1650.0000
815.5790 1584.6667
815.5940 1574.0000
815.6090 1581.3333
815.6240 1602.6667
815.6380 1582.6667
815.6530 1582.0000
815.6680 1534.6667
815.6830 1564.6667
815.6980 1506.0000
815.7130 1568.6667
815.7280 1501.3333
815.7430 1524.0000
815.7580 1488.0000
815.7730 1466.0000
815.7880 1433.3333
815.8030 1412.6667
815.8180 1388.0000
815.8330 1434.0000
815.8470 1323.3333
815.8620 1372.0000
815.8770 1353.3333
815.8920 1353.3333
815.9070 1329.3333
815.9220 1320.0000
815.9370 1288.6667
815.9520 1306.0000
815.9670 1322.6667
815.9820 1336.0000
815.9970 1285.3333
816.0120 1292.0000
816.0260 1266.6667
816.0410 1294.6667
816.0560 1278.0000
816.0710 1231.3333
816.0860 1232.0000
816.1010 1250.0000
816.1160 1203.3333
816.1310 1173.3333
816.1460 1208.6667
816.1610 1218.6667
816.1750 1214.0000
816.1900 1210.6667
816.2050 1220.0000
816.2200 1174.6667
816.2350 1158.0000
816.2500 1171.3333
816.2650 1168.0000
816.2800 1179.3333
816.2950 1164.6667
816.3090 1162.6667
816.3240 1134.0000
816.3390 1144.6667
816.3540 1116.0000
816.3690 1155.3333
816.3840 1092.0000
816.3990 1088.6667
816.4140 1103.3333
816.4290 1103.3333
816.4430 1119.3333
816.4580 1084.6667
816.4730 1091.3333
816.4880 1102.0000
816.5030 1120.6667
816.5180 1103.3333
816.5330 1146.0000
816.5480 1106.6667
816.5620 1112.0000
816.5770 1122.0000
816.5920 1091.3333
816.6070 1084.6667
816.6220 1072.0000
816.6370 1064.6667
816.6520 1062.0000
816.6670 1050.6667
816.6810 1014.0000
816.6960 1008.0000
816.7110 1069.3333
816.7260 1042.6667
816.7410 1057.3333
816.7560 1015.3333
816.7710 1041.3333
816.7850 1044.0000
816.8000 1054.0000
816.8150 1028.0000
816.8300 1050.6667
816.8450 1040.6667
816.8600 1031.3333
816.8750 1016.0000
816.8890 1040.6667
816.9040 1050.0000
816.9190 1003.3333
816.9340 984.6667
816.9490 986.0000
816.9640 990.0000
816.9780 1000.0000
816.9930 989.3333
817.0080 984.0000
817.0230 992.6667
817.0380 1011.3333
817.0530 1000.0000
817.0680 997.3333
817.0820 986.0000
817.0970 988.6667
817.1120 966.6667
817.1270 982.0000
817.1420 954.0000
817.1570 958.0000
817.1710 965.3333
817.1860 911.3333
817.2010 952.6667
817.2160 905.3333
817.2310 896.6667
817.2460 912.0000
817.2600 918.6667
817.2750 948.0000
817.2900 922.6667
817.3050 915.3333
817.3200 941.3333
817.3340 934.0000
817.3490 944.6667
817.3640 925.3333
817.3790 954.6667
817.3940 916.6667
817.4090 940.0000
817.4230 911.3333
817.4380 946.0000
817.4530 934.0000
817.4680 940.0000
817.4830 911.3333
817.4970 902.0000
817.5120 933.3333
817.5270 894.0000
817.5420 908.6667
817.5570 881.3333
817.5710 851.3333
817.5860 878.6667
817.6010 947.3333
817.6160 899.3333
817.6310 873.3333
817.6450 892.6667
817.6600 876.6667
817.6750 892.6667
817.6900 896.6667
817.7050 917.3333
817.7190 883.3333
817.7340 884.0000
817.7490 901.3333
817.7640 889.3333
817.7790 881.3333
817.7930 874.6667
817.8080 827.3333
817.8230 842.6667
817.8380 876.0000
817.8530 864.6667
817.8670 850.0000
817.8820 842.0000
817.8970 854.0000
817.9120 828.6667
817.9260 828.0000
817.9410 817.3333
817.9560 814.0000
817.9710 828.6667
817.9860 851.3333
818.0000 866.0000
818.0150 863.3333
818.0300 849.3333
818.0450 859.3333
818.0590 848.0000
818.0740 828.0000
818.0890 866.0000
818.1040 829.3333
818.1190 821.3333
818.1330 858.0000
818.1480 836.0000
818.1630 843.3333
818.1780 824.0000
818.1920 821.3333
818.2070 822.0000
818.2220 822.6667
818.2370 816.0000
818.2510 809.3333
818.2660 846.6667
818.2810 793.3333
818.2960 814.6667
818.3100 829.3333
818.3250 823.3333
818.3400 835.3333
818.3550 783.3333
818.3690 773.3333
818.3840 802.6667
818.3990 794.6667
818.4140 787.3333
818.4280 801.3333
818.4430 814.6667
818.4580 821.3333
818.4730 827.3333
818.4870 827.3333
818.5020 826.6667
818.5170 814.6667
818.5320 811.3333
818.5460 809.3333
818.5610 817.3333
818.5760 796.6667
818.5910 749.3333
818.6050 796.6667
818.6200 786.6667
818.6350 772.0000
818.6490 754.0000
818.6640 781.3333
818.6790 736.0000
818.6940 788.6667
818.7080 774.6667
818.7230 763.3333
818.7380 800.0000
818.7530 786.0000
818.7670 803.3333
818.7820 772.6667
818.7970 786.0000
818.8110 790.6667
818.8260 765.3333
818.8410 798.6667
818.8560 780.6667
818.8700 764.6667
818.8850 766.6667
818.9000 789.3333
818.9140 767.3333
818.9290 740.6667
818.9440 778.0000
818.9590 748.6667
818.9730 754.0000
818.9880 747.3333
819.0030 757.3333
819.0170 730.6667
819.0320 728.6667
819.0470 764.6667
819.0620 762.0000
819.0760 736.0000
819.0910 729.3333
819.1060 732.6667
819.1200 783.3333
819.1350 742.6667
819.1500 743.3333
819.1640 789.3333
819.1790 748.6667
819.1940 750.0000
819.2090 750.6667
819.2230 734.6667
819.2380 728.0000
819.2530 759.3333
819.2670 730.6667
819.2820 716.0000
819.2970 732.6667
819.3110 733.3333
819.3260 714.6667
819.3410 738.6667
819.3550 733.3333
819.3700 745.3333
819.3850 785.3333
819.3990 759.3333
819.4140 716.0000
819.4290 745.3333
819.4440 758.6667
819.4580 738.0000
819.4730 712.0000
819.4880 726.0000
819.5020 730.0000
819.5170 746.0000
819.5320 690.0000
819.5460 730.0000
819.5610 721.3333
819.5760 725.3333
819.5900 719.3333
819.6050 730.6667
819.6200 718.6667
819.6340 754.6667
819.6490 710.0000
819.6640 720.6667
819.6780 744.6667
819.6930 750.0000
819.7080 736.6667
819.7220 739.3333
819.7370 712.0000
819.7520 723.3333
819.7660 702.0000
819.7810 713.3333
819.7950 692.0000
819.8100 702.0000
819.8250 704.0000
819.8390 726.6667
819.8540 711.3333
819.8690 735.3333
819.8830 711.3333
819.8980 720.6667
819.9130 712.0000
819.9270 712.6667
819.9420 728.6667
819.9570 710.6667
819.9710 708.6667
819.9860 711.3333
820.0010 705.3333
820.0150 708.6667
820.0300 706.6667
820.0440 714.6667
820.0590 697.3333
820.0740 712.0000
820.0880 689.3333
820.1030 698.0000
820.1180 674.0000
820.1320 680.0000
820.1470 708.0000
820.1610 679.3333
820.1760 699.3333
820.1910 708.0000
820.2050 666.6667
820.2200 680.0000
820.2350 710.0000
820.2490 700.6667
820.2640 680.0000
820.2780 678.0000
820.2930 669.3333
820.3080 677.3333
820.3220 646.0000
820.3370 688.0000
820.3520 672.6667
820.3660 694.0000
820.3810 668.0000
820.3950 659.3333
820.4100 681.3333
820.4250 682.0000
820.4390 690.0000
820.4540 676.6667
820.4680 654.0000
820.4830 690.0000
820.4980 680.0000
820.5120 667.3333
820.5270 668.0000
820.5410 678.0000
820.5560 684.0000
820.5710 679.3333
820.5850 681.3333
820.6000 678.6667
820.6140 658.0000
820.6290 659.3333
820.6440 692.6667
820.6580 662.6667
820.6730 680.6667
820.6870 680.6667
820.7020 650.0000
820.7170 637.3333
820.7310 672.6667
820.7460 667.3333
820.7600 652.0000
820.7750 659.3333
820.7900 654.0000
820.8040 676.6667
820.8190 652.0000
820.8330 682.0000
820.8480 654.6667
820.8620 685.3333
820.8770 667.3333
820.8920 656.0000
820.9060 651.3333
820.9210 660.6667
820.9350 660.0000
820.9500 659.3333
820.9640 663.3333
820.9790 646.6667
820.9940 642.0000
821.0080 670.6667
821.0230 641.3333
821.0370 642.0000
821.0520 659.3333
821.0660 664.0000
821.0810 648.6667
821.0960 654.0000
821.1100 685.3333
821.1250 656.6667
821.1390 670.0000
821.1540 630.0000
821.1680 672.0000
821.1830 614.6667
821.1970 654.0000
821.2120 622.0000
821.2270 650.6667
821.2410 611.3333
821.2560 620.6667
821.2700 636.0000
821.2850 608.6667
821.2990 604.0000
821.3140 630.0000
821.3280 660.6667
821.3430 631.3333
821.3570 650.6667
821.3720 634.0000
821.3870 598.6667
821.4010 634.0000
821.4160 629.3333
821.4300 606.6667
821.4450 628.6667
821.4590 639.3333
821.4740 626.0000
821.4880 616.0000
821.5030 628.0000
821.5170 613.3333
821.5320 584.6667
821.5460 610.0000
821.5610 618.6667
821.5760 615.3333
821.5900 616.6667
821.6050 616.6667
821.6190 622.6667
821.6340 600.0000
821.6480 651.3333
821.6630 604.0000
821.6770 615.3333
821.6920 622.6667
821.7060 619.3333
821.7210 620.0000
821.7350 636.6667
821.7500 602.0000
821.7640 596.6667
821.7790 603.3333
821.7930 605.3333
821.8080 600.0000
821.8220 598.6667
821.8370 591.3333
821.8510 595.3333
821.8660 611.3333
821.8800 606.0000
821.8950 589.3333
821.9090 618.0000
821.9240 611.3333
821.9380 612.6667
821.9530 632.6667
821.9670 612.0000
821.9820 592.6667
821.9960 596.0000
822.0110 625.3333
822.0250 624.0000
822.0400 578.6667
822.0540 594.0000
822.0690 605.3333
822.0830 576.6667
822.0980 572.6667
822.1120 602.6667
822.1270 581.3333
822.1410 584.6667
822.1560 584.0000
822.1700 567.3333
822.1850 578.6667
822.1990 556.0000
822.2140 617.3333
822.2280 572.6667
822.2430 589.3333
822.2570 584.0000
822.2720 614.6667
822.2860 584.0000
822.3010 592.0000
822.3150 594.6667
822.3300 582.0000
822.3440 576.6667
822.3590 554.6667
822.3730 560.6667
822.3880 583.3333
822.4020 608.0000
822.4160 575.3333
822.4310 582.6667
822.4450 614.6667
822.4600 558.0000
822.4740 540.0000
822.4890 578.0000
822.5030 588.0000
822.5180 576.0000
822.5320 579.3333
822.5470 583.3333
822.5610 585.3333
822.5760 570.0000
822.5900 590.0000
822.6050 586.0000
822.6190 574.0000
822.6330 590.6667
822.6480 548.6667
822.6620 556.0000
822.6770 580.0000
822.6910 589.3333
822.7060 568.0000
822.7200 577.3333
822.7350 569.3333
822.7490 585.3333
822.7630 567.3333
822.7780 575.3333
822.7920 582.6667
822.8070 572.0000
822.8210 568.0000
822.8360 577.3333
822.8500 590.6667
822.8650 571.3333
822.8790 585.3333
822.8930 585.3333
822.9080 556.6667
822.9220 555.3333
822.9370 572.6667
822.9510 570.0000
822.9660 567.3333
822.9800 602.0000
822.9940 569.3333
823.0090 564.6667
823.0230 553.3333
823.0380 568.6667
823.0520 578.0000
823.0670 605.3333
823.0810 580.0000
823.0950 564.0000
823.1100 602.6667
823.1240 587.3333
823.1390 552.0000
823.1530 576.0000
823.1680 559.3333
823.1820 578.6667
823.1960 562.6667
823.2110 552.0000
823.2250 570.0000
823.2400 551.3333
823.2540 563.3333
823.2680 580.6667
823.2830 534.6667
823.2970 574.6667
823.3120 582.6667
823.3260 572.0000
823.3400 564.0000
823.3550 563.3333
823.3690 568.0000
823.3840 545.3333
823.3980 574.0000
823.4120 559.3333
823.4270 568.6667
823.4410 556.0000
823.4560 582.6667
823.4700 565.3333
823.4840 536.6667
823.4990 550.0000
823.5130 565.3333
823.5280 572.0000
823.5420 568.6667
823.5560 547.3333
823.5710 565.3333
823.5850 586.6667
823.6000 556.6667
823.6140 559.3333
823.6280 550.0000
823.6430 556.6667
823.6570 533.3333
823.6710 560.0000
823.6860 539.3333
823.7000 541.3333
823.7150 570.6667
823.7290 558.6667
823.7430 578.6667
823.7580 551.3333
823.7720 544.6667
823.7860 566.6667
823.8010 584.6667
823.8150 554.0000
823.8300 544.6667
823.8440 552.0000
823.8580 533.3333
823.8730 554.0000
823.8870 555.3333
823.9010 578.0000
823.9160 567.3333
823.9300 592.6667
823.9450 556.6667
823.9590 544.6667
823.9730 562.0000
823.9880 572.0000
824.0020 578.6667
824.0160 580.6667
824.0310 554.6667
824.0450 559.3333
824.0590 548.6667
824.0740 550.6667
824.0880 564.6667
824.1020 532.0000
824.1170 562.6667
824.1310 554.0000
824.1450 518.6667
824.1600 536.0000
824.1740 563.3333
824.1880 559.3333
824.2030 554.6667
824.2170 573.3333
824.2320 566.6667
824.2460 554.6667
824.2600 576.0000
824.2750 572.6667
824.2890 574.6667
824.3030 558.0000
824.3180 560.0000
824.3320 551.3333
824.3460 569.3333
824.3610 552.6667
824.3750 538.0000
824.3890 550.0000
824.4040 574.0000
824.4180 563.3333
824.4320 540.0000
824.4460 584.0000
824.4610 567.3333
824.4750 584.6667
824.4890 575.3333
824.5040 573.3333
824.5180 542.0000
824.5320 557.3333
824.5470 570.6667
824.5610 579.3333
824.5750 552.6667
824.5900 544.6667
824.6040 618.6667
824.6180 576.0000
824.6330 562.6667
824.6470 551.3333
824.6610 577.3333
824.6760 569.3333
824.6900 574.0000
824.7040 556.6667
824.7180 561.3333
824.7330 584.0000
824.7470 564.0000
824.7610 564.0000
824.7760 598.6667
824.7910 565.3333
824.8060 598.6667
824.8210 626.6667
824.8360 587.3333
824.8510 585.3333
824.8660 614.0000
824.8800 586.0000
824.8950 592.6667
824.9100 592.0000
824.9250 578.6667
824.9400 610.6667
824.9550 568.6667
824.9700 606.6667
824.9850 582.0000
825.0000 578.6667
825.0140 600.6667
825.0290 574.6667
825.0440 593.3333
825.0590 596.0000
825.0740 581.3333
825.0890 588.0000
825.1040 586.6667
825.1190 596.0000
825.1340 568.6667
825.1480 586.0000
825.1630 568.0000
825.1780 577.3333
825.1930 570.6667
825.2080 584.6667
825.2230 594.0000
825.2380 585.3333
825.2530 585.3333
825.2670 564.0000
825.2820 584.0000
825.2970 588.6667
825.3120 597.3333
825.3270 606.6667
825.3420 611.3333
825.3570 578.6667
825.3720 597.3333
825.3860 618.6667
825.4010 609.3333
825.4160 586.0000
825.4310 602.6667
825.4460 568.0000
825.4610 561.3333
825.4760 574.0000
825.4900 574.0000
825.5050 573.3333
825.5200 582.6667
825.5350 604.0000
825.5500 583.3333
825.5650 601.3333
825.5800 575.3333
825.5940 588.6667
825.6090 557.3333
825.6240 591.3333
825.6390 586.6667
825.6540 605.3333
825.6690 602.6667
825.6830 597.3333
825.6980 580.0000
825.7130 573.3333
825.7280 583.3333
825.7430 583.3333
825.7580 568.6667
825.7730 606.6667
825.7870 574.0000
825.8020 567.3333
825.8170 594.6667
825.8320 605.3333
825.8470 590.0000
825.8620 602.6667
825.8760 593.3333
825.8910 565.3333
825.9060 585.3333
825.9210 596.0000
825.9360 590.6667
825.9510 583.3333
825.9650 576.6667
825.9800 576.6667
825.9950 589.3333
826.0100 591.3333
826.0250 570.6667
826.0390 577.3333
826.0540 576.0000
826.0690 558.6667
826.0840 603.3333
826.0990 606.0000
826.1140 566.6667
826.1280 603.3333
826.1430 603.3333
826.1580 598.0000
826.1730 619.3333
826.1880 582.0000
826.2020 578.6667
826.2170 576.6667
826.2320 563.3333
826.2470 600.6667
826.2620 588.6667
826.2760 602.6667
826.2910 585.3333
826.3060 576.6667
826.3210 563.3333
826.3360 581.3333
826.3510 589.3333
826.3650 589.3333
826.3800 584.0000
826.3950 597.3333
826.4100 571.3333
826.4250 593.3333
826.4390 604.6667
826.4540 600.6667
826.4690 580.6667
826.4840 584.6667
826.4980 603.3333
826.5130 610.6667
826.5280 566.0000
826.5430 574.0000
826.5580 576.6667
826.5720 573.3333
826.5870 575.3333
826.6020 553.3333
826.6170 595.3333
826.6320 576.0000
826.6460 572.0000
826.6610 576.0000
826.6760 594.6667
826.6910 586.0000
826.7050 560.0000
826.7200 580.0000
826.7350 586.6667
826.7500 574.6667
826.7650 582.0000
826.7790 582.6667
826.7940 568.6667
826.8090 595.3333
826.8240 566.6667
826.8380 562.6667
826.8530 603.3333
826.8680 594.6667
826.8830 553.3333
826.8970 573.3333
826.9120 591.3333
826.9270 584.0000
826.9420 582.0000
826.9570 567.3333
826.9710 600.0000
826.9860 576.0000
827.0010 576.0000
827.0160 565.3333
827.0300 615.3333
827.0450 579.3333
827.0600 605.3333
827.0750 559.3333
827.0890 594.6667
827.1040 578.6667
827.1190 612.6667
827.1340 607.3333
827.1480 591.3333
827.1630 589.3333
827.1780 594.0000
827.1930 600.6667
827.2070 619.3333
827.2220 619.3333
827.2370 598.6667
827.2520 606.0000
827.2660 596.0000
827.2810 581.3333
827.2960 626.0000
827.3110 586.6667
827.3250 577.3333
827.3400 604.6667
827.3550 575.3333
827.3690 591.3333
827.3840 597.3333
827.3990 602.0000
827.4140 606.0000
827.4280 602.6667
827.4430 590.0000
827.4580 597.3333
827.4730 622.6667
827.4870 588.0000
827.5020 604.0000
827.5170 601.3333
827.5310 579.3333
827.5460 584.0000
827.5610 581.3333
827.5760 573.3333
827.5900 580.6667
827.6050 593.3333
827.6200 570.6667
827.6340 610.0000
827.6490 580.0000
827.6640 606.0000
827.6790 583.3333
827.6930 614.0000
827.7080 607.3333
827.7230 618.6667
827.7370 601.3333
827.7520 605.3333
827.7670 624.6667
827.7820 594.6667
827.7960 618.0000
827.8110 577.3333
827.8260 610.6667
827.8400 609.3333
827.8550 600.0000
827.8700 622.6667
827.8850 598.6667
827.8990 614.0000
827.9140 614.0000
827.9290 615.3333
827.9430 637.3333
827.9580 614.0000
827.9730 610.0000
827.9870 612.6667
828.0020 631.3333
828.0170 620.0000
828.0310 594.6667
828.0460 608.6667
828.0610 602.6667
828.0760 594.0000
828.0900 626.0000
828.1050 594.6667
828.1200 598.0000
828.1340 595.3333
828.1490 624.6667
828.1640 611.3333
828.1780 605.3333
828.1930 601.3333
828.2080 613.3333
828.2220 603.3333
828.2370 616.0000
828.2520 631.3333
828.2660 616.0000
828.2810 621.3333
828.2960 634.0000
828.3100 608.0000
828.3250 624.6667
828.3400 635.3333
828.3540 604.6667
828.3690 621.3333
828.3840 622.0000
828.3980 617.3333
828.4130 631.3333
828.4280 620.0000
828.4420 636.0000
828.4570 625.3333
828.4720 636.0000
828.4860 633.3333
828.5010 644.0000
828.5160 628.0000
828.5300 646.0000
828.5450 673.3333
828.5600 632.0000
828.5740 634.0000
828.5890 606.6667
828.6040 640.6667
828.6180 642.6667
828.6330 655.3333
828.6480 616.6667
828.6620 636.6667
828.6770 640.6667
828.6910 626.0000
828.7060 619.3333
828.7210 633.3333
828.7350 638.6667
828.7500 599.3333
828.7650 656.6667
828.7790 633.3333
828.7940 622.0000
828.8090 644.6667
828.8230 648.0000
828.8380 654.0000
828.8530 638.0000
828.8670 636.6667
828.8820 658.6667
828.8960 640.0000
828.9110 651.3333
828.9260 663.3333
828.9400 640.6667
828.9550 690.0000
828.9700 660.6667
828.9840 656.0000
828.9990 658.6667
829.0130 654.0000
829.0280 675.3333
829.0430 638.6667
829.0570 666.6667
829.0720 663.3333
829.0870 652.0000
829.1010 659.3333
829.1160 676.0000
829.1300 672.0000
829.1450 691.3333
829.1600 675.3333
829.1740 690.0000
829.1890 648.6667
829.2030 678.0000
829.2180 698.6667
829.2330 664.6667
829.2470 672.0000
829.2620 688.0000
829.2760 678.0000
829.2910 672.0000
829.3060 686.6667
829.3200 672.0000
829.3350 640.0000
829.3490 662.6667
829.3640 656.0000
829.3790 690.0000
829.3930 686.0000
829.4080 684.0000
829.4220 655.3333
829.4370 684.0000
829.4520 668.0000
829.4660 685.3333
829.4810 697.3333
829.4950 679.3333
829.5100 675.3333
829.5250 681.3333
829.5390 700.6667
829.5540 679.3333
829.5680 651.3333
829.5830 667.3333
829.5980 683.3333
829.6120 672.0000
829.6270 686.0000
829.6410 668.0000
829.6560 664.0000
829.6700 670.6667
829.6850 686.0000
829.7000 697.3333
829.7140 678.0000
829.7290 702.6667
829.7430 672.0000
829.7580 688.6667
829.7720 676.6667
829.7870 698.0000
829.8020 657.3333
829.8160 717.3333
829.8310 671.3333
829.8450 654.0000
829.8600 665.3333
829.8740 686.0000
829.8890 728.0000
829.9040 696.6667
829.9180 668.6667
829.9330 666.6667
829.9470 684.6667
829.9620 682.0000
829.9760 670.6667
829.9910 671.3333
830.0050 664.6667
830.0200 694.0000
830.0350 692.0000
830.0490 678.0000
830.0640 658.0000
830.0780 648.6667
830.0930 705.3333
830.1070 651.3333
830.1220 673.3333
830.1360 651.3333
830.1510 686.0000
830.1660 671.3333
830.1800 684.0000
830.1950 638.6667
830.2090 657.3333
830.2240 682.0000
830.2380 670.0000
830.2530 637.3333
830.2670 670.0000
830.2820 672.6667
830.2960 665.3333
830.3110 636.6667
830.3250 656.6667
830.3400 637.3333
830.3550 676.6667
830.3690 667.3333
830.3840 669.3333
830.3980 660.6667
830.4130 663.3333
830.4270 672.0000
830.4420 614.6667
830.4560 610.6667
830.4710 644.6667
830.4850 641.3333
830.5000 618.6667
830.5140 647.3333
830.5290 659.3333
830.5430 640.6667
830.5580 632.6667
830.5720 646.6667
830.5870 631.3333
830.6010 616.0000
830.6160 640.0000
830.6300 622.6667
830.6450 630.6667
830.6590 633.3333
830.6740 630.6667
830.6880 640.0000
830.7030 650.6667
830.7180 643.3333
830.7320 608.0000
830.7470 606.6667
830.7610 652.0000
830.7760 634.0000
830.7900 618.6667
830.8050 626.6667
830.8190 606.0000
830.8340 640.0000
830.8480 629.3333
830.8630 612.6667
830.8770 606.0000
830.8920 622.6667
830.9060 620.6667
830.9210 630.6667
830.9350 628.0000
830.9490 610.0000
830.9640 605.3333
830.9780 585.3333
830.9930 605.3333
831.0070 600.6667
831.0220 588.0000
831.0360 583.3333
831.0510 595.3333
831.0650 622.6667
831.0800 590.0000
831.0940 580.6667
831.1090 598.0000
831.1230 592.6667
831.1380 558.6667
831.1520 606.6667
831.1670 590.0000
831.1810 612.0000
831.1960 578.0000
831.2100 615.3333
831.2250 574.6667
831.2390 594.0000
831.2540 606.6667
831.2680 580.0000
831.2830 589.3333
831.2970 603.3333
831.3110 572.0000
831.3260 566.0000
831.3400 566.0000
831.3550 590.6667
831.3690 562.0000
831.3840 565.3333
831.3980 588.0000
831.4130 605.3333
831.4270 574.6667
831.4420 566.6667
831.4560 534.0000
831.4710 570.6667
831.4850 564.6667
831.4990 564.0000
831.5140 584.0000
831.5280 555.3333
831.5430 544.0000
831.5570 548.6667
831.5720 540.0000
831.5860 543.3333
831.6010 533.3333
831.6150 565.3333
831.6290 558.0000
831.6440 578.6667
831.6580 554.0000
831.6730 551.3333
831.6870 528.6667
831.7020 558.0000
831.7160 543.3333
831.7310 564.0000
831.7450 551.3333
831.7590 537.3333
831.7740 552.6667
831.7880 543.3333
831.8030 510.6667
831.8170 574.6667
831.8320 542.6667
831.8460 554.6667
831.8600 548.0000
831.8750 549.3333
831.8890 550.6667
831.9040 540.6667
831.9180 522.0000
831.9330 538.0000
831.9470 540.0000
831.9610 550.0000
831.9760 505.3333
831.9900 546.6667
832.0050 548.6667
832.0190 535.3333
832.0330 530.6667
832.0480 510.6667
832.0620 522.6667
832.0770 500.0000
832.0910 508.6667
832.1060 526.0000
832.1200 502.6667
832.1340 521.3333
832.1490 509.3333
832.1630 511.3333
832.1780 500.6667
832.1920 525.3333
832.2060 512.0000
832.2210 526.0000
832.2350 530.0000
832.2500 512.0000
832.2640 505.3333
832.2780 517.3333
832.2930 516.6667
832.3070 522.6667
832.3220 496.0000
832.3360 528.6667
832.3500 498.6667
832.3650 500.0000
832.3790 508.6667
832.3940 503.3333
832.4080 500.6667
832.4220 500.6667
832.4370 478.6667
832.4510 520.6667
832.4650 508.6667
832.4800 512.0000
832.4940 496.6667
832.5090 490.0000
832.5230 492.0000
832.5370 516.0000
832.5520 495.3333
832.5660 503.3333
832.5810 492.6667
832.5950 485.3333
832.6090 490.6667
832.6240 514.6667
832.6380 502.6667
832.6520 479.3333
832.6670 508.0000
832.6810 480.0000
832.6960 482.0000
832.7100 485.3333
832.7240 492.6667
832.7390 503.3333
832.7530 486.6667
832.7670 500.6667
832.7820 485.3333
832.7960 482.6667
832.8100 455.3333
832.8250 462.6667
832.8390 484.0000
832.8530 454.0000
832.8680 490.0000
832.8820 477.3333
832.8970 482.0000
832.9110 471.3333
832.9250 477.3333
832.9400 479.3333
832.9540 474.0000
832.9680 486.0000
832.9830 489.3333
832.9970 478.6667
833.0110 466.6667
833.0260 484.0000
833.0400 522.0000
833.0540 476.0000
833.0690 488.0000
833.0830 467.3333
833.0970 509.3333
833.1120 462.6667
833.1260 470.0000
833.1400 462.0000
833.1550 484.0000
833.1690 481.3333
833.1830 480.6667
833.1980 466.6667
833.2120 491.3333
833.2260 478.0000
833.2410 476.0000
833.2550 450.6667
833.2690 448.0000
833.2840 442.6667
833.2980 474.0000
833.3120 478.6667
833.3270 457.3333
833.3410 486.6667
833.3550 464.6667
833.3700 459.3333
833.3840 464.6667
833.3980 460.6667
833.4130 474.6667
833.4270 466.0000
833.4410 492.0000
833.4560 472.6667
833.4700 476.6667
833.4840 448.6667
833.4990 465.3333
833.5130 454.0000
833.5270 461.3333
833.5420 455.3333
833.5560 457.3333
833.5700 481.3333
833.5840 450.6667
833.5990 472.6667
833.6130 446.6667
833.6270 439.3333
833.6420 456.0000
833.6560 461.3333
833.6700 460.0000
833.6850 446.0000
833.6990 457.3333
833.7130 474.0000
833.7270 472.6667
833.7420 457.3333
833.7560 438.0000
833.7700 459.3333
833.7850 472.6667
833.7990 458.6667
833.8130 453.3333
833.8270 444.6667
833.8420 434.6667
833.8560 454.6667
833.8700 461.3333
833.8850 474.6667
833.8990 463.3333
833.9130 470.0000
833.9270 458.0000
833.9420 443.3333
833.9560 442.0000
833.9700 474.6667
833.9850 458.6667
833.9990 439.3333
834.0130 437.3333
834.0270 446.0000
834.0420 448.6667
834.0560 460.0000
834.0700 452.6667
834.0850 430.0000
834.0990 453.3333
834.1130 464.6667
834.1270 456.0000
834.1420 468.6667
834.1560 458.0000
834.1700 448.0000
834.1840 449.3333
834.1990 448.0000
834.2130 442.6667
834.2270 444.0000
834.2410 458.6667
834.2560 459.3333
834.2700 428.6667
834.2840 458.0000
834.2980 460.6667
834.3130 433.3333
834.3270 444.6667
834.3410 420.6667
834.3550 427.3333
834.3700 446.6667
834.3840 454.0000
834.3980 436.6667
834.4120 466.6667
834.4270 417.3333
834.4410 412.6667
834.4550 434.6667
834.4690 448.6667
834.4840 440.6667
834.4980 448.6667
834.5120 412.0000
834.5260 452.6667
834.5410 444.6667
834.5550 457.3333
834.5690 435.3333
834.5830 450.6667
834.5980 428.6667
834.6120 432.0000
834.6260 438.6667
834.6400 428.6667
834.6550 440.0000
834.6690 423.3333
834.6830 420.0000
834.6970 429.3333
834.7110 417.3333
834.7260 436.0000
834.7400 443.3333
834.7540 436.6667
834.7680 423.3333
834.7830 402.0000
834.7970 443.3333
834.8110 447.3333
834.8250 444.6667
834.8390 441.3333
834.8540 449.3333
834.8680 438.0000
834.8820 420.0000
834.8960 413.3333
834.9100 411.3333
834.9250 446.6667
834.9390 440.0000
834.9530 420.6667
834.9670 408.0000
834.9820 407.3333
834.9960 410.6667
835.0100 429.3333
835.0240 413.3333
835.0380 406.0000
835.0530 411.3333
835.0670 446.6667
835.0810 445.3333
835.0950 423.3333
835.1090 448.6667
835.1240 446.6667
835.1380 430.6667
835.1520 421.3333
835.1660 436.0000
835.1800 422.6667
835.1950 406.6667
835.2090 417.3333
835.2230 430.6667
835.2370 444.6667
835.2510 428.6667
835.2650 417.3333
835.2800 414.6667
835.2940 408.6667
835.3080 423.3333
835.3220 446.0000
835.3360 427.3333
835.3510 436.0000
835.3650 422.6667
835.3790 416.0000
835.3930 398.6667
835.4070 420.0000
835.4210 432.6667
835.4360 432.0000
835.4500 426.6667
835.4640 412.6667
835.4780 389.3333
835.4920 428.0000
835.5060 407.3333
835.5210 408.0000
835.5350 408.0000
835.5490 426.6667
835.5630 418.6667
835.5770 419.3333
835.5910 416.0000
835.6060 404.6667
835.6200 386.6667
835.6340 431.3333
835.6480 426.0000
835.6620 430.0000
835.6760 423.3333
835.6910 415.3333
835.7050 430.0000
835.7190 428.0000
835.7330 429.3333
835.7470 428.0000
835.7610 398.0000
835.7750 392.0000
835.7900 422.0000
835.8040 427.3333
835.8180 403.3333
835.8320 392.0000
835.8460 410.6667
835.8600 404.0000
835.8740 413.3333
835.8890 410.6667
835.9030 432.6667
835.9170 423.3333
835.9310 399.3333
835.9450 420.6667
835.9590 408.6667
835.9730 421.3333
835.9880 420.0000
836.0020 415.3333
836.0160 422.0000
836.0300 397.3333
836.0440 419.3333
836.0580 426.0000
836.0720 414.6667
836.0860 416.0000
836.1010 401.3333
836.1150 404.0000
836.1290 388.6667
836.1430 387.3333
836.1570 407.3333
836.1710 402.0000
836.1850 399.3333
836.1990 413.3333
836.2140 404.6667
836.2280 406.0000
836.2420 420.6667
836.2560 398.6667
836.2700 422.6667
836.2840 404.0000
836.2980 404.0000
836.3120 406.6667
836.3260 380.6667
836.3410 413.3333
836.3550 397.3333
836.3690 399.3333
836.3830 407.3333
836.3970 425.3333
836.4110 402.0000
836.4250 403.3333
836.4390 396.0000
836.4530 399.3333
836.4680 409.3333
836.4820 407.3333
836.4960 405.3333
836.5100 418.6667
836.5240 405.3333
836.5380 392.0000
836.5520 410.6667
836.5660 418.0000
836.5800 406.0000
836.5940 402.6667
836.6080 389.3333
836.6230 396.0000
836.6370 412.6667
836.6510 402.6667
836.6650 384.0000
836.6790 402.6667
836.6930 415.3333
836.7070 401.3333
836.7210 416.6667
836.7350 390.6667
836.7490 386.6667
836.7630 410.6667
836.7770 426.6667
836.7920 394.0000
836.8060 390.6667
836.8200 382.6667
836.8340 396.6667
836.8480 384.6667
836.8620 393.3333
836.8760 390.0000
836.8900 388.6667
836.9040 397.3333
836.9180 392.0000
836.9320 417.3333
836.9460 397.3333
836.9600 359.3333
836.9740 387.3333
836.9880 391.3333
837.0030 409.3333
837.0170 386.6667
837.0310 425.3333
837.0450 375.3333
837.0590 372.6667
837.0730 400.0000
837.0870 395.3333
837.1010 399.3333
837.1150 392.6667
837.1290 414.0000
837.1430 392.6667
837.1570 396.0000
837.1710 397.3333
837.1850 378.0000
837.1990 380.6667
837.2130 406.6667
837.2270 386.0000
837.2410 388.0000
837.2550 398.6667
837.2690 370.0000
837.2830 403.3333
837.2980 401.3333
837.3120 375.3333
837.3260 366.0000
837.3400 387.3333
837.3540 376.0000
837.3680 388.0000
837.3820 370.0000
837.3960 393.3333
837.4100 384.0000
837.4240 399.3333
837.4380 398.0000
837.4520 394.6667
837.4660 378.6667
837.4800 394.6667
837.4940 398.0000
837.5080 408.6667
837.5220 360.6667
837.5360 372.6667
837.5500 376.6667
837.5640 382.6667
837.5780 367.3333
837.5920 382.0000
837.6060 367.3333
837.6200 390.6667
837.6340 376.6667
837.6480 382.0000
837.6620 375.3333
837.6760 367.3333
837.6900 378.6667
837.7040 372.6667
837.7180 396.0000
837.7320 395.3333
837.7460 379.3333
837.7600 386.6667
837.7740 376.6667
837.7880 371.3333
837.8020 393.3333
837.8160 386.6667
837.8300 374.0000
837.8440 370.6667
837.8580 384.0000
837.8720 385.3333
837.8860 387.3333
837.9000 392.0000
837.9140 372.0000
837.9280 371.3333
837.9420 365.3333
837.9560 380.0000
837.9700 384.6667
837.9840 369.3333
837.9980 383.3333
838.0120 368.0000
838.0260 368.0000
838.0400 374.0000
838.0540 367.3333
838.0680 364.0000
838.0820 372.6667
838.0960 390.0000
838.1100 383.3333
838.1240 372.0000
838.1380 362.0000
838.1520 352.6667
838.1660 350.0000
838.1800 380.0000
838.1940 366.6667
838.2080 368.0000
838.2220 349.3333
838.2360 370.0000
838.2500 372.0000
838.2640 369.3333
838.2780 366.0000
838.2920 360.6667
838.3060 390.6667
838.3190 376.0000
838.3330 370.6667
838.3470 342.6667
838.3610 383.3333
838.3750 366.6667
838.3890 354.0000
838.4030 358.6667
838.4170 382.0000
838.4310 366.6667
838.4450 360.0000
838.4590 382.6667
838.4730 362.6667
838.4870 375.3333
838.5010 369.3333
838.5150 389.3333
838.5290 370.6667
838.5430 355.3333
838.5570 383.3333
838.5710 395.3333
838.5850 379.3333
838.5990 377.3333
838.6120 352.0000
838.6260 371.3333
838.6400 354.6667
838.6540 352.0000
838.6680 357.3333
838.6820 384.0000
838.6960 351.3333
838.7100 368.0000
838.7240 360.6667
838.7380 370.6667
838.7520 360.6667
838.7660 372.0000
838.7800 365.3333
838.7940 363.3333
838.8080 366.6667
838.8210 380.0000
838.8350 370.6667
838.8490 350.6667
838.8630 346.0000
838.8770 372.6667
838.8910 364.6667
838.9050 357.3333
838.9190 346.0000
838.9330 371.3333
838.9470 373.3333
838.9610 370.6667
838.9750 372.6667
838.9880 353.3333
839.0020 360.6667
839.0160 371.3333
839.0300 361.3333
839.0440 374.6667
839.0580 354.0000
839.0720 372.0000
839.0860 344.6667
839.1000 356.6667
839.1140 353.3333
839.1280 354.0000
839.1410 384.6667
839.1550 352.6667
839.1690 370.6667
839.1830 370.0000
839.1970 362.0000
839.2110 376.0000
839.2250 360.6667
839.2390 351.3333
839.2530 360.0000
839.2660 342.0000
839.2800 362.6667
839.2940 354.6667
839.3080 360.0000
839.3220 360.0000
839.3360 353.3333
839.3500 379.3333
839.3640 365.3333
839.3780 358.6667
839.3910 362.0000
839.4050 384.0000
839.4190 362.0000
839.4330 383.3333
839.4470 394.6667
839.4610 354.6667
839.4750 351.3333
839.4890 341.3333
839.5020 348.0000
