794.000	28932.000
794.016	28120.000
794.031	27080.000
794.047	26132.000
794.063	25376.000
794.079	24996.000
794.094	24886.000
794.110	24670.000
794.126	24714.000
794.142	24792.000
794.157	24714.000
794.173	25404.000
794.189	25414.000
794.204	26324.000
794.220	27160.000
794.236	27540.000
794.252	27474.000
794.267	27354.000
794.283	27126.000
794.299	25968.000
794.314	24970.000
794.330	24276.000
794.346	24236.000
794.362	23818.000
794.377	23500.000
794.393	23774.000
794.409	23434.000
794.424	23804.000
794.440	24440.000
794.456	24516.000
794.472	25580.000
794.487	26160.000
794.503	26680.000
794.519	26644.000
794.534	26172.000
794.550	25312.000
794.566	24506.000
794.581	23556.000
794.597	23164.000
794.613	22872.000
794.629	22580.000
794.644	22424.000
794.660	22662.000
794.676	22874.000
794.691	22894.000
794.707	23564.000
794.723	24160.000
794.738	25124.000
794.754	25458.000
794.770	25752.000
794.785	25852.000
794.801	25280.000
794.817	24288.000
794.832	23152.000
794.848	22602.000
794.864	21742.000
794.880	21836.000
794.895	21646.000
794.911	21540.000
794.927	21850.000
794.942	21986.000
794.958	21990.000
794.974	22674.000
794.989	23354.000
795.005	24074.000
795.021	24696.000
795.036	24574.000
795.052	24300.000
795.068	23566.000
795.083	22788.000
795.099	21982.000
795.115	21674.000
795.130	21108.000
795.146	21086.000
795.162	20816.000
795.177	21032.000
795.193	20844.000
795.209	21132.000
795.224	21856.000
795.240	22066.000
795.256	22488.000
795.271	22938.000
795.287	23324.000
795.303	22966.000
795.318	22860.000
795.334	22156.000
795.350	21550.000
795.365	20934.000
795.381	20588.000
795.396	20366.000
795.412	20006.000
795.428	20186.000
795.443	20324.000
795.459	20354.000
795.475	20338.000
795.490	20842.000
795.506	21438.000
795.522	21940.000
795.537	22342.000
795.553	22294.000
795.569	22144.000
795.584	21824.000
795.600	21152.000
795.615	20518.000
795.631	20110.000
795.647	19760.000
795.662	19506.000
795.678	19624.000
795.694	19422.000
795.709	19624.000
795.725	19726.000
795.741	19466.000
795.756	19670.000
795.772	20050.000
795.787	20652.000
795.803	21146.000
795.819	21210.000
795.834	21450.000
795.850	21126.000
795.866	20554.000
795.881	19754.000
795.897	19286.000
795.912	18834.000
795.928	18668.000
795.944	18652.000
795.959	18726.000
795.975	18404.000
795.990	18360.000
796.006	18772.000
796.022	18846.000
796.037	19616.000
796.053	19778.000
796.068	20334.000
796.084	20328.000
796.100	20322.000
796.115	20038.000
796.131	19396.000
796.147	19012.000
796.162	18490.000
796.178	18128.000
796.193	17888.000
796.209	17780.000
796.225	17886.000
796.240	17528.000
796.256	17850.000
796.271	17972.000
796.287	18432.000
796.303	18776.000
796.318	19388.000
796.334	19464.000
796.349	19504.000
796.365	19286.000
796.380	19182.000
796.396	18760.000
796.412	18000.000
796.427	17572.000
796.443	17160.000
796.458	16982.000
796.474	17060.000
796.490	17316.000
796.505	17144.000
796.521	17158.000
796.536	17338.000
796.552	17876.000
796.567	18198.000
796.583	18610.000
796.599	19074.000
796.614	18742.000
796.630	18552.000
796.645	18558.000
796.661	17722.000
796.676	17056.000
796.692	16756.000
796.708	16682.000
796.723	16126.000
796.739	16164.000
796.754	16484.000
796.770	16574.000
796.785	16520.000
796.801	16876.000
796.817	17128.000
796.832	17600.000
796.848	17648.000
796.863	18134.000
796.879	18136.000
796.894	17764.000
796.910	17674.000
796.925	16894.000
796.941	16516.000
796.957	16154.000
796.972	15790.000
796.988	15936.000
797.003	15938.000
797.019	15752.000
797.034	16070.000
797.050	15908.000
797.065	15988.000
797.081	16536.000
797.097	16528.000
797.112	16920.000
797.128	17172.000
797.143	17038.000
797.159	16898.000
797.174	16612.000
797.190	16220.000
797.205	16010.000
797.221	15746.000
797.236	15558.000
797.252	15464.000
797.267	15450.000
797.283	15328.000
797.299	15300.000
797.314	15534.000
797.330	15380.000
797.345	15738.000
797.361	15724.000
797.376	16078.000
797.392	16250.000
797.407	16530.000
797.423	16160.000
797.438	16042.000
797.454	15470.000
797.469	15038.000
797.485	14812.000
797.500	14604.000
797.516	14982.000
797.531	14458.000
797.547	14704.000
797.562	14806.000
797.578	14684.000
797.594	14818.000
797.609	15072.000
797.625	15228.000
797.640	15682.000
797.656	15716.000
797.671	15866.000
797.687	15692.000
797.702	15358.000
797.718	15104.000
797.733	14654.000
797.749	14540.000
797.764	14098.000
797.780	14006.000
797.795	13912.000
797.811	13946.000
797.826	13908.000
797.842	14138.000
797.857	14236.000
797.873	14502.000
797.888	14502.000
797.904	14688.000
797.919	15014.000
797.935	15270.000
797.950	15080.000
797.966	14606.000
797.981	14600.000
797.997	14228.000
798.012	13802.000
798.028	13512.000
798.043	13578.000
798.059	13218.000
798.074	13244.000
798.089	13592.000
798.105	13360.000
798.120	13642.000
798.136	13656.000
798.151	14084.000
798.167	14048.000
798.182	14276.000
798.198	14074.000
798.213	14492.000
798.229	13900.000
798.244	13756.000
798.260	13338.000
798.275	13078.000
798.291	13158.000
798.306	12850.000
798.322	12866.000
798.337	13058.000
798.353	12976.000
798.368	13106.000
798.383	13064.000
798.399	13134.000
798.414	13446.000
798.430	13594.000
798.445	13692.000
798.461	13712.000
798.476	13534.000
798.492	13132.000
798.507	13052.000
798.523	12864.000
798.538	12396.000
798.554	12534.000
798.569	12308.000
798.584	12252.000
798.600	12430.000
798.615	12282.000
798.631	12306.000
798.646	12494.000
798.662	12750.000
798.677	12640.000
798.693	12940.000
798.708	12914.000
798.724	13006.000
798.739	13012.000
798.754	12912.000
798.770	12550.000
798.785	12542.000
798.801	12198.000
798.816	12214.000
798.832	11956.000
798.847	11944.000
798.862	11738.000
798.878	11866.000
798.893	11868.000
798.909	11822.000
798.924	11824.000
798.940	12126.000
798.955	12210.000
798.970	12288.000
798.986	12428.000
799.001	12422.000
799.017	12432.000
799.032	12140.000
799.048	12158.000
799.063	11802.000
799.078	11600.000
799.094	11348.000
799.109	11286.000
799.125	11172.000
799.140	11400.000
799.156	11038.000
799.171	11366.000
799.186	11416.000
799.202	11308.000
799.217	11666.000
799.233	11596.000
799.248	11818.000
799.263	11820.000
799.279	11634.000
799.294	11658.000
799.310	11416.000
799.325	11098.000
799.341	10758.000
799.356	11032.000
799.371	10832.000
799.387	10758.000
799.402	10674.000
799.418	10866.000
799.433	10940.000
799.448	10946.000
799.464	10982.000
799.479	11046.000
799.495	11236.000
799.510	11194.000
799.525	11226.000
799.541	11108.000
799.556	11094.000
799.571	11022.000
799.587	10604.000
799.602	10298.000
799.618	10378.000
799.633	10084.000
799.648	10138.000
799.664	10148.000
799.679	10194.000
799.695	10212.000
799.710	10290.000
799.725	10536.000
799.741	10414.000
799.756	10462.000
799.771	10552.000
799.787	10688.000
799.802	10668.000
799.818	10668.000
799.833	10386.000
799.848	10302.000
799.864	9990.000
799.879	9938.000
799.894	9734.000
799.910	9744.000
799.925	9860.000
799.941	9740.000
799.956	9850.000
799.971	9744.000
799.987	9834.000
800.002	9936.000
800.017	9870.000
800.033	9814.000
800.048	9956.000
800.063	10004.000
800.079	10112.000
800.094	9776.000
800.110	9782.000
800.125	9572.000
800.140	9580.000
800.156	9554.000
800.171	9438.000
800.186	9160.000
800.202	9256.000
800.217	9300.000
800.232	9202.000
800.248	9366.000
800.263	9124.000
800.278	9290.000
800.294	9480.000
800.309	9464.000
800.324	9606.000
800.340	9578.000
800.355	9680.000
800.370	9282.000
800.386	9266.000
800.401	9088.000
800.417	8984.000
800.432	8986.000
800.447	8780.000
800.463	8994.000
800.478	8718.000
800.493	8708.000
800.509	8898.000
800.524	8840.000
800.539	8812.000
800.555	8858.000
800.570	9028.000
800.585	9226.000
800.600	9148.000
800.616	9180.000
800.631	8972.000
800.646	9154.000
800.662	9054.000
800.677	8638.000
800.692	8566.000
800.708	8624.000
800.723	8186.000
800.738	8098.000
800.754	8218.000
800.769	8328.000
800.784	8504.000
800.800	8522.000
800.815	8646.000
800.830	8530.000
800.846	8646.000
800.861	8736.000
800.876	8824.000
800.891	8692.000
800.907	8558.000
800.922	8374.000
800.937	8278.000
800.953	8088.000
800.968	7914.000
800.983	7890.000
800.999	7762.000
801.014	7868.000
801.029	8040.000
801.045	7920.000
801.060	7954.000
801.075	8044.000
801.090	8032.000
801.106	8206.000
801.121	8302.000
801.136	8096.000
801.152	8176.000
801.167	7972.000
801.182	7938.000
801.197	7742.000
801.213	7768.000
801.228	7716.000
801.243	7726.000
801.259	7722.000
801.274	7700.000
801.289	7654.000
801.304	7712.000
801.320	7782.000
801.335	7798.000
801.350	7708.000
801.366	7858.000
801.381	7752.000
801.396	7740.000
801.411	7664.000
801.427	7662.000
801.442	7692.000
801.457	7566.000
801.472	7330.000
801.488	7398.000
801.503	7316.000
801.518	7124.000
801.534	7260.000
801.549	7184.000
801.564	7322.000
801.579	7294.000
801.595	7282.000
801.610	7282.000
801.625	7400.000
801.640	7332.000
801.656	7474.000
801.671	7462.000
801.686	7366.000
801.701	7284.000
801.717	7332.000
801.732	7306.000
801.747	7068.000
801.762	6964.000
801.778	6824.000
801.793	6932.000
801.808	6836.000
801.823	6804.000
801.839	6878.000
801.854	6846.000
801.869	6882.000
801.884	6908.000
801.900	6914.000
801.915	6898.000
801.930	7092.000
801.945	7142.000
801.961	7150.000
801.976	7056.000
801.991	6892.000
802.006	6886.000
802.022	6536.000
802.037	6638.000
802.052	6604.000
802.067	6668.000
802.082	6598.000
802.098	6472.000
802.113	6514.000
802.128	6412.000
802.143	6540.000
802.159	6466.000
802.174	6700.000
802.189	6726.000
802.204	6832.000
802.220	6738.000
802.235	6756.000
802.250	6792.000
802.265	6598.000
802.280	6524.000
802.296	6252.000
802.311	6186.000
802.326	6308.000
802.341	6158.000
802.356	6238.000
802.372	6146.000
802.387	6116.000
802.402	6302.000
802.417	6436.000
802.433	6392.000
802.448	6214.000
802.463	6410.000
802.478	6520.000
802.493	6478.000
802.509	6396.000
802.524	6166.000
802.539	6274.000
802.554	5898.000
802.569	5850.000
802.585	5922.000
802.600	5846.000
802.615	5880.000
802.630	5862.000
802.645	5864.000
802.661	5994.000
802.676	5994.000
802.691	5936.000
802.706	5954.000
802.721	6068.000
802.736	6210.000
802.752	6178.000
802.767	6186.000
802.782	6064.000
802.797	5944.000
802.812	5782.000
802.828	5702.000
802.843	5626.000
802.858	5558.000
802.873	5596.000
802.888	5610.000
802.903	5626.000
802.919	5474.000
802.934	5788.000
802.949	5688.000
802.964	5710.000
802.979	5772.000
802.995	5714.000
803.010	5802.000
803.025	5652.000
803.040	5654.000
803.055	5680.000
803.070	5612.000
803.086	5500.000
803.101	5450.000
803.116	5368.000
803.131	5468.000
803.146	5380.000
803.161	5468.000
803.177	5392.000
803.192	5392.000
803.207	5420.000
803.222	5318.000
803.237	5350.000
803.252	5336.000
803.267	5454.000
803.283	5308.000
803.298	5460.000
803.313	5502.000
803.328	5444.000
803.343	5264.000
803.358	5130.000
803.374	5184.000
803.389	5168.000
803.404	5176.000
803.419	5120.000
803.434	5156.000
803.449	5144.000
803.464	5106.000
803.480	5128.000
803.495	5022.000
803.510	5080.000
803.525	5170.000
803.540	5216.000
803.555	5206.000
803.570	5242.000
803.585	5136.000
803.601	5002.000
803.616	5030.000
803.631	4926.000
803.646	5014.000
803.661	4830.000
803.676	4876.000
803.691	4718.000
803.706	5000.000
803.722	4846.000
803.737	4816.000
803.752	4806.000
803.767	4884.000
803.782	4916.000
803.797	4932.000
803.812	5024.000
803.827	4874.000
803.843	4938.000
803.858	4996.000
803.873	4974.000
803.888	4800.000
803.903	4736.000
803.918	4566.000
803.933	4574.000
803.948	4528.000
803.963	4628.000
803.979	4608.000
803.994	4592.000
804.009	4772.000
804.024	4586.000
804.039	4650.000
804.054	4854.000
804.069	4748.000
804.084	4866.000
804.099	4778.000
804.115	4860.000
804.130	4628.000
804.145	4496.000
804.160	4648.000
804.175	4512.000
804.190	4406.000
804.205	4480.000
804.220	4456.000
804.235	4418.000
804.250	4428.000
804.265	4476.000
804.281	4394.000
804.296	4570.000
804.311	4488.000
804.326	4560.000
804.341	4530.000
804.356	4622.000
804.371	4550.000
804.386	4592.000
804.401	4474.000
804.416	4426.000
804.431	4304.000
804.446	4206.000
804.461	4226.000
804.477	4178.000
804.492	4188.000
804.507	4350.000
804.522	4348.000
804.537	4326.000
804.552	4256.000
804.567	4206.000
804.582	4230.000
804.597	4208.000
804.612	4286.000
804.627	4374.000
804.642	4390.000
804.657	4356.000
804.672	4274.000
804.688	4178.000
804.703	4200.000
804.718	4056.000
804.733	4058.000
804.748	3988.000
804.763	4026.000
804.778	3996.000
804.793	4034.000
804.808	4046.000
804.823	4114.000
804.838	4040.000
804.853	4074.000
804.868	4078.000
804.883	4110.000
804.898	4140.000
804.913	4072.000
804.928	4112.000
804.943	4084.000
804.958	4184.000
804.973	3958.000
804.989	3940.000
805.004	3948.000
805.019	3868.000
805.034	3766.000
805.049	3862.000
805.064	3818.000
805.079	3750.000
805.094	4012.000
805.109	3882.000
805.124	3864.000
805.139	3928.000
805.154	3846.000
805.169	3910.000
805.184	4034.000
805.199	4008.000
805.214	3888.000
805.229	3800.000
805.244	3764.000
805.259	3840.000
805.274	3736.000
805.289	3588.000
805.304	3636.000
805.319	3642.000
805.334	3732.000
805.349	3700.000
805.364	3662.000
805.379	3776.000
805.394	3710.000
805.409	3830.000
805.424	3752.000
805.439	3760.000
805.454	3834.000
805.469	3764.000
805.484	3712.000
805.499	3650.000
805.514	3716.000
805.529	3614.000
805.544	3558.000
805.559	3598.000
805.574	3504.000
805.589	3534.000
805.604	3554.000
805.619	3546.000
805.634	3598.000
805.649	3612.000
805.664	3774.000
805.679	3658.000
805.694	3668.000
805.709	3586.000
805.724	3632.000
805.739	3626.000
805.754	3588.000
805.769	3554.000
805.784	3452.000
805.799	3436.000
805.814	3454.000
805.829	3432.000
805.844	3496.000
805.859	3514.000
805.874	3494.000
805.889	3462.000
805.904	3464.000
805.919	3462.000
805.934	3482.000
805.949	3566.000
805.964	3570.000
805.979	3530.000
805.994	3598.000
806.009	3432.000
806.024	3438.000
806.039	3456.000
806.054	3510.000
806.069	3294.000
806.084	3352.000
806.099	3254.000
806.114	3424.000
806.129	3272.000
806.144	3298.000
806.159	3360.000
806.174	3452.000
806.188	3408.000
806.203	3368.000
806.218	3356.000
806.233	3404.000
806.248	3388.000
806.263	3392.000
806.278	3320.000
806.293	3352.000
806.308	3416.000
806.323	3326.000
806.338	3246.000
806.353	3334.000
806.368	3290.000
806.383	3196.000
806.398	3194.000
806.413	3208.000
806.428	3292.000
806.443	3216.000
806.458	3250.000
806.473	3170.000
806.487	3288.000
806.502	3224.000
806.517	3268.000
806.532	3258.000
806.547	3320.000
806.562	3198.000
806.577	3134.000
806.592	3100.000
806.607	3148.000
806.622	3124.000
806.637	3014.000
806.652	3006.000
806.667	3022.000
806.682	2882.000
806.697	2980.000
806.711	3034.000
806.726	3054.000
806.741	3042.000
806.756	3030.000
806.771	3176.000
806.786	3004.000
806.801	3146.000
806.816	3132.000
806.831	3128.000
806.846	3024.000
806.861	3158.000
806.876	2890.000
806.890	2920.000
806.905	2840.000
806.920	2990.000
806.935	2986.000
806.950	2844.000
806.965	2910.000
806.980	2850.000
806.995	2930.000
807.010	2958.000
807.025	2932.000
807.040	2932.000
807.054	2998.000
807.069	2952.000
807.084	3030.000
807.099	3018.000
807.114	2958.000
807.129	2954.000
807.144	2842.000
807.159	2910.000
807.174	2904.000
807.189	2824.000
807.203	2764.000
807.218	2834.000
807.233	2890.000
807.248	2816.000
807.263	2804.000
807.278	2972.000
807.293	2760.000
807.308	2866.000
807.323	2890.000
807.337	2778.000
807.352	2824.000
807.367	2764.000
807.382	2810.000
807.397	2800.000
807.412	2720.000
807.427	2774.000
807.442	2728.000
807.456	2762.000
807.471	2648.000
807.486	2680.000
807.501	2822.000
807.516	2776.000
807.531	2664.000
807.546	2688.000
807.561	2718.000
807.575	2764.000
807.590	2670.000
807.605	2738.000
807.620	2708.000
807.635	2712.000
807.650	2802.000
807.665	2702.000
807.679	2640.000
807.694	2728.000
807.709	2620.000
807.724	2606.000
807.739	2572.000
807.754	2566.000
807.769	2640.000
807.783	2490.000
807.798	2580.000
807.813	2548.000
807.828	2686.000
807.843	2554.000
807.858	2612.000
807.872	2642.000
807.887	2738.000
807.902	2562.000
807.917	2640.000
807.932	2654.000
807.947	2540.000
807.962	2592.000
807.976	2616.000
807.991	2506.000
808.006	2578.000
808.021	2456.000
808.036	2490.000
808.051	2522.000
808.065	2512.000
808.080	2500.000
808.095	2510.000
808.110	2512.000
808.125	2454.000
808.140	2502.000
808.154	2558.000
808.169	2568.000
808.184	2604.000
808.199	2564.000
808.214	2506.000
808.228	2552.000
808.243	2478.000
808.258	2388.000
808.273	2418.000
808.288	2462.000
808.303	2436.000
808.317	2378.000
808.332	2366.000
808.347	2392.000
808.362	2438.000
808.377	2460.000
808.391	2456.000
808.406	2412.000
808.421	2374.000
808.436	2384.000
808.451	2458.000
808.465	2454.000
808.480	2518.000
808.495	2346.000
808.510	2374.000
808.525	2424.000
808.540	2360.000
808.554	2414.000
808.569	2398.000
808.584	2250.000
808.599	2324.000
808.613	2376.000
808.628	2446.000
808.643	2400.000
808.658	2404.000
808.673	2384.000
808.687	2412.000
808.702	2304.000
808.717	2376.000
808.732	2344.000
808.747	2272.000
808.761	2290.000
808.776	2304.000
808.791	2250.000
808.806	2302.000
808.821	2310.000
808.835	2296.000
808.850	2246.000
808.865	2304.000
808.880	2312.000
808.894	2284.000
808.909	2270.000
808.924	2296.000
808.939	2280.000
808.953	2298.000
808.968	2314.000
808.983	2304.000
808.998	2276.000
809.013	2336.000
809.027	2328.000
809.042	2298.000
809.057	2290.000
809.072	2316.000
809.086	2274.000
809.101	2232.000
809.116	2214.000
809.131	2198.000
809.145	2230.000
809.160	2154.000
809.175	2282.000
809.190	2178.000
809.204	2230.000
809.219	2250.000
809.234	2222.000
809.249	2324.000
809.263	2190.000
809.278	2250.000
809.293	2202.000
809.308	2242.000
809.322	2192.000
809.337	2158.000
809.352	2156.000
809.367	2220.000
809.381	2186.000
809.396	2216.000
809.411	2154.000
809.426	2206.000
809.440	2104.000
809.455	2190.000
809.470	2110.000
809.485	2244.000
809.499	2232.000
809.514	2240.000
809.529	2198.000
809.544	2222.000
809.558	2182.000
809.573	2250.000
809.588	2224.000
809.602	2312.000
809.618	2140.000
809.633	2188.000
809.648	2200.000
809.664	2086.000
809.679	2168.000
809.694	2114.000
809.710	2032.000
809.725	2092.000
809.740	2182.000
809.756	2136.000
809.771	2110.000
809.786	2182.000
809.802	2188.000
809.817	2130.000
809.832	2196.000
809.847	2148.000
809.863	2148.000
809.878	2142.000
809.893	2096.000
809.909	2090.000
809.924	2026.000
809.939	2012.000
809.955	2098.000
809.970	1948.000
809.985	1990.000
810.000	2044.000
810.016	2058.000
810.031	2038.000
810.046	2100.000
810.062	2144.000
810.077	2030.000
810.092	2186.000
810.108	2100.000
810.123	2160.000
810.138	2128.000
810.153	2072.000
810.169	2054.000
810.184	2008.000
810.199	2084.000
810.215	1932.000
810.230	1962.000
810.245	1974.000
810.260	1950.000
810.276	1982.000
810.291	1922.000
810.306	2066.000
810.321	1988.000
810.337	1972.000
810.352	2036.000
810.367	1926.000
810.383	2012.000
810.398	1946.000
810.413	1956.000
810.428	1952.000
810.444	1978.000
810.459	2008.000
810.474	1976.000
810.489	1860.000
810.505	2008.000
810.520	1960.000
810.535	1910.000
810.550	1928.000
810.566	1994.000
810.581	1974.000
810.596	1958.000
810.612	1842.000
810.627	1960.000
810.642	1936.000
810.657	1908.000
810.673	1878.000
810.688	1978.000
810.703	1920.000
810.718	1850.000
810.734	1842.000
810.749	1890.000
810.764	1886.000
810.779	1940.000
810.795	1902.000
810.810	1890.000
810.825	1850.000
810.840	1844.000
810.856	1834.000
810.871	1874.000
810.886	1850.000
810.901	1830.000
810.916	1908.000
810.932	1894.000
810.947	1944.000
810.962	1972.000
810.977	1916.000
810.993	1856.000
811.008	1882.000
811.023	1842.000
811.038	1844.000
811.054	1836.000
811.069	1738.000
811.084	1798.000
811.099	1836.000
811.114	1838.000
811.130	1782.000
811.145	1882.000
811.160	1874.000
811.175	1880.000
811.191	1878.000
811.206	1806.000
811.221	1852.000
811.236	1872.000
811.251	1886.000
811.267	1808.000
811.282	1812.000
811.297	1806.000
811.312	1840.000
811.328	1844.000
811.343	1746.000
811.358	1732.000
811.373	1806.000
811.388	1770.000
811.404	1712.000
811.419	1718.000
811.434	1760.000
811.449	1834.000
811.464	1798.000
811.480	1800.000
811.495	1794.000
811.510	1680.000
811.525	1812.000
811.540	1790.000
811.556	1698.000
811.571	1698.000
811.586	1730.000
811.601	1682.000
811.616	1778.000
811.632	1704.000
811.647	1812.000
811.662	1790.000
811.677	1666.000
811.692	1856.000
811.708	1660.000
811.723	1774.000
811.738	1752.000
811.753	1730.000
811.768	1768.000
811.783	1706.000
811.799	1708.000
811.814	1704.000
811.829	1692.000
811.844	1720.000
811.859	1636.000
811.875	1676.000
811.890	1690.000
811.905	1682.000
811.920	1638.000
811.935	1724.000
811.950	1698.000
811.966	1668.000
811.981	1762.000
811.996	1706.000
812.011	1660.000
812.026	1762.000
812.041	1708.000
812.057	1680.000
812.072	1728.000
812.087	1690.000
812.102	1724.000
812.117	1638.000
812.132	1608.000
812.148	1722.000
812.163	1620.000
812.178	1580.000
812.193	1670.000
812.208	1664.000
812.223	1654.000
812.239	1686.000
812.254	1546.000
812.269	1584.000
812.284	1586.000
812.299	1692.000
812.314	1682.000
812.329	1724.000
812.345	1662.000
812.360	1728.000
812.375	1668.000
812.390	1572.000
812.405	1652.000
812.420	1628.000
812.435	1606.000
812.451	1616.000
812.466	1666.000
812.481	1566.000
812.496	1646.000
812.511	1586.000
812.526	1600.000
812.541	1600.000
812.557	1634.000
812.572	1622.000
812.587	1648.000
812.602	1676.000
812.617	1670.000
812.632	1700.000
812.647	1678.000
812.662	1610.000
812.678	1710.000
812.693	1686.000
812.708	1716.000
812.723	1596.000
812.738	1602.000
812.753	1616.000
812.768	1614.000
812.783	1634.000
812.799	1690.000
812.814	1818.000
812.829	1732.000
812.844	1764.000
812.859	1736.000
812.874	1702.000
812.889	1756.000
812.904	1798.000
812.919	1746.000
812.935	1844.000
812.950	1858.000
812.965	1848.000
812.980	1836.000
812.995	1824.000
813.010	1866.000
813.025	2010.000
813.040	2012.000
813.055	2068.000
813.071	2100.000
813.086	2170.000
813.101	2226.000
813.116	2178.000
813.131	2242.000
813.146	2152.000
813.161	2182.000
813.176	2074.000
813.191	2088.000
813.206	1974.000
813.222	2028.000
813.237	1930.000
813.252	2032.000
813.267	2002.000
813.282	1980.000
813.297	1916.000
813.312	1824.000
813.327	1890.000
813.342	1862.000
813.357	1836.000
813.372	1820.000
813.387	1790.000
813.403	1738.000
813.418	1804.000
813.433	1820.000
813.448	1752.000
813.463	1794.000
813.478	1798.000
813.493	1726.000
813.508	1778.000
813.523	1698.000
813.538	1712.000
813.553	1624.000
813.568	1700.000
813.583	1754.000
813.598	1676.000
813.614	1644.000
813.629	1678.000
813.644	1664.000
813.659	1680.000
813.674	1694.000
813.689	1658.000
813.704	1676.000
813.719	1674.000
813.734	1652.000
813.749	1628.000
813.764	1698.000
813.779	1762.000
813.794	1696.000
813.809	1706.000
813.824	1686.000
813.839	1668.000
813.854	1700.000
813.870	1652.000
813.885	1666.000
813.900	1616.000
813.915	1640.000
813.930	1708.000
813.945	1720.000
813.960	1788.000
813.975	1744.000
813.990	1836.000
814.005	1832.000
814.020	1814.000
814.035	1862.000
814.050	1890.000
814.065	1870.000
814.080	1930.000
814.095	1912.000
814.110	1950.000
814.125	1892.000
814.140	2038.000
814.155	2032.000
814.170	2104.000
814.185	2150.000
814.200	2150.000
814.215	2260.000
814.230	2370.000
814.245	2488.000
814.260	2494.000
814.275	2670.000
814.291	2798.000
814.306	2870.000
814.321	3036.000
814.336	3172.000
814.351	3324.000
814.366	3504.000
814.381	3586.000
814.396	3830.000
814.411	3940.000
814.426	4050.000
814.441	4214.000
814.456	4456.000
814.471	4528.000
814.486	4674.000
814.501	4626.000
814.516	4596.000
814.531	4392.000
814.546	4364.000
814.561	4284.000
814.576	4298.000
814.591	3994.000
814.606	3926.000
814.621	3726.000
814.636	3714.000
814.651	3484.000
814.666	3346.000
814.681	3210.000
814.696	3134.000
814.711	3072.000
814.726	2894.000
814.741	2826.000
814.756	2682.000
814.771	2660.000
814.786	2548.000
814.801	2562.000
814.816	2370.000
814.831	2386.000
814.846	2330.000
814.861	2366.000
814.876	2224.000
814.891	2148.000
814.906	2292.000
814.921	2106.000
814.936	2082.000
814.951	2108.000
814.966	2058.000
814.980	1990.000
814.995	1966.000
815.010	2054.000
815.025	2046.000
815.040	1914.000
815.055	1972.000
815.070	1934.000
815.085	1880.000
815.100	1898.000
815.115	1854.000
815.130	1758.000
815.145	1870.000
815.160	1834.000
815.175	1698.000
815.190	1704.000
815.205	1812.000
815.220	1664.000
815.235	1644.000
815.250	1564.000
815.265	1616.000
815.280	1578.000
815.295	1564.000
815.310	1524.000
815.325	1630.000
815.340	1590.000
815.355	1562.000
815.370	1482.000
815.384	1550.000
815.399	1510.000
815.414	1500.000
815.429	1502.000
815.444	1524.000
815.459	1418.000
815.474	1398.000
815.489	1376.000
815.504	1372.000
815.519	1370.000
815.534	1350.000
815.549	1364.000
815.564	1390.000
815.579	1320.000
815.594	1346.000
815.609	1330.000
815.624	1284.000
815.638	1292.000
815.653	1344.000
815.668	1248.000
815.683	1328.000
815.698	1274.000
815.713	1292.000
815.728	1232.000
815.743	1266.000
815.758	1304.000
815.773	1208.000
815.788	1168.000
815.803	1190.000
815.818	1180.000
815.833	1226.000
815.847	1104.000
815.862	1156.000
815.877	1136.000
815.892	1158.000
815.907	1190.000
815.922	1170.000
815.937	1194.000
815.952	1132.000
815.967	1166.000
815.982	1158.000
815.997	1136.000
816.012	1090.000
816.026	1152.000
816.041	1136.000
816.056	1146.000
816.071	1084.000
816.086	1090.000
816.101	1108.000
816.116	1060.000
816.131	1096.000
816.146	1116.000
816.161	1094.000
816.175	1058.000
816.190	1124.000
816.205	1092.000
816.220	1110.000
816.235	1098.000
816.250	1034.000
816.265	1066.000
816.280	1022.000
816.295	1064.000
816.309	1054.000
816.324	1028.000
816.339	1054.000
816.354	1012.000
816.369	990.000
816.384	1038.000
816.399	986.000
816.414	974.000
816.429	1016.000
816.443	1046.000
816.458	980.000
816.473	990.000
816.488	978.000
816.503	1014.000
816.518	998.000
816.533	956.000
816.548	966.000
816.562	1004.000
816.577	1006.000
816.592	996.000
816.607	1026.000
816.622	962.000
816.637	958.000
816.652	944.000
816.667	930.000
816.681	924.000
816.696	976.000
816.711	932.000
816.726	1012.000
816.741	948.000
816.756	952.000
816.771	918.000
816.785	1008.000
816.800	906.000
816.815	906.000
816.830	976.000
816.845	936.000
816.860	966.000
816.875	960.000
816.889	970.000
816.904	946.000
816.919	946.000
816.934	904.000
816.949	902.000
816.964	882.000
816.978	918.000
816.993	920.000
817.008	892.000
817.023	934.000
817.038	972.000
817.053	918.000
817.068	928.000
817.082	892.000
817.097	896.000
817.112	954.000
817.127	922.000
817.142	930.000
817.157	906.000
817.171	888.000
817.186	898.000
817.201	874.000
817.216	848.000
817.231	868.000
817.246	884.000
817.260	878.000
817.275	864.000
817.290	928.000
817.305	916.000
817.320	904.000
817.334	922.000
817.349	858.000
817.364	938.000
817.379	878.000
817.394	940.000
817.409	828.000
817.423	902.000
817.438	870.000
817.453	874.000
817.468	808.000
817.483	826.000
817.497	844.000
817.512	844.000
817.527	838.000
817.542	860.000
817.557	874.000
817.571	828.000
817.586	844.000
817.601	832.000
817.616	856.000
817.631	890.000
817.645	854.000
817.660	842.000
817.675	818.000
817.690	830.000
817.705	796.000
817.719	834.000
817.734	884.000
817.749	826.000
817.764	858.000
817.779	822.000
817.793	746.000
817.808	750.000
817.823	804.000
817.838	824.000
817.853	792.000
817.867	820.000
817.882	772.000
817.897	756.000
817.912	800.000
817.926	820.000
817.941	778.000
817.956	826.000
817.971	846.000
817.986	836.000
818.000	768.000
818.015	812.000
818.030	850.000
818.045	836.000
818.059	800.000
818.074	764.000
818.089	762.000
818.104	820.000
818.119	798.000
818.133	790.000
818.148	790.000
818.163	820.000
818.178	812.000
818.192	746.000
818.207	798.000
818.222	712.000
818.237	810.000
818.251	790.000
818.266	804.000
818.281	730.000
818.296	726.000
818.310	796.000
818.325	708.000
818.340	740.000
818.355	736.000
818.369	720.000
818.384	740.000
818.399	768.000
818.414	716.000
818.428	760.000
818.443	736.000
818.458	760.000
818.473	768.000
818.487	788.000
818.502	716.000
818.517	780.000
818.532	774.000
818.546	758.000
818.561	788.000
818.576	758.000
818.591	732.000
818.605	742.000
818.620	746.000
818.635	688.000
818.649	738.000
818.664	700.000
818.679	686.000
818.694	742.000
818.708	734.000
818.723	746.000
818.738	732.000
818.753	762.000
818.767	808.000
818.782	728.000
818.797	780.000
818.811	728.000
818.826	756.000
818.841	722.000
818.856	780.000
818.870	756.000
818.885	796.000
818.900	694.000
818.914	738.000
818.929	738.000
818.944	710.000
818.959	710.000
818.973	730.000
818.988	756.000
819.003	698.000
819.017	722.000
819.032	714.000
819.047	722.000
819.062	736.000
819.076	670.000
819.091	748.000
819.106	708.000
819.120	720.000
819.135	700.000
819.150	706.000
819.164	674.000
819.179	680.000
819.194	742.000
819.209	718.000
819.223	726.000
819.238	708.000
819.253	722.000
819.267	714.000
819.282	716.000
819.297	682.000
819.311	764.000
819.326	664.000
819.341	684.000
819.355	774.000
819.370	714.000
819.385	746.000
819.399	668.000
819.414	732.000
819.429	676.000
819.444	704.000
819.458	686.000
819.473	662.000
819.488	706.000
819.502	656.000
819.517	652.000
819.532	706.000
819.546	684.000
819.561	696.000
819.576	660.000
819.590	702.000
819.605	698.000
819.620	690.000
819.634	696.000
819.649	662.000
819.664	726.000
819.678	700.000
819.693	688.000
819.708	662.000
819.722	698.000
819.737	670.000
819.752	676.000
819.766	682.000
819.781	642.000
819.795	658.000
819.810	622.000
819.825	668.000
819.839	652.000
819.854	638.000
819.869	678.000
819.883	674.000
819.898	630.000
819.913	678.000
819.927	640.000
819.942	692.000
819.957	710.000
819.971	686.000
819.986	660.000
820.001	668.000
820.015	642.000
820.030	668.000
820.044	680.000
820.059	712.000
820.074	668.000
820.088	640.000
820.103	650.000
820.118	630.000
820.132	646.000
820.147	672.000
820.161	604.000
820.176	638.000
820.191	650.000
820.205	678.000
820.220	640.000
820.235	632.000
820.249	630.000
820.264	638.000
820.278	672.000
820.293	630.000
820.308	634.000
820.322	694.000
820.337	672.000
820.352	622.000
820.366	644.000
820.381	648.000
820.395	674.000
820.410	628.000
820.425	698.000
820.439	656.000
820.454	648.000
820.468	652.000
820.483	650.000
820.498	640.000
820.512	680.000
820.527	650.000
820.541	626.000
820.556	618.000
820.571	630.000
820.585	644.000
820.600	634.000
820.614	662.000
820.629	662.000
820.644	630.000
820.658	674.000
820.673	642.000
820.687	624.000
820.702	600.000
820.717	616.000
820.731	640.000
820.746	624.000
820.760	634.000
820.775	642.000
820.790	608.000
820.804	640.000
820.819	632.000
820.833	630.000
820.848	636.000
820.862	612.000
820.877	588.000
820.892	636.000
820.906	594.000
820.921	566.000
820.935	572.000
820.950	644.000
820.964	618.000
820.979	606.000
820.994	590.000
821.008	544.000
821.023	614.000
821.037	570.000
821.052	594.000
821.066	594.000
821.081	626.000
821.096	586.000
821.110	612.000
821.125	594.000
821.139	594.000
821.154	620.000
821.168	580.000
821.183	580.000
821.197	572.000
821.212	588.000
821.227	604.000
821.241	618.000
821.256	604.000
821.270	610.000
821.285	602.000
821.299	600.000
821.314	586.000
821.328	606.000
821.343	618.000
821.357	634.000
821.372	586.000
821.387	576.000
821.401	592.000
821.416	586.000
821.430	614.000
821.445	616.000
821.459	544.000
821.474	586.000
821.488	574.000
821.503	602.000
821.517	648.000
821.532	604.000
821.546	598.000
821.561	576.000
821.576	614.000
821.590	648.000
821.605	588.000
821.619	610.000
821.634	608.000
821.648	622.000
821.663	574.000
821.677	552.000
821.692	540.000
821.706	558.000
821.721	554.000
821.735	596.000
821.750	570.000
821.764	618.000
821.779	580.000
821.793	584.000
821.808	536.000
821.822	596.000
821.837	600.000
821.851	564.000
821.866	524.000
821.880	586.000
821.895	584.000
821.909	590.000
821.924	558.000
821.938	582.000
821.953	582.000
821.967	538.000
821.982	616.000
821.996	550.000
822.011	552.000
822.025	532.000
822.040	540.000
822.054	556.000
822.069	576.000
822.083	534.000
822.098	552.000
822.112	566.000
822.127	518.000
822.141	546.000
822.156	544.000
822.170	556.000
822.185	476.000
822.199	542.000
822.214	572.000
822.228	532.000
822.243	520.000
822.257	546.000
822.272	602.000
822.286	564.000
822.301	570.000
822.315	526.000
822.330	590.000
822.344	526.000
822.359	532.000
822.373	542.000
822.388	566.000
822.402	546.000
822.416	530.000
822.431	550.000
822.445	614.000
822.460	524.000
822.474	546.000
822.489	566.000
822.503	558.000
822.518	526.000
822.532	518.000
822.547	568.000
822.561	542.000
822.576	542.000
822.590	520.000
822.605	568.000
822.619	530.000
822.633	552.000
822.648	564.000
822.662	532.000
822.677	550.000
822.691	494.000
822.706	544.000
822.720	562.000
822.735	542.000
822.749	534.000
822.763	540.000
822.778	544.000
822.792	526.000
822.807	540.000
822.821	528.000
822.836	554.000
822.850	516.000
822.865	534.000
822.879	516.000
822.893	574.000
822.908	486.000
822.922	520.000
822.937	514.000
822.951	536.000
822.966	500.000
822.980	558.000
822.994	512.000
823.009	476.000
823.023	530.000
823.038	510.000
823.052	566.000
823.067	496.000
823.081	544.000
823.095	542.000
823.110	506.000
823.124	510.000
823.139	508.000
823.153	498.000
823.168	532.000
823.182	566.000
823.196	498.000
823.211	498.000
823.225	508.000
823.240	538.000
823.254	516.000
823.268	568.000
823.283	492.000
823.297	496.000
823.312	532.000
823.326	536.000
823.340	518.000
823.355	544.000
823.369	558.000
823.384	524.000
823.398	518.000
823.412	550.000
823.427	560.000
823.441	520.000
823.456	530.000
823.470	532.000
823.484	534.000
823.499	524.000
823.513	540.000
823.528	538.000
823.542	558.000
823.556	488.000
823.571	522.000
823.585	506.000
823.600	520.000
823.614	526.000
823.628	514.000
823.643	544.000
823.657	544.000
823.671	514.000
823.686	500.000
823.700	538.000
823.715	506.000
823.729	510.000
823.743	518.000
823.758	470.000
823.772	500.000
823.786	528.000
823.801	550.000
823.815	534.000
823.830	466.000
823.844	500.000
823.858	524.000
823.873	474.000
823.887	490.000
823.901	448.000
823.916	520.000
823.930	498.000
823.945	498.000
823.959	516.000
823.973	508.000
823.988	494.000
824.002	492.000
824.016	512.000
824.031	516.000
824.045	518.000
824.059	536.000
824.074	506.000
824.088	484.000
824.102	526.000
824.117	492.000
824.131	470.000
824.145	472.000
824.160	506.000
824.174	460.000
824.188	470.000
824.203	492.000
824.217	502.000
824.232	490.000
824.246	518.000
824.260	562.000
824.275	520.000
824.289	494.000
824.303	474.000
824.318	512.000
824.332	510.000
824.346	504.000
824.361	498.000
824.375	534.000
824.389	496.000
824.404	476.000
824.418	558.000
824.432	506.000
824.446	510.000
824.461	488.000
824.475	500.000
824.489	476.000
824.504	500.000
824.518	522.000
824.532	486.000
824.547	516.000
824.561	532.000
824.575	454.000
824.590	518.000
824.604	506.000
824.618	464.000
824.633	520.000
824.647	490.000
824.661	508.000
824.676	468.000
824.690	536.000
824.704	528.000
824.718	458.000
824.733	464.000
824.747	476.000
824.761	484.000
824.776	512.000
824.791	486.000
824.806	534.000
824.821	528.000
824.836	550.000
824.851	520.000
824.866	536.000
824.880	554.000
824.895	486.000
824.910	496.000
824.925	534.000
824.940	506.000
824.955	522.000
824.970	520.000
824.985	526.000
825.000	522.000
825.014	532.000
825.029	500.000
825.044	536.000
825.059	554.000
825.074	476.000
825.089	524.000
825.104	544.000
825.119	440.000
825.134	510.000
825.148	516.000
825.163	502.000
825.178	470.000
825.193	470.000
825.208	488.000
825.223	508.000
825.238	502.000
825.253	536.000
825.267	520.000
825.282	514.000
825.297	538.000
825.312	522.000
825.327	558.000
825.342	524.000
825.357	476.000
825.372	514.000
825.386	518.000
825.401	528.000
825.416	504.000
825.431	534.000
825.446	514.000
825.461	506.000
825.476	510.000
825.490	520.000
825.505	504.000
825.520	528.000
825.535	560.000
825.550	520.000
825.565	470.000
825.580	518.000
825.594	480.000
825.609	498.000
825.624	500.000
825.639	494.000
825.654	534.000
825.669	536.000
825.683	486.000
825.698	500.000
825.713	508.000
825.728	506.000
825.743	528.000
825.758	506.000
825.773	500.000
825.787	492.000
825.802	480.000
825.817	510.000
825.832	492.000
825.847	514.000
825.862	530.000
825.876	496.000
825.891	528.000
825.906	526.000
825.921	526.000
825.936	516.000
825.951	572.000
825.965	486.000
825.980	500.000
825.995	532.000
826.010	518.000
826.025	498.000
826.039	528.000
826.054	490.000
826.069	464.000
826.084	488.000
826.099	540.000
826.114	482.000
826.128	508.000
826.143	504.000
826.158	530.000
826.173	454.000
826.188	490.000
826.202	518.000
826.217	496.000
826.232	506.000
826.247	498.000
826.262	492.000
826.276	570.000
826.291	482.000
826.306	474.000
826.321	512.000
826.336	486.000
826.351	492.000
826.365	550.000
826.380	538.000
826.395	496.000
826.410	482.000
826.425	478.000
826.439	502.000
826.454	504.000
826.469	510.000
826.484	526.000
826.498	478.000
826.513	554.000
826.528	490.000
826.543	512.000
826.558	486.000
826.572	502.000
826.587	460.000
826.602	466.000
826.617	502.000
826.632	458.000
826.646	476.000
826.661	454.000
826.676	512.000
826.691	478.000
826.705	502.000
826.720	460.000
826.735	470.000
826.750	486.000
826.765	508.000
826.779	462.000
826.794	478.000
826.809	526.000
826.824	506.000
826.838	474.000
826.853	476.000
826.868	490.000
826.883	474.000
826.897	470.000
826.912	472.000
826.927	484.000
826.942	510.000
826.957	478.000
826.971	528.000
826.986	478.000
827.001	470.000
827.016	454.000
827.030	600.000
827.045	524.000
827.060	506.000
827.075	486.000
827.089	482.000
827.104	454.000
827.119	460.000
827.134	508.000
827.148	498.000
827.163	482.000
827.178	470.000
827.193	510.000
827.207	472.000
827.222	436.000
827.237	468.000
827.252	472.000
827.266	504.000
827.281	484.000
827.296	486.000
827.311	490.000
827.325	534.000
827.340	506.000
827.355	482.000
827.369	496.000
827.384	446.000
827.399	484.000
827.414	498.000
827.428	496.000
827.443	464.000
827.458	486.000
827.473	442.000
827.487	500.000
827.502	462.000
827.517	522.000
827.531	476.000
827.546	480.000
827.561	482.000
827.576	460.000
827.590	510.000
827.605	478.000
827.620	500.000
827.634	492.000
827.649	470.000
827.664	498.000
827.679	520.000
827.693	478.000
827.708	508.000
827.723	470.000
827.737	510.000
827.752	534.000
827.767	482.000
827.782	508.000
827.796	506.000
827.811	496.000
827.826	510.000
827.840	478.000
827.855	510.000
827.870	482.000
827.885	492.000
827.899	532.000
827.914	428.000
827.929	498.000
827.943	526.000
827.958	468.000
827.973	506.000
827.987	494.000
828.002	538.000
828.017	458.000
828.031	500.000
828.046	460.000
828.061	482.000
828.076	486.000
828.090	472.000
828.105	486.000
828.120	458.000
828.134	456.000
828.149	482.000
828.164	464.000
828.178	430.000
828.193	464.000
828.208	484.000
828.222	486.000
828.237	498.000
828.252	504.000
828.266	500.000
828.281	504.000
828.296	502.000
828.310	518.000
828.325	494.000
828.340	456.000
828.354	484.000
828.369	492.000
828.384	490.000
828.398	496.000
828.413	514.000
828.428	472.000
828.442	482.000
828.457	474.000
828.472	492.000
828.486	478.000
828.501	500.000
828.516	538.000
828.530	508.000
828.545	512.000
828.560	510.000
828.574	514.000
828.589	504.000
828.604	494.000
828.618	484.000
828.633	510.000
828.648	498.000
828.662	490.000
828.677	490.000
828.691	446.000
828.706	494.000
828.721	478.000
828.735	500.000
828.750	506.000
828.765	476.000
828.779	496.000
828.794	462.000
828.809	482.000
828.823	512.000
828.838	544.000
828.853	512.000
828.867	506.000
828.882	436.000
828.896	492.000
828.911	506.000
828.926	526.000
828.940	516.000
828.955	488.000
828.970	522.000
828.984	510.000
828.999	506.000
829.013	524.000
829.028	494.000
829.043	514.000
829.057	492.000
829.072	496.000
829.087	506.000
829.101	478.000
829.116	502.000
829.130	530.000
829.145	474.000
829.160	506.000
829.174	534.000
829.189	464.000
829.203	520.000
829.218	510.000
829.233	510.000
829.247	506.000
829.262	492.000
829.276	478.000
829.291	492.000
829.306	498.000
829.320	476.000
829.335	492.000
829.349	472.000
829.364	460.000
829.379	490.000
829.393	498.000
829.408	496.000
829.422	480.000
829.437	532.000
829.452	500.000
829.466	532.000
829.481	484.000
829.495	508.000
829.510	486.000
829.525	480.000
829.539	514.000
829.554	508.000
829.568	468.000
829.583	528.000
829.598	458.000
829.612	512.000
829.627	490.000
829.641	478.000
829.656	512.000
829.670	500.000
829.685	510.000
829.700	524.000
829.714	496.000
829.729	566.000
829.743	488.000
829.758	468.000
829.772	494.000
829.787	532.000
829.802	500.000
829.816	492.000
829.831	492.000
829.845	476.000
829.860	426.000
829.874	524.000
829.889	514.000
829.904	518.000
829.918	466.000
829.933	486.000
829.947	510.000
829.962	492.000
829.976	502.000
829.991	474.000
830.005	528.000
830.020	524.000
830.035	482.000
830.049	536.000
830.064	450.000
830.078	476.000
830.093	482.000
830.107	460.000
830.122	504.000
830.136	502.000
830.151	512.000
830.166	490.000
830.180	470.000
830.195	452.000
830.209	458.000
830.224	496.000
830.238	494.000
830.253	518.000
830.267	502.000
830.282	468.000
830.296	468.000
830.311	478.000
830.325	502.000
830.340	492.000
830.355	468.000
830.369	450.000
830.384	482.000
830.398	508.000
830.413	474.000
830.427	466.000
830.442	422.000
830.456	508.000
830.471	486.000
830.485	466.000
830.500	462.000
830.514	454.000
830.529	486.000
830.543	444.000
830.558	456.000
830.572	434.000
830.587	452.000
830.601	434.000
830.616	440.000
830.630	474.000
830.645	456.000
830.659	482.000
830.674	448.000
830.688	472.000
830.703	462.000
830.718	500.000
830.732	434.000
830.747	478.000
830.761	462.000
830.776	426.000
830.790	458.000
830.805	490.000
830.819	436.000
830.834	466.000
830.848	454.000
830.863	488.000
830.877	454.000
830.892	428.000
830.906	452.000
830.921	446.000
830.935	444.000
830.949	458.000
830.964	450.000
830.978	464.000
830.993	414.000
831.007	454.000
831.022	452.000
831.036	422.000
831.051	468.000
831.065	424.000
831.080	432.000
831.094	420.000
831.109	464.000
831.123	406.000
831.138	474.000
831.152	448.000
831.167	436.000
831.181	440.000
831.196	452.000
831.210	428.000
831.225	452.000
831.239	452.000
831.254	416.000
831.268	406.000
831.283	428.000
831.297	414.000
831.311	404.000
831.326	434.000
831.340	424.000
831.355	402.000
831.369	422.000
831.384	428.000
831.398	432.000
831.413	412.000
831.427	428.000
831.442	436.000
831.456	456.000
831.471	416.000
831.485	396.000
831.499	416.000
831.514	468.000
831.528	398.000
831.543	420.000
831.557	402.000
831.572	410.000
831.586	390.000
831.601	462.000
831.615	398.000
831.629	418.000
831.644	390.000
831.658	400.000
831.673	390.000
831.687	422.000
831.702	436.000
831.716	386.000
831.731	406.000
831.745	380.000
831.759	434.000
831.774	416.000
831.788	416.000
831.803	412.000
831.817	402.000
831.832	430.000
831.846	398.000
831.860	390.000
831.875	436.000
831.889	420.000
831.904	402.000
831.918	420.000
831.933	422.000
831.947	376.000
831.961	414.000
831.976	392.000
831.990	386.000
832.005	396.000
832.019	334.000
832.033	366.000
832.048	368.000
832.062	394.000
832.077	408.000
832.091	374.000
832.106	372.000
832.120	416.000
832.134	392.000
832.149	394.000
832.163	394.000
832.178	368.000
832.192	404.000
832.206	418.000
832.221	408.000
832.235	384.000
832.250	412.000
832.264	368.000
832.278	412.000
832.293	370.000
832.307	382.000
832.322	374.000
832.336	412.000
832.350	386.000
832.365	412.000
832.379	382.000
832.394	380.000
832.408	374.000
832.422	342.000
832.437	370.000
832.451	400.000
832.465	392.000
832.480	428.000
832.494	372.000
832.509	368.000
832.523	366.000
832.537	348.000
832.552	374.000
832.566	388.000
832.581	378.000
832.595	394.000
832.609	344.000
832.624	376.000
832.638	368.000
832.652	396.000
832.667	360.000
832.681	362.000
832.696	400.000
832.710	326.000
832.724	358.000
832.739	374.000
832.753	366.000
832.767	382.000
832.782	388.000
832.796	336.000
832.810	370.000
832.825	378.000
832.839	354.000
832.853	340.000
832.868	362.000
832.882	368.000
832.897	340.000
832.911	364.000
832.925	356.000
832.940	364.000
832.954	362.000
832.968	374.000
832.983	380.000
832.997	372.000
833.011	350.000
833.026	358.000
833.040	390.000
833.054	348.000
833.069	396.000
833.083	356.000
833.097	354.000
833.112	348.000
833.126	374.000
833.140	346.000
833.155	318.000
833.169	378.000
833.183	306.000
833.198	318.000
833.212	342.000
833.226	332.000
833.241	364.000
833.255	362.000
833.269	324.000
833.284	338.000
833.298	340.000
833.312	338.000
833.327	330.000
833.341	356.000
833.355	360.000
833.370	360.000
833.384	364.000
833.398	338.000
833.413	354.000
833.427	356.000
833.441	388.000
833.456	348.000
833.470	356.000
833.484	360.000
833.499	352.000
833.513	350.000
833.527	354.000
833.542	386.000
833.556	372.000
833.570	368.000
833.584	366.000
833.599	352.000
833.613	330.000
833.627	340.000
833.642	362.000
833.656	362.000
833.670	370.000
833.685	350.000
833.699	332.000
833.713	388.000
833.727	366.000
833.742	330.000
833.756	320.000
833.770	354.000
833.785	332.000
833.799	344.000
833.813	358.000
833.827	320.000
833.842	344.000
833.856	322.000
833.870	360.000
833.885	338.000
833.899	342.000
833.913	358.000
833.927	348.000
833.942	350.000
833.956	324.000
833.970	344.000
833.985	320.000
833.999	328.000
834.013	356.000
834.027	286.000
834.042	348.000
834.056	350.000
834.070	312.000
834.085	346.000
834.099	340.000
834.113	350.000
834.127	354.000
834.142	350.000
834.156	320.000
834.170	350.000
834.184	352.000
834.199	350.000
834.213	330.000
834.227	320.000
834.241	340.000
834.256	378.000
834.270	340.000
834.284	350.000
834.298	326.000
834.313	342.000
834.327	332.000
834.341	328.000
834.355	344.000
834.370	308.000
834.384	310.000
834.398	330.000
834.412	362.000
834.427	344.000
834.441	294.000
834.455	350.000
834.469	330.000
834.484	356.000
834.498	310.000
834.512	350.000
834.526	326.000
834.541	336.000
834.555	312.000
834.569	312.000
834.583	328.000
834.598	328.000
834.612	346.000
834.626	296.000
834.640	316.000
834.655	302.000
834.669	328.000
834.683	360.000
834.697	320.000
834.711	322.000
834.726	326.000
834.740	338.000
834.754	304.000
834.768	370.000
834.783	304.000
834.797	318.000
834.811	332.000
834.825	348.000
834.839	344.000
834.854	328.000
834.868	314.000
834.882	308.000
834.896	320.000
834.910	320.000
834.925	344.000
834.939	360.000
834.953	348.000
834.967	290.000
834.982	326.000
834.996	344.000
835.010	306.000
835.024	304.000
835.038	324.000
835.053	310.000
835.067	350.000
835.081	332.000
835.095	326.000
835.109	326.000
835.124	326.000
835.138	318.000
835.152	328.000
835.166	314.000
835.180	294.000
835.195	322.000
835.209	336.000
835.223	342.000
835.237	328.000
835.251	290.000
835.265	330.000
835.280	316.000
835.294	332.000
835.308	334.000
835.322	312.000
835.336	332.000
835.351	310.000
835.365	346.000
835.379	296.000
835.393	330.000
835.407	318.000
835.421	292.000
835.436	314.000
835.450	286.000
835.464	330.000
835.478	304.000
835.492	334.000
835.506	304.000
835.521	320.000
835.535	332.000
835.549	334.000
835.563	280.000
835.577	294.000
835.591	310.000
835.606	304.000
835.620	294.000
835.634	340.000
835.648	338.000
835.662	292.000
835.676	324.000
835.691	298.000
835.705	358.000
835.719	296.000
835.733	306.000
835.747	310.000
835.761	322.000
835.775	318.000
835.790	350.000
835.804	308.000
835.818	336.000
835.832	306.000
835.846	300.000
835.860	298.000
835.874	296.000
835.889	298.000
835.903	306.000
835.917	338.000
835.931	282.000
835.945	272.000
835.959	308.000
835.973	310.000
835.988	326.000
836.002	308.000
836.016	296.000
836.030	280.000
836.044	288.000
836.058	306.000
836.072	292.000
836.086	308.000
836.101	306.000
836.115	340.000
836.129	276.000
836.143	304.000
836.157	308.000
836.171	308.000
836.185	308.000
836.199	316.000
836.214	288.000
836.228	282.000
836.242	310.000
836.256	294.000
836.270	304.000
836.284	314.000
836.298	290.000
836.312	292.000
836.326	290.000
836.341	294.000
836.355	352.000
836.369	306.000
836.383	324.000
836.397	336.000
836.411	318.000
836.425	300.000
836.439	310.000
836.453	288.000
836.468	304.000
836.482	308.000
836.496	312.000
836.510	306.000
836.524	298.000
836.538	334.000
836.552	314.000
836.566	312.000
836.580	292.000
836.594	286.000
836.608	310.000
836.623	272.000
836.637	304.000
836.651	318.000
836.665	310.000
836.679	306.000
836.693	342.000
836.707	322.000
836.721	310.000
836.735	298.000
836.749	278.000
836.763	322.000
836.777	338.000
836.792	302.000
836.806	308.000
836.820	282.000
836.834	320.000
836.848	306.000
836.862	294.000
836.876	310.000
836.890	312.000
836.904	298.000
836.918	284.000
836.932	304.000
836.946	306.000
836.960	286.000
836.974	296.000
836.988	260.000
837.003	298.000
837.017	308.000
837.031	368.000
837.045	288.000
837.059	318.000
837.073	296.000
837.087	334.000
837.101	290.000
837.115	286.000
837.129	304.000
837.143	286.000
837.157	304.000
837.171	290.000
837.185	288.000
837.199	312.000
837.213	294.000
837.227	284.000
837.241	278.000
837.255	310.000
837.269	314.000
837.283	334.000
837.298	310.000
837.312	294.000
837.326	282.000
837.340	274.000
837.354	296.000
837.368	316.000
837.382	270.000
837.396	310.000
837.410	304.000
837.424	292.000
837.438	300.000
837.452	312.000
837.466	276.000
837.480	304.000
837.494	296.000
837.508	324.000
837.522	292.000
837.536	262.000
837.550	296.000
837.564	268.000
837.578	284.000
837.592	268.000
837.606	302.000
837.620	262.000
837.634	288.000
837.648	282.000
837.662	302.000
837.676	268.000
837.690	304.000
837.704	304.000
837.718	262.000
837.732	282.000
837.746	270.000
837.760	328.000
837.774	260.000
837.788	304.000
837.802	298.000
837.816	266.000
837.830	290.000
837.844	274.000
837.858	310.000
837.872	288.000
837.886	282.000
837.900	284.000
837.914	290.000
837.928	276.000
837.942	290.000
837.956	248.000
837.970	292.000
837.984	276.000
837.998	284.000
838.012	298.000
838.026	314.000
838.040	278.000
838.054	290.000
838.068	280.000
838.082	272.000
838.096	268.000
838.110	268.000
838.124	276.000
838.138	286.000
838.152	250.000
838.166	258.000
838.180	280.000
838.194	278.000
838.208	272.000
838.222	248.000
838.236	260.000
838.250	294.000
838.264	294.000
838.278	264.000
838.292	298.000
838.306	290.000
838.319	286.000
838.333	266.000
838.347	272.000
838.361	292.000
838.375	272.000
838.389	308.000
838.403	312.000
838.417	270.000
838.431	260.000
838.445	292.000
838.459	290.000
838.473	254.000
838.487	296.000
838.501	286.000
838.515	252.000
838.529	286.000
838.543	300.000
838.557	270.000
838.571	278.000
838.585	300.000
838.599	270.000
838.612	266.000
838.626	282.000
838.640	254.000
838.654	286.000
838.668	268.000
838.682	264.000
838.696	298.000
838.710	286.000
838.724	310.000
838.738	294.000
838.752	296.000
838.766	266.000
838.780	276.000
838.794	284.000
838.808	282.000
838.821	292.000
838.835	278.000
838.849	278.000
838.863	278.000
838.877	300.000
838.891	292.000
838.905	272.000
838.919	302.000
838.933	286.000
838.947	260.000
838.961	270.000
838.975	304.000
838.988	252.000
839.002	296.000
839.016	298.000
839.030	264.000
839.044	286.000
839.058	282.000
839.072	278.000
839.086	270.000
839.100	260.000
839.114	260.000
839.128	270.000
839.141	286.000
839.155	278.000
839.169	280.000
839.183	252.000
839.197	264.000
839.211	302.000
839.225	282.000
839.239	278.000
839.253	276.000
839.266	236.000
839.280	250.000
839.294	268.000
839.308	280.000
839.322	256.000
839.336	278.000
839.350	328.000
839.364	312.000
839.378	272.000
839.391	264.000
839.405	230.000
839.419	256.000
839.433	298.000
839.447	300.000
839.461	280.000
839.475	286.000
839.489	264.000
839.502	242.000
