794.000	29386.000
794.016	28414.000
794.031	27272.000
794.047	26566.000
794.063	25568.000
794.079	24938.000
794.094	24910.000
794.110	24702.000
794.126	24540.000
794.142	24718.000
794.157	24830.000
794.173	25034.000
794.189	25286.000
794.204	26076.000
794.220	27324.000
794.236	27682.000
794.252	27682.000
794.267	27662.000
794.283	26884.000
794.299	25884.000
794.314	25196.000
794.330	24514.000
794.346	23908.000
794.362	23636.000
794.377	23558.000
794.393	23598.000
794.409	23766.000
794.424	23810.000
794.440	24006.000
794.456	24684.000
794.472	25466.000
794.487	26344.000
794.503	26828.000
794.519	26722.000
794.534	26448.000
794.550	25448.000
794.566	24598.000
794.581	23522.000
794.597	22920.000
794.613	22510.000
794.629	22700.000
794.644	22452.000
794.660	22572.000
794.676	22658.000
794.691	23054.000
794.707	23466.000
794.723	24362.000
794.738	25056.000
794.754	25430.000
794.770	25950.000
794.785	25550.000
794.801	25070.000
794.817	24218.000
794.832	23094.000
794.848	22628.000
794.864	21884.000
794.880	22012.000
794.895	21304.000
794.911	21664.000
794.927	21744.000
794.942	21928.000
794.958	21930.000
794.974	22496.000
794.989	23088.000
795.005	23910.000
795.021	24614.000
795.036	24672.000
795.052	24170.000
795.068	23576.000
795.083	22728.000
795.099	22038.000
795.115	21624.000
795.130	21040.000
795.146	20804.000
795.162	20894.000
795.177	20984.000
795.193	21006.000
795.209	20940.000
795.224	21696.000
795.240	22042.000
795.256	22586.000
795.271	22928.000
795.287	23530.000
795.303	23262.000
795.318	23040.000
795.334	22284.000
795.350	21428.000
795.365	20898.000
795.381	20708.000
795.396	20278.000
795.412	20320.000
795.428	20092.000
795.443	20270.000
795.459	20400.000
795.475	20342.000
795.490	20688.000
795.506	21240.000
795.522	21718.000
795.537	22122.000
795.553	22112.000
795.569	22110.000
795.584	21946.000
795.600	21536.000
795.615	20516.000
795.631	20026.000
795.647	19920.000
795.662	19482.000
795.678	19570.000
795.694	19560.000
795.709	19142.000
795.725	19392.000
795.741	19644.000
795.756	19860.000
795.772	20210.000
795.787	20696.000
795.803	20958.000
795.819	21144.000
795.834	21410.000
795.850	20968.000
795.866	20716.000
795.881	19742.000
795.897	19460.000
795.912	18934.000
795.928	18940.000
795.944	18790.000
795.959	18790.000
795.975	18644.000
795.990	18554.000
796.006	18658.000
796.022	18998.000
796.037	19534.000
796.053	19868.000
796.068	20266.000
796.084	20578.000
796.100	20312.000
796.115	20108.000
796.131	19568.000
796.147	19116.000
796.162	18394.000
796.178	18272.000
796.193	18114.000
796.209	17756.000
796.225	17918.000
796.240	17704.000
796.256	17568.000
796.271	18042.000
796.287	18312.000
796.303	18648.000
796.318	19404.000
796.334	19634.000
796.349	19584.000
796.365	19340.000
796.380	19436.000
796.396	18574.000
796.412	18244.000
796.427	17620.000
796.443	17032.000
796.458	17080.000
796.474	17002.000
796.490	17082.000
796.505	17160.000
796.521	17116.000
796.536	17344.000
796.552	18126.000
796.567	18470.000
796.583	18804.000
796.599	18668.000
796.614	18920.000
796.630	18868.000
796.645	18316.000
796.661	17390.000
796.676	17296.000
796.692	16764.000
796.708	16542.000
796.723	16262.000
796.739	16186.000
796.754	16450.000
796.770	16562.000
796.785	17012.000
796.801	16882.000
796.817	17078.000
796.832	17434.000
796.848	17686.000
796.863	18030.000
796.879	17940.000
796.894	17954.000
796.910	17510.000
796.925	16836.000
796.941	16452.000
796.957	16094.000
796.972	15914.000
796.988	15858.000
797.003	15770.000
797.019	15792.000
797.034	15962.000
797.050	16016.000
797.065	16122.000
797.081	16612.000
797.097	16860.000
797.112	17202.000
797.128	17064.000
797.143	17190.000
797.159	17194.000
797.174	16590.000
797.190	16280.000
797.205	16030.000
797.221	15690.000
797.236	15282.000
797.252	15336.000
797.267	15332.000
797.283	15608.000
797.299	15348.000
797.314	15512.000
797.330	15578.000
797.345	15884.000
797.361	16252.000
797.376	16162.000
797.392	16394.000
797.407	16382.000
797.423	16310.000
797.438	15912.000
797.454	15776.000
797.469	15214.000
797.485	14940.000
797.500	14914.000
797.516	14786.000
797.531	14458.000
797.547	14384.000
797.562	14588.000
797.578	14522.000
797.594	14800.000
797.609	15382.000
797.625	15302.000
797.640	15544.000
797.656	15834.000
797.671	15724.000
797.687	15856.000
797.702	15768.000
797.718	15298.000
797.733	14572.000
797.749	14580.000
797.764	14350.000
797.780	14124.000
797.795	14106.000
797.811	14016.000
797.826	14100.000
797.842	13984.000
797.857	14090.000
797.873	14366.000
797.888	14418.000
797.904	15004.000
797.919	15078.000
797.935	15116.000
797.950	14874.000
797.966	14730.000
797.981	14468.000
797.997	14332.000
798.012	13866.000
798.028	13724.000
798.043	13370.000
798.059	13392.000
798.074	13312.000
798.089	13406.000
798.105	13322.000
798.120	13832.000
798.136	13800.000
798.151	13940.000
798.167	14094.000
798.182	13896.000
798.198	14056.000
798.213	14072.000
798.229	13932.000
798.244	14030.000
798.260	13836.000
798.275	13138.000
798.291	13040.000
798.306	12930.000
798.322	12828.000
798.337	13136.000
798.353	13002.000
798.368	13112.000
798.383	13190.000
798.399	13360.000
798.414	13382.000
798.430	13536.000
798.445	13606.000
798.461	13492.000
798.476	13788.000
798.492	13272.000
798.507	13108.000
798.523	12666.000
798.538	12648.000
798.554	12414.000
798.569	12360.000
798.584	12198.000
798.600	12194.000
798.615	12326.000
798.631	12522.000
798.646	12538.000
798.662	12394.000
798.677	12704.000
798.693	12792.000
798.708	12874.000
798.724	13098.000
798.739	13044.000
798.754	12784.000
798.770	12706.000
798.785	12632.000
798.801	12216.000
798.816	12040.000
798.832	11838.000
798.847	11850.000
798.862	11526.000
798.878	11900.000
798.893	11728.000
798.909	11796.000
798.924	11774.000
798.940	12150.000
798.955	12174.000
798.970	12258.000
798.986	12410.000
799.001	12458.000
799.017	12094.000
799.032	12150.000
799.048	12002.000
799.063	11624.000
799.078	11434.000
799.094	11444.000
799.109	11442.000
799.125	11326.000
799.140	11400.000
799.156	11198.000
799.171	11400.000
799.186	11312.000
799.202	11472.000
799.217	11732.000
799.233	11678.000
799.248	11936.000
799.263	11860.000
799.279	11674.000
799.294	11408.000
799.310	11512.000
799.325	11038.000
799.341	10914.000
799.356	10820.000
799.371	10748.000
799.387	10740.000
799.402	11002.000
799.418	10926.000
799.433	10744.000
799.448	10876.000
799.464	10840.000
799.479	11120.000
799.495	11120.000
799.510	11154.000
799.525	11238.000
799.541	11190.000
799.556	10970.000
799.571	10860.000
799.587	10772.000
799.602	10250.000
799.618	10274.000
799.633	10278.000
799.648	10166.000
799.664	10122.000
799.679	10134.000
799.695	10406.000
799.710	10364.000
799.725	10318.000
799.741	10412.000
799.756	10582.000
799.771	10706.000
799.787	10714.000
799.802	10678.000
799.818	10660.000
799.833	10564.000
799.848	10234.000
799.864	10094.000
799.879	9908.000
799.894	9918.000
799.910	9838.000
799.925	9764.000
799.941	9828.000
799.956	9670.000
799.971	9770.000
799.987	9872.000
800.002	9918.000
800.017	9848.000
800.033	10006.000
800.048	9964.000
800.063	10020.000
800.079	10034.000
800.094	9874.000
800.110	9892.000
800.125	9834.000
800.140	9546.000
800.156	9444.000
800.171	9482.000
800.186	9344.000
800.202	9340.000
800.217	9454.000
800.232	9326.000
800.248	9314.000
800.263	9378.000
800.278	9392.000
800.294	9450.000
800.309	9388.000
800.324	9448.000
800.340	9608.000
800.355	9384.000
800.370	9424.000
800.386	9204.000
800.401	9080.000
800.417	9000.000
800.432	8968.000
800.447	8836.000
800.463	8920.000
800.478	8914.000
800.493	8820.000
800.509	8870.000
800.524	8670.000
800.539	8974.000
800.555	9002.000
800.570	8982.000
800.585	9120.000
800.600	9124.000
800.616	9100.000
800.631	9152.000
800.646	8972.000
800.662	8766.000
800.677	8604.000
800.692	8458.000
800.708	8380.000
800.723	8302.000
800.738	8430.000
800.754	8302.000
800.769	8438.000
800.784	8542.000
800.800	8420.000
800.815	8420.000
800.830	8650.000
800.846	8642.000
800.861	8698.000
800.876	8744.000
800.891	8636.000
800.907	8598.000
800.922	8390.000
800.937	8528.000
800.953	7966.000
800.968	8144.000
800.983	8014.000
800.999	7852.000
801.014	7824.000
801.029	7830.000
801.045	7974.000
801.060	8050.000
801.075	7890.000
801.090	8246.000
801.106	8098.000
801.121	8374.000
801.136	8126.000
801.152	8272.000
801.167	7986.000
801.182	8036.000
801.197	7712.000
801.213	7846.000
801.228	7552.000
801.243	7594.000
801.259	7688.000
801.274	7726.000
801.289	7598.000
801.304	7614.000
801.320	7578.000
801.335	7794.000
801.350	7718.000
801.366	7694.000
801.381	7690.000
801.396	7802.000
801.411	7638.000
801.427	7656.000
801.442	7614.000
801.457	7732.000
801.472	7416.000
801.488	7220.000
801.503	7370.000
801.518	7270.000
801.534	7240.000
801.549	7336.000
801.564	7282.000
801.579	7296.000
801.595	7140.000
801.610	7256.000
801.625	7408.000
801.640	7396.000
801.656	7496.000
801.671	7314.000
801.686	7462.000
801.701	7290.000
801.717	7268.000
801.732	7220.000
801.747	7020.000
801.762	7036.000
801.778	6980.000
801.793	7034.000
801.808	6904.000
801.823	6942.000
801.839	6896.000
801.854	6792.000
801.869	6744.000
801.884	7012.000
801.900	6926.000
801.915	6996.000
801.930	7202.000
801.945	6984.000
801.961	7086.000
801.976	7102.000
801.991	6986.000
802.006	6774.000
802.022	6796.000
802.037	6758.000
802.052	6568.000
802.067	6652.000
802.082	6412.000
802.098	6414.000
802.113	6656.000
802.128	6608.000
802.143	6682.000
802.159	6666.000
802.174	6622.000
802.189	6718.000
802.204	6732.000
802.220	6652.000
802.235	6826.000
802.250	6596.000
802.265	6516.000
802.280	6640.000
802.296	6224.000
802.311	6352.000
802.326	6110.000
802.341	6154.000
802.356	6122.000
802.372	6106.000
802.387	6412.000
802.402	6244.000
802.417	6378.000
802.433	6356.000
802.448	6426.000
802.463	6388.000
802.478	6498.000
802.493	6542.000
802.509	6384.000
802.524	6106.000
802.539	6250.000
802.554	6004.000
802.569	5916.000
802.585	5734.000
802.600	5864.000
802.615	5768.000
802.630	5872.000
802.645	5932.000
802.661	6024.000
802.676	5924.000
802.691	6100.000
802.706	5940.000
802.721	6212.000
802.736	6258.000
802.752	6132.000
802.767	6098.000
802.782	6068.000
802.797	5980.000
802.812	5768.000
802.828	5738.000
802.843	5644.000
802.858	5568.000
802.873	5506.000
802.888	5566.000
802.903	5628.000
802.919	5582.000
802.934	5580.000
802.949	5722.000
802.964	5754.000
802.979	5768.000
802.995	5772.000
803.010	5844.000
803.025	5768.000
803.040	5820.000
803.055	5708.000
803.070	5564.000
803.086	5608.000
803.101	5370.000
803.116	5488.000
803.131	5488.000
803.146	5338.000
803.161	5448.000
803.177	5446.000
803.192	5354.000
803.207	5252.000
803.222	5356.000
803.237	5348.000
803.252	5362.000
803.267	5432.000
803.283	5494.000
803.298	5580.000
803.313	5486.000
803.328	5358.000
803.343	5320.000
803.358	5216.000
803.374	5216.000
803.389	5104.000
803.404	5078.000
803.419	5068.000
803.434	5260.000
803.449	5150.000
803.464	5060.000
803.480	5224.000
803.495	5214.000
803.510	5122.000
803.525	5384.000
803.540	5298.000
803.555	5140.000
803.570	5136.000
803.585	5178.000
803.601	5220.000
803.616	4984.000
803.631	4878.000
803.646	5012.000
803.661	4846.000
803.676	4690.000
803.691	4770.000
803.706	4646.000
803.722	4838.000
803.737	4946.000
803.752	4806.000
803.767	4908.000
803.782	4922.000
803.797	5086.000
803.812	4922.000
803.827	5114.000
803.843	5040.000
803.858	4912.000
803.873	4786.000
803.888	4878.000
803.903	4576.000
803.918	4756.000
803.933	4536.000
803.948	4510.000
803.963	4540.000
803.979	4608.000
803.994	4568.000
804.009	4524.000
804.024	4790.000
804.039	4624.000
804.054	4704.000
804.069	4804.000
804.084	4798.000
804.099	4652.000
804.115	4658.000
804.130	4692.000
804.145	4612.000
804.160	4554.000
804.175	4618.000
804.190	4402.000
804.205	4406.000
804.220	4516.000
804.235	4440.000
804.250	4446.000
804.265	4480.000
804.281	4456.000
804.296	4512.000
804.311	4486.000
804.326	4484.000
804.341	4556.000
804.356	4506.000
804.371	4508.000
804.386	4560.000
804.401	4460.000
804.416	4428.000
804.431	4308.000
804.446	4248.000
804.461	4186.000
804.477	4172.000
804.492	4160.000
804.507	4154.000
804.522	4176.000
804.537	4186.000
804.552	4310.000
804.567	4306.000
804.582	4260.000
804.597	4352.000
804.612	4350.000
804.627	4266.000
804.642	4408.000
804.657	4290.000
804.672	4324.000
804.688	4176.000
804.703	4164.000
804.718	4078.000
804.733	3980.000
804.748	4048.000
804.763	3942.000
804.778	3926.000
804.793	3960.000
804.808	3982.000
804.823	4234.000
804.838	4068.000
804.853	3996.000
804.868	4106.000
804.883	4252.000
804.898	4176.000
804.913	4194.000
804.928	4124.000
804.943	4042.000
804.958	3954.000
804.973	3948.000
804.989	3890.000
805.004	4022.000
805.019	3884.000
805.034	3816.000
805.049	3756.000
805.064	3868.000
805.079	3828.000
805.094	3868.000
805.109	3832.000
805.124	3946.000
805.139	3974.000
805.154	3972.000
805.169	3922.000
805.184	3966.000
805.199	3940.000
805.214	3858.000
805.229	3910.000
805.244	3842.000
805.259	3682.000
805.274	3638.000
805.289	3638.000
805.304	3746.000
805.319	3700.000
805.334	3644.000
805.349	3628.000
805.364	3718.000
805.379	3718.000
805.394	3764.000
805.409	3794.000
805.424	3762.000
805.439	3848.000
805.454	3814.000
805.469	3744.000
805.484	3718.000
805.499	3680.000
805.514	3576.000
805.529	3454.000
805.544	3484.000
805.559	3482.000
805.574	3540.000
805.589	3602.000
805.604	3582.000
805.619	3600.000
805.634	3650.000
805.649	3682.000
805.664	3656.000
805.679	3742.000
805.694	3730.000
805.709	3754.000
805.724	3714.000
805.739	3696.000
805.754	3566.000
805.769	3496.000
805.784	3464.000
805.799	3438.000
805.814	3494.000
805.829	3436.000
805.844	3456.000
805.859	3544.000
805.874	3482.000
805.889	3358.000
805.904	3614.000
805.919	3480.000
805.934	3522.000
805.949	3500.000
805.964	3556.000
805.979	3630.000
805.994	3540.000
806.009	3490.000
806.024	3434.000
806.039	3472.000
806.054	3556.000
806.069	3474.000
806.084	3254.000
806.099	3368.000
806.114	3376.000
806.129	3390.000
806.144	3362.000
806.159	3308.000
806.174	3378.000
806.188	3320.000
806.203	3426.000
806.218	3346.000
806.233	3340.000
806.248	3338.000
806.263	3408.000
806.278	3356.000
806.293	3388.000
806.308	3404.000
806.323	3342.000
806.338	3236.000
806.353	3262.000
806.368	3238.000
806.383	3304.000
806.398	3244.000
806.413	3258.000
806.428	3186.000
806.443	3232.000
806.458	3124.000
806.473	3232.000
806.487	3150.000
806.502	3246.000
806.517	3266.000
806.532	3206.000
806.547	3346.000
806.562	3306.000
806.577	3148.000
806.592	3250.000
806.607	3194.000
806.622	3150.000
806.637	3044.000
806.652	3014.000
806.667	3106.000
806.682	3122.000
806.697	3084.000
806.711	3118.000
806.726	3166.000
806.741	3100.000
806.756	2998.000
806.771	3112.000
806.786	3160.000
806.801	3204.000
806.816	3096.000
806.831	3224.000
806.846	3000.000
806.861	2972.000
806.876	2978.000
806.890	3012.000
806.905	2826.000
806.920	2852.000
806.935	2904.000
806.950	2916.000
806.965	2966.000
806.980	2956.000
806.995	2854.000
807.010	2966.000
807.025	2970.000
807.040	2968.000
807.054	3060.000
807.069	2942.000
807.084	2910.000
807.099	2988.000
807.114	3056.000
807.129	3014.000
807.144	2868.000
807.159	2776.000
807.174	2838.000
807.189	2764.000
807.203	2774.000
807.218	2726.000
807.233	2812.000
807.248	2912.000
807.263	2820.000
807.278	2848.000
807.293	2856.000
807.308	2806.000
807.323	2796.000
807.337	2922.000
807.352	2780.000
807.367	2912.000
807.382	2854.000
807.397	2794.000
807.412	2764.000
807.427	2722.000
807.442	2670.000
807.456	2718.000
807.471	2722.000
807.486	2674.000
807.501	2714.000
807.516	2588.000
807.531	2692.000
807.546	2778.000
807.561	2684.000
807.575	2738.000
807.590	2620.000
807.605	2704.000
807.620	2762.000
807.635	2628.000
807.650	2722.000
807.665	2706.000
807.679	2744.000
807.694	2704.000
807.709	2626.000
807.724	2616.000
807.739	2582.000
807.754	2650.000
807.769	2618.000
807.783	2600.000
807.798	2570.000
807.813	2594.000
807.828	2538.000
807.843	2498.000
807.858	2662.000
807.872	2610.000
807.887	2572.000
807.902	2686.000
807.917	2680.000
807.932	2680.000
807.947	2556.000
807.962	2480.000
807.976	2590.000
807.991	2580.000
808.006	2442.000
808.021	2420.000
808.036	2508.000
808.051	2506.000
808.065	2430.000
808.080	2476.000
808.095	2528.000
808.110	2492.000
808.125	2506.000
808.140	2498.000
808.154	2538.000
808.169	2588.000
808.184	2520.000
808.199	2652.000
808.214	2528.000
808.228	2494.000
808.243	2472.000
808.258	2412.000
808.273	2474.000
808.288	2362.000
808.303	2512.000
808.317	2426.000
808.332	2462.000
808.347	2420.000
808.362	2408.000
808.377	2530.000
808.391	2400.000
808.406	2474.000
808.421	2438.000
808.436	2484.000
808.451	2514.000
808.465	2486.000
808.480	2502.000
808.495	2330.000
808.510	2452.000
808.525	2338.000
808.540	2294.000
808.554	2344.000
808.569	2194.000
808.584	2348.000
808.599	2382.000
808.613	2372.000
808.628	2382.000
808.643	2318.000
808.658	2432.000
808.673	2456.000
808.687	2388.000
808.702	2346.000
808.717	2400.000
808.732	2452.000
808.747	2310.000
808.761	2320.000
808.776	2290.000
808.791	2330.000
808.806	2224.000
808.821	2232.000
808.835	2266.000
808.850	2270.000
808.865	2330.000
808.880	2278.000
808.894	2264.000
808.909	2302.000
808.924	2358.000
808.939	2322.000
808.953	2346.000
808.968	2398.000
808.983	2374.000
808.998	2378.000
809.013	2382.000
809.027	2256.000
809.042	2334.000
809.057	2308.000
809.072	2196.000
809.086	2164.000
809.101	2190.000
809.116	2318.000
809.131	2116.000
809.145	2288.000
809.160	2176.000
809.175	2220.000
809.190	2222.000
809.204	2132.000
809.219	2238.000
809.234	2244.000
809.249	2294.000
809.263	2366.000
809.278	2236.000
809.293	2288.000
809.308	2232.000
809.322	2388.000
809.337	2236.000
809.352	2146.000
809.367	2128.000
809.381	2170.000
809.396	2100.000
809.411	2156.000
809.426	2246.000
809.440	2186.000
809.455	2116.000
809.470	2162.000
809.485	2144.000
809.499	2316.000
809.514	2248.000
809.529	2226.000
809.544	2198.000
809.558	2176.000
809.573	2214.000
809.588	2226.000
809.602	2274.000
809.618	2114.000
809.633	2210.000
809.648	2122.000
809.664	2118.000
809.679	2058.000
809.694	2138.000
809.710	2104.000
809.725	2116.000
809.740	2054.000
809.756	2126.000
809.771	2160.000
809.786	2218.000
809.802	2258.000
809.817	2208.000
809.832	2286.000
809.847	2196.000
809.863	2176.000
809.878	2158.000
809.893	2118.000
809.909	2114.000
809.924	1996.000
809.939	1994.000
809.955	2030.000
809.970	1982.000
809.985	2048.000
810.000	2172.000
810.016	2110.000
810.031	2066.000
810.046	2060.000
810.062	2062.000
810.077	2090.000
810.092	2104.000
810.108	2062.000
810.123	2122.000
810.138	2136.000
810.153	2002.000
810.169	2096.000
810.184	2046.000
810.199	1958.000
810.215	1964.000
810.230	2062.000
810.245	1906.000
810.260	2008.000
810.276	1914.000
810.291	2074.000
810.306	1974.000
810.321	1994.000
810.337	2050.000
810.352	2000.000
810.367	1930.000
810.383	1974.000
810.398	2038.000
810.413	2030.000
810.428	1948.000
810.444	1944.000
810.459	1968.000
810.474	1986.000
810.489	1994.000
810.505	1930.000
810.520	1912.000
810.535	2014.000
810.550	1912.000
810.566	1972.000
810.581	1892.000
810.596	2016.000
810.612	1834.000
810.627	1896.000
810.642	2008.000
810.657	1904.000
810.673	1942.000
810.688	1972.000
810.703	1994.000
810.718	1958.000
810.734	1896.000
810.749	1902.000
810.764	1860.000
810.779	1894.000
810.795	1882.000
810.810	1834.000
810.825	1924.000
810.840	1808.000
810.856	1802.000
810.871	1904.000
810.886	1934.000
810.901	1864.000
810.916	1950.000
810.932	1880.000
810.947	1920.000
810.962	1986.000
810.977	1848.000
810.993	1960.000
811.008	1880.000
811.023	1766.000
811.038	1814.000
811.054	1820.000
811.069	1786.000
811.084	1792.000
811.099	1790.000
811.114	1788.000
811.130	1792.000
811.145	1766.000
811.160	1832.000
811.175	1842.000
811.191	1808.000
811.206	1942.000
811.221	1880.000
811.236	1878.000
811.251	1858.000
811.267	1802.000
811.282	1856.000
811.297	1726.000
811.312	1728.000
811.328	1748.000
811.343	1746.000
811.358	1752.000
811.373	1756.000
811.388	1790.000
811.404	1758.000
811.419	1744.000
811.434	1836.000
811.449	1806.000
811.464	1828.000
811.480	1752.000
811.495	1784.000
811.510	1732.000
811.525	1818.000
811.540	1768.000
811.556	1740.000
811.571	1712.000
811.586	1816.000
811.601	1682.000
811.616	1704.000
811.632	1764.000
811.647	1712.000
811.662	1712.000
811.677	1714.000
811.692	1766.000
811.708	1752.000
811.723	1778.000
811.738	1768.000
811.753	1754.000
811.768	1718.000
811.783	1734.000
811.799	1714.000
811.814	1738.000
811.829	1628.000
811.844	1770.000
811.859	1648.000
811.875	1678.000
811.890	1660.000
811.905	1710.000
811.920	1736.000
811.935	1762.000
811.950	1674.000
811.966	1746.000
811.981	1750.000
811.996	1706.000
812.011	1712.000
812.026	1658.000
812.041	1772.000
812.057	1692.000
812.072	1726.000
812.087	1700.000
812.102	1702.000
812.117	1730.000
812.132	1646.000
812.148	1664.000
812.163	1710.000
812.178	1694.000
812.193	1684.000
812.208	1664.000
812.223	1592.000
812.239	1672.000
812.254	1602.000
812.269	1628.000
812.284	1648.000
812.299	1648.000
812.314	1694.000
812.329	1714.000
812.345	1722.000
812.360	1672.000
812.375	1750.000
812.390	1716.000
812.405	1706.000
812.420	1660.000
812.435	1536.000
812.451	1614.000
812.466	1614.000
812.481	1616.000
812.496	1528.000
812.511	1702.000
812.526	1600.000
812.541	1620.000
812.557	1626.000
812.572	1684.000
812.587	1618.000
812.602	1698.000
812.617	1698.000
812.632	1692.000
812.647	1686.000
812.662	1644.000
812.678	1690.000
812.693	1650.000
812.708	1610.000
812.723	1610.000
812.738	1622.000
812.753	1624.000
812.768	1672.000
812.783	1670.000
812.799	1714.000
812.814	1646.000
812.829	1706.000
812.844	1738.000
812.859	1814.000
812.874	1712.000
812.889	1722.000
812.904	1848.000
812.919	1774.000
812.935	1750.000
812.950	1790.000
812.965	1860.000
812.980	1862.000
812.995	1900.000
813.010	1924.000
813.025	1872.000
813.040	2018.000
813.055	2080.000
813.071	2086.000
813.086	2108.000
813.101	2128.000
813.116	2200.000
813.131	2214.000
813.146	2082.000
813.161	2182.000
813.176	2206.000
813.191	2126.000
813.206	2074.000
813.222	1966.000
813.237	2034.000
813.252	1986.000
813.267	2032.000
813.282	1876.000
813.297	1848.000
813.312	1888.000
813.327	1844.000
813.342	1930.000
813.357	1812.000
813.372	1810.000
813.387	1856.000
813.403	1806.000
813.418	1734.000
813.433	1770.000
813.448	1862.000
813.463	1790.000
813.478	1804.000
813.493	1740.000
813.508	1718.000
813.523	1700.000
813.538	1698.000
813.553	1710.000
813.568	1696.000
813.583	1602.000
813.598	1696.000
813.614	1634.000
813.629	1686.000
813.644	1642.000
813.659	1652.000
813.674	1638.000
813.689	1650.000
813.704	1684.000
813.719	1654.000
813.734	1722.000
813.749	1672.000
813.764	1620.000
813.779	1738.000
813.794	1684.000
813.809	1606.000
813.824	1688.000
813.839	1698.000
813.854	1636.000
813.870	1718.000
813.885	1608.000
813.900	1686.000
813.915	1680.000
813.930	1726.000
813.945	1760.000
813.960	1756.000
813.975	1750.000
813.990	1808.000
814.005	1792.000
814.020	1894.000
814.035	1860.000
814.050	1878.000
814.065	1926.000
814.080	1868.000
814.095	1966.000
814.110	1954.000
814.125	2032.000
814.140	1962.000
814.155	2128.000
814.170	2132.000
814.185	2182.000
814.200	2208.000
814.215	2316.000
814.230	2316.000
814.245	2484.000
814.260	2560.000
814.275	2622.000
814.291	2844.000
814.306	2842.000
814.321	2932.000
814.336	3124.000
814.351	3302.000
814.366	3320.000
814.381	3614.000
814.396	3862.000
814.411	3970.000
814.426	4028.000
814.441	4288.000
814.456	4450.000
814.471	4520.000
814.486	4556.000
814.501	4692.000
814.516	4666.000
814.531	4558.000
814.546	4526.000
814.561	4290.000
814.576	4248.000
814.591	4050.000
814.606	3978.000
814.621	3808.000
814.636	3770.000
814.651	3466.000
814.666	3348.000
814.681	3180.000
814.696	3212.000
814.711	2964.000
814.726	2888.000
814.741	2894.000
814.756	2738.000
814.771	2604.000
814.786	2554.000
814.801	2496.000
814.816	2348.000
814.831	2352.000
814.846	2266.000
814.861	2396.000
814.876	2268.000
814.891	2162.000
814.906	2146.000
814.921	2044.000
814.936	2122.000
814.951	2050.000
814.966	2018.000
814.980	2046.000
814.995	1928.000
815.010	1988.000
815.025	1948.000
815.040	1904.000
815.055	1922.000
815.070	1870.000
815.085	1840.000
815.100	1882.000
815.115	1902.000
815.130	1874.000
815.145	1878.000
815.160	1768.000
815.175	1778.000
815.190	1640.000
815.205	1746.000
815.220	1702.000
815.235	1612.000
815.250	1694.000
815.265	1590.000
815.280	1608.000
815.295	1658.000
815.310	1594.000
815.325	1578.000
815.340	1620.000
815.355	1554.000
815.370	1606.000
815.384	1610.000
815.399	1484.000
815.414	1570.000
815.429	1496.000
815.444	1462.000
815.459	1504.000
815.474	1484.000
815.489	1414.000
815.504	1410.000
815.519	1326.000
815.534	1366.000
815.549	1302.000
815.564	1394.000
815.579	1346.000
815.594	1358.000
815.609	1292.000
815.624	1328.000
815.638	1332.000
815.653	1320.000
815.668	1372.000
815.683	1352.000
815.698	1300.000
815.713	1378.000
815.728	1258.000
815.743	1206.000
815.758	1212.000
815.773	1206.000
815.788	1240.000
815.803	1236.000
815.818	1188.000
815.833	1160.000
815.847	1174.000
815.862	1180.000
815.877	1178.000
815.892	1204.000
815.907	1184.000
815.922	1162.000
815.937	1108.000
815.952	1162.000
815.967	1220.000
815.982	1154.000
815.997	1160.000
816.012	1164.000
816.026	1142.000
816.041	1150.000
816.056	1082.000
816.071	1108.000
816.086	1048.000
816.101	1100.000
816.116	1114.000
816.131	1086.000
816.146	1110.000
816.161	1114.000
816.175	1080.000
816.190	1010.000
816.205	1116.000
816.220	1054.000
816.235	1090.000
816.250	1008.000
816.265	1116.000
816.280	1016.000
816.295	1080.000
816.309	1002.000
816.324	1052.000
816.339	1044.000
816.354	1046.000
816.369	1018.000
816.384	1004.000
816.399	990.000
816.414	980.000
816.429	994.000
816.443	1014.000
816.458	1006.000
816.473	1046.000
816.488	1070.000
816.503	1010.000
816.518	1024.000
816.533	1082.000
816.548	964.000
816.562	978.000
816.577	1042.000
816.592	994.000
816.607	956.000
816.622	988.000
816.637	978.000
816.652	968.000
816.667	994.000
816.681	932.000
816.696	1014.000
816.711	926.000
816.726	968.000
816.741	932.000
816.756	936.000
816.771	954.000
816.785	982.000
816.800	986.000
816.815	1008.000
816.830	992.000
816.845	954.000
816.860	1006.000
816.875	984.000
816.889	964.000
816.904	938.000
816.919	926.000
816.934	992.000
816.949	900.000
816.964	890.000
816.978	966.000
816.993	902.000
817.008	908.000
817.023	928.000
817.038	968.000
817.053	954.000
817.068	906.000
817.082	936.000
817.097	834.000
817.112	882.000
817.127	964.000
817.142	946.000
817.157	926.000
817.171	888.000
817.186	920.000
817.201	884.000
817.216	914.000
817.231	850.000
817.246	862.000
817.260	858.000
817.275	936.000
817.290	936.000
817.305	908.000
817.320	902.000
817.334	856.000
817.349	876.000
817.364	868.000
817.379	862.000
817.394	912.000
817.409	904.000
817.423	894.000
817.438	830.000
817.453	886.000
817.468	836.000
817.483	832.000
817.497	846.000
817.512	870.000
817.527	872.000
817.542	864.000
817.557	856.000
817.571	858.000
817.586	836.000
817.601	860.000
817.616	848.000
817.631	822.000
817.645	836.000
817.660	810.000
817.675	870.000
817.690	886.000
817.705	834.000
817.719	790.000
817.734	868.000
817.749	786.000
817.764	782.000
817.779	890.000
817.793	820.000
817.808	790.000
817.823	788.000
817.838	844.000
817.853	798.000
817.867	870.000
817.882	826.000
817.897	784.000
817.912	852.000
817.926	776.000
817.941	808.000
817.956	828.000
817.971	816.000
817.986	818.000
818.000	812.000
818.015	816.000
818.030	868.000
818.045	802.000
818.059	816.000
818.074	776.000
818.089	792.000
818.104	820.000
818.119	804.000
818.133	782.000
818.148	798.000
818.163	826.000
818.178	774.000
818.192	808.000
818.207	768.000
818.222	780.000
818.237	770.000
818.251	760.000
818.266	788.000
818.281	780.000
818.296	764.000
818.310	776.000
818.325	790.000
818.340	732.000
818.355	702.000
818.369	786.000
818.384	726.000
818.399	764.000
818.414	748.000
818.428	764.000
818.443	788.000
818.458	752.000
818.473	782.000
818.487	756.000
818.502	776.000
818.517	810.000
818.532	764.000
818.546	798.000
818.561	798.000
818.576	790.000
818.591	714.000
818.605	752.000
818.620	780.000
818.635	686.000
818.649	714.000
818.664	750.000
818.679	724.000
818.694	726.000
818.708	728.000
818.723	782.000
818.738	688.000
818.753	724.000
818.767	750.000
818.782	748.000
818.797	710.000
818.811	748.000
818.826	722.000
818.841	730.000
818.856	752.000
818.870	748.000
818.885	704.000
818.900	756.000
818.914	748.000
818.929	728.000
818.944	676.000
818.959	716.000
818.973	730.000
818.988	762.000
819.003	698.000
819.017	734.000
819.032	672.000
819.047	718.000
819.062	656.000
819.076	772.000
819.091	718.000
819.106	740.000
819.120	712.000
819.135	740.000
819.150	712.000
819.164	720.000
819.179	764.000
819.194	752.000
819.209	756.000
819.223	728.000
819.238	742.000
819.253	722.000
819.267	706.000
819.282	664.000
819.297	702.000
819.311	690.000
819.326	702.000
819.341	674.000
819.355	674.000
819.370	724.000
819.385	770.000
819.399	704.000
819.414	756.000
819.429	690.000
819.444	728.000
819.458	720.000
819.473	704.000
819.488	708.000
819.502	676.000
819.517	658.000
819.532	702.000
819.546	664.000
819.561	660.000
819.576	656.000
819.590	688.000
819.605	642.000
819.620	718.000
819.634	658.000
819.649	694.000
819.664	650.000
819.678	728.000
819.693	710.000
819.708	706.000
819.722	664.000
819.737	704.000
819.752	672.000
819.766	652.000
819.781	664.000
819.795	650.000
819.810	666.000
819.825	690.000
819.839	646.000
819.854	666.000
819.869	672.000
819.883	656.000
819.898	662.000
819.913	666.000
819.927	694.000
819.942	696.000
819.957	654.000
819.971	716.000
819.986	628.000
820.001	640.000
820.015	678.000
820.030	626.000
820.044	612.000
820.059	654.000
820.074	660.000
820.088	656.000
820.103	672.000
820.118	678.000
820.132	678.000
820.147	666.000
820.161	660.000
820.176	668.000
820.191	692.000
820.205	670.000
820.220	686.000
820.235	680.000
820.249	684.000
820.264	642.000
820.278	690.000
820.293	670.000
820.308	634.000
820.322	618.000
820.337	648.000
820.352	646.000
820.366	618.000
820.381	650.000
820.395	624.000
820.410	618.000
820.425	652.000
820.439	614.000
820.454	670.000
820.468	652.000
820.483	634.000
820.498	624.000
820.512	670.000
820.527	612.000
820.541	642.000
820.556	628.000
820.571	676.000
820.585	582.000
820.600	604.000
820.614	638.000
820.629	620.000
820.644	644.000
820.658	590.000
820.673	592.000
820.687	580.000
820.702	612.000
820.717	648.000
820.731	626.000
820.746	600.000
820.760	634.000
820.775	622.000
820.790	628.000
820.804	642.000
820.819	628.000
820.833	616.000
820.848	670.000
820.862	652.000
820.877	650.000
820.892	580.000
820.906	618.000
820.921	600.000
820.935	640.000
820.950	646.000
820.964	624.000
820.979	580.000
820.994	628.000
821.008	608.000
821.023	598.000
821.037	610.000
821.052	614.000
821.066	628.000
821.081	616.000
821.096	592.000
821.110	634.000
821.125	612.000
821.139	612.000
821.154	598.000
821.168	600.000
821.183	568.000
821.197	556.000
821.212	582.000
821.227	620.000
821.241	600.000
821.256	582.000
821.270	582.000
821.285	580.000
821.299	592.000
821.314	614.000
821.328	578.000
821.343	620.000
821.357	562.000
821.372	592.000
821.387	590.000
821.401	622.000
821.416	594.000
821.430	596.000
821.445	584.000
821.459	558.000
821.474	584.000
821.488	558.000
821.503	652.000
821.517	560.000
821.532	608.000
821.546	566.000
821.561	586.000
821.576	594.000
821.590	634.000
821.605	608.000
821.619	612.000
821.634	594.000
821.648	608.000
821.663	584.000
821.677	578.000
821.692	546.000
821.706	566.000
821.721	510.000
821.735	568.000
821.750	574.000
821.764	566.000
821.779	582.000
821.793	564.000
821.808	588.000
821.822	554.000
821.837	588.000
821.851	570.000
821.866	584.000
821.880	578.000
821.895	590.000
821.909	582.000
821.924	580.000
821.938	580.000
821.953	562.000
821.967	566.000
821.982	594.000
821.996	572.000
822.011	566.000
822.025	572.000
822.040	548.000
822.054	572.000
822.069	542.000
822.083	566.000
822.098	584.000
822.112	584.000
822.127	592.000
822.141	510.000
822.156	568.000
822.170	568.000
822.185	552.000
822.199	546.000
822.214	594.000
822.228	566.000
822.243	546.000
822.257	540.000
822.272	588.000
822.286	542.000
822.301	570.000
822.315	528.000
822.330	568.000
822.344	542.000
822.359	536.000
822.373	488.000
822.388	538.000
822.402	574.000
822.416	570.000
822.431	574.000
822.445	568.000
822.460	556.000
822.474	574.000
822.489	528.000
822.503	572.000
822.518	518.000
822.532	522.000
822.547	540.000
822.561	562.000
822.576	560.000
822.590	554.000
822.605	514.000
822.619	548.000
822.633	508.000
822.648	532.000
822.662	552.000
822.677	568.000
822.691	520.000
822.706	530.000
822.720	526.000
822.735	530.000
822.749	526.000
822.763	532.000
822.778	526.000
822.792	544.000
822.807	530.000
822.821	512.000
822.836	530.000
822.850	544.000
822.865	504.000
822.879	556.000
822.893	534.000
822.908	516.000
822.922	496.000
822.937	524.000
822.951	518.000
822.966	568.000
822.980	520.000
822.994	538.000
823.009	518.000
823.023	508.000
823.038	506.000
823.052	514.000
823.067	542.000
823.081	518.000
823.095	520.000
823.110	516.000
823.124	562.000
823.139	498.000
823.153	496.000
823.168	550.000
823.182	534.000
823.196	586.000
823.211	530.000
823.225	532.000
823.240	514.000
823.254	526.000
823.268	494.000
823.283	504.000
823.297	502.000
823.312	550.000
823.326	520.000
823.340	498.000
823.355	524.000
823.369	564.000
823.384	556.000
823.398	516.000
823.412	576.000
823.427	486.000
823.441	520.000
823.456	526.000
823.470	496.000
823.484	520.000
823.499	502.000
823.513	522.000
823.528	506.000
823.542	516.000
823.556	506.000
823.571	514.000
823.585	526.000
823.600	542.000
823.614	508.000
823.628	524.000
823.643	500.000
823.657	470.000
823.671	522.000
823.686	512.000
823.700	514.000
823.715	516.000
823.729	512.000
823.743	520.000
823.758	494.000
823.772	532.000
823.786	518.000
823.801	482.000
823.815	498.000
823.830	502.000
823.844	496.000
823.858	488.000
823.873	470.000
823.887	536.000
823.901	512.000
823.916	518.000
823.930	472.000
823.945	534.000
823.959	516.000
823.973	490.000
823.988	576.000
824.002	552.000
824.016	508.000
824.031	514.000
824.045	512.000
824.059	536.000
824.074	532.000
824.088	492.000
824.102	502.000
824.117	516.000
824.131	506.000
824.145	536.000
824.160	506.000
824.174	502.000
824.188	512.000
824.203	494.000
824.217	498.000
824.232	556.000
824.246	506.000
824.260	520.000
824.275	532.000
824.289	514.000
824.303	516.000
824.318	482.000
824.332	498.000
824.346	552.000
824.361	480.000
824.375	504.000
824.389	522.000
824.404	514.000
824.418	512.000
824.432	490.000
824.446	540.000
824.461	474.000
824.475	500.000
824.489	526.000
824.504	486.000
824.518	522.000
824.532	524.000
824.547	446.000
824.561	508.000
824.575	500.000
824.590	508.000
824.604	546.000
824.618	496.000
824.633	512.000
824.647	480.000
824.661	520.000
824.676	498.000
824.690	518.000
824.704	484.000
824.718	510.000
824.733	520.000
824.747	474.000
824.761	490.000
824.776	548.000
824.791	496.000
824.806	530.000
824.821	578.000
824.836	558.000
824.851	524.000
824.866	518.000
824.880	536.000
824.895	546.000
824.910	540.000
824.925	518.000
824.940	514.000
824.955	516.000
824.970	512.000
824.985	492.000
825.000	522.000
825.014	522.000
825.029	518.000
825.044	514.000
825.059	550.000
825.074	494.000
825.089	514.000
825.104	540.000
825.119	520.000
825.134	542.000
825.148	524.000
825.163	538.000
825.178	512.000
825.193	502.000
825.208	494.000
825.223	520.000
825.238	506.000
825.253	474.000
825.267	478.000
825.282	488.000
825.297	546.000
825.312	500.000
825.327	508.000
825.342	546.000
825.357	498.000
825.372	514.000
825.386	488.000
825.401	510.000
825.416	520.000
825.431	488.000
825.446	472.000
825.461	504.000
825.476	494.000
825.490	548.000
825.505	504.000
825.520	470.000
825.535	486.000
825.550	504.000
825.565	514.000
825.580	538.000
825.594	512.000
825.609	534.000
825.624	498.000
825.639	490.000
825.654	554.000
825.669	492.000
825.683	506.000
825.698	488.000
825.713	526.000
825.728	512.000
825.743	520.000
825.758	492.000
825.773	492.000
825.787	494.000
825.802	486.000
825.817	554.000
825.832	492.000
825.847	548.000
825.862	496.000
825.876	506.000
825.891	514.000
825.906	512.000
825.921	524.000
825.936	520.000
825.951	514.000
825.965	514.000
825.980	534.000
825.995	496.000
826.010	510.000
826.025	492.000
826.039	542.000
826.054	494.000
826.069	502.000
826.084	502.000
826.099	508.000
826.114	476.000
826.128	522.000
826.143	504.000
826.158	532.000
826.173	508.000
826.188	508.000
826.202	450.000
826.217	504.000
826.232	542.000
826.247	538.000
826.262	520.000
826.276	536.000
826.291	502.000
826.306	470.000
826.321	480.000
826.336	514.000
826.351	508.000
826.365	484.000
826.380	536.000
826.395	504.000
826.410	498.000
826.425	460.000
826.439	488.000
826.454	492.000
826.469	496.000
826.484	538.000
826.498	514.000
826.513	506.000
826.528	466.000
826.543	498.000
826.558	562.000
826.572	466.000
826.587	500.000
826.602	476.000
826.617	452.000
826.632	502.000
826.646	532.000
826.661	464.000
826.676	488.000
826.691	450.000
826.705	488.000
826.720	484.000
826.735	482.000
826.750	470.000
826.765	482.000
826.779	480.000
826.794	470.000
826.809	550.000
826.824	458.000
826.838	536.000
826.853	470.000
826.868	500.000
826.883	508.000
826.897	452.000
826.912	472.000
826.927	474.000
826.942	486.000
826.957	472.000
826.971	468.000
826.986	484.000
827.001	472.000
827.016	478.000
827.030	512.000
827.045	480.000
827.060	438.000
827.075	504.000
827.089	476.000
827.104	456.000
827.119	494.000
827.134	474.000
827.148	476.000
827.163	498.000
827.178	498.000
827.193	492.000
827.207	494.000
827.222	482.000
827.237	490.000
827.252	468.000
827.266	466.000
827.281	498.000
827.296	506.000
827.311	498.000
827.325	500.000
827.340	476.000
827.355	464.000
827.369	450.000
827.384	524.000
827.399	486.000
827.414	478.000
827.428	470.000
827.443	530.000
827.458	518.000
827.473	492.000
827.487	492.000
827.502	504.000
827.517	490.000
827.531	504.000
827.546	486.000
827.561	474.000
827.576	512.000
827.590	486.000
827.605	468.000
827.620	504.000
827.634	496.000
827.649	522.000
827.664	462.000
827.679	496.000
827.693	520.000
827.708	460.000
827.723	524.000
827.737	490.000
827.752	494.000
827.767	510.000
827.782	508.000
827.796	490.000
827.811	488.000
827.826	446.000
827.840	488.000
827.855	480.000
827.870	480.000
827.885	502.000
827.899	482.000
827.914	500.000
827.929	520.000
827.943	532.000
827.958	506.000
827.973	488.000
827.987	490.000
828.002	506.000
828.017	500.000
828.031	498.000
828.046	532.000
828.061	464.000
828.076	470.000
828.090	464.000
828.105	512.000
828.120	484.000
828.134	500.000
828.149	470.000
828.164	480.000
828.178	464.000
828.193	496.000
828.208	456.000
828.222	502.000
828.237	488.000
828.252	512.000
828.266	520.000
828.281	480.000
828.296	490.000
828.310	520.000
828.325	486.000
828.340	478.000
828.354	482.000
828.369	484.000
828.384	456.000
828.398	470.000
828.413	462.000
828.428	500.000
828.442	470.000
828.457	486.000
828.472	512.000
828.486	472.000
828.501	488.000
828.516	538.000
828.530	518.000
828.545	524.000
828.560	500.000
828.574	492.000
828.589	502.000
828.604	500.000
828.618	510.000
828.633	486.000
828.648	498.000
828.662	496.000
828.677	492.000
828.691	506.000
828.706	474.000
828.721	502.000
828.735	506.000
828.750	456.000
828.765	468.000
828.779	490.000
828.794	480.000
828.809	510.000
828.823	546.000
828.838	448.000
828.853	502.000
828.867	518.000
828.882	486.000
828.896	508.000
828.911	486.000
828.926	488.000
828.940	514.000
828.955	506.000
828.970	562.000
828.984	530.000
828.999	520.000
829.013	516.000
829.028	484.000
829.043	530.000
829.057	526.000
829.072	492.000
829.087	462.000
829.101	486.000
829.116	496.000
829.130	526.000
829.145	488.000
829.160	506.000
829.174	494.000
829.189	470.000
829.203	512.000
829.218	498.000
829.233	512.000
829.247	506.000
829.262	534.000
829.276	508.000
829.291	498.000
829.306	520.000
829.320	474.000
829.335	486.000
829.349	476.000
829.364	468.000
829.379	492.000
829.393	498.000
829.408	542.000
829.422	492.000
829.437	542.000
829.452	506.000
829.466	500.000
829.481	492.000
829.495	462.000
829.510	502.000
829.525	536.000
829.539	500.000
829.554	476.000
829.568	526.000
829.583	502.000
829.598	486.000
829.612	486.000
829.627	486.000
829.641	508.000
829.656	512.000
829.670	524.000
829.685	464.000
829.700	492.000
829.714	480.000
829.729	540.000
829.743	494.000
829.758	510.000
829.772	498.000
829.787	472.000
829.802	508.000
829.816	440.000
829.831	530.000
829.845	490.000
829.860	488.000
829.874	502.000
829.889	544.000
829.904	514.000
829.918	504.000
829.933	484.000
829.947	504.000
829.962	470.000
829.976	518.000
829.991	530.000
830.005	498.000
830.020	496.000
830.035	524.000
830.049	472.000
830.064	494.000
830.078	490.000
830.093	480.000
830.107	504.000
830.122	480.000
830.136	482.000
830.151	476.000
830.166	512.000
830.180	480.000
830.195	540.000
830.209	476.000
830.224	490.000
830.238	474.000
830.253	472.000
830.267	464.000
830.282	492.000
830.296	480.000
830.311	482.000
830.325	458.000
830.340	490.000
830.355	484.000
830.369	430.000
830.384	480.000
830.398	458.000
830.413	456.000
830.427	498.000
830.442	450.000
830.456	496.000
830.471	456.000
830.485	434.000
830.500	470.000
830.514	498.000
830.529	480.000
830.543	474.000
830.558	458.000
830.572	504.000
830.587	472.000
830.601	446.000
830.616	482.000
830.630	474.000
830.645	500.000
830.659	464.000
830.674	490.000
830.688	466.000
830.703	452.000
830.718	460.000
830.732	446.000
830.747	464.000
830.761	450.000
830.776	458.000
830.790	458.000
830.805	494.000
830.819	472.000
830.834	476.000
830.848	472.000
830.863	452.000
830.877	426.000
830.892	438.000
830.906	476.000
830.921	462.000
830.935	450.000
830.949	424.000
830.964	478.000
830.978	458.000
830.993	432.000
831.007	464.000
831.022	446.000
831.036	450.000
831.051	444.000
831.065	440.000
831.080	430.000
831.094	416.000
831.109	424.000
831.123	404.000
831.138	466.000
831.152	430.000
831.167	480.000
831.181	442.000
831.196	432.000
831.210	452.000
831.225	420.000
831.239	426.000
831.254	458.000
831.268	438.000
831.283	430.000
831.297	408.000
831.311	450.000
831.326	420.000
831.340	440.000
831.355	422.000
831.369	462.000
831.384	436.000
831.398	442.000
831.413	390.000
831.427	406.000
831.442	408.000
831.456	400.000
831.471	406.000
831.485	420.000
831.499	408.000
831.514	400.000
831.528	404.000
831.543	426.000
831.557	412.000
831.572	388.000
831.586	362.000
831.601	370.000
831.615	434.000
831.629	424.000
831.644	404.000
831.658	428.000
831.673	410.000
831.687	424.000
831.702	386.000
831.716	382.000
831.731	424.000
831.745	436.000
831.759	394.000
831.774	410.000
831.788	406.000
831.803	418.000
831.817	396.000
831.832	408.000
831.846	434.000
831.860	396.000
831.875	406.000
831.889	396.000
831.904	408.000
831.918	398.000
831.933	382.000
831.947	400.000
831.961	394.000
831.976	386.000
831.990	408.000
832.005	424.000
832.019	422.000
832.033	376.000
832.048	382.000
832.062	428.000
832.077	390.000
832.091	372.000
832.106	424.000
832.120	380.000
832.134	388.000
832.149	400.000
832.163	398.000
832.178	382.000
832.192	380.000
832.206	412.000
832.221	406.000
832.235	396.000
832.250	362.000
832.264	368.000
832.278	396.000
832.293	396.000
832.307	400.000
832.322	358.000
832.336	380.000
832.350	366.000
832.365	354.000
832.379	358.000
832.394	402.000
832.408	372.000
832.422	416.000
832.437	388.000
832.451	398.000
832.465	354.000
832.480	384.000
832.494	444.000
832.509	396.000
832.523	388.000
832.537	340.000
832.552	376.000
832.566	384.000
832.581	384.000
832.595	398.000
832.609	384.000
832.624	352.000
832.638	410.000
832.652	378.000
832.667	354.000
832.681	398.000
832.696	360.000
832.710	370.000
832.724	378.000
832.739	344.000
832.753	342.000
832.767	328.000
832.782	380.000
832.796	358.000
832.810	372.000
832.825	352.000
832.839	368.000
832.853	386.000
832.868	350.000
832.882	380.000
832.897	380.000
832.911	328.000
832.925	358.000
832.940	378.000
832.954	394.000
832.968	396.000
832.983	368.000
832.997	400.000
833.011	388.000
833.026	368.000
833.040	362.000
833.054	392.000
833.069	382.000
833.083	360.000
833.097	394.000
833.112	366.000
833.126	402.000
833.140	352.000
833.155	356.000
833.169	384.000
833.183	338.000
833.198	368.000
833.212	362.000
833.226	370.000
833.241	380.000
833.255	358.000
833.269	358.000
833.284	350.000
833.298	370.000
833.312	348.000
833.327	370.000
833.341	366.000
833.355	356.000
833.370	428.000
833.384	336.000
833.398	330.000
833.413	388.000
833.427	370.000
833.441	380.000
833.456	350.000
833.470	344.000
833.484	344.000
833.499	346.000
833.513	338.000
833.527	320.000
833.542	374.000
833.556	362.000
833.570	338.000
833.584	366.000
833.599	338.000
833.613	332.000
833.627	374.000
833.642	346.000
833.656	380.000
833.670	354.000
833.685	374.000
833.699	318.000
833.713	394.000
833.727	350.000
833.742	358.000
833.756	340.000
833.770	340.000
833.785	340.000
833.799	404.000
833.813	356.000
833.827	356.000
833.842	388.000
833.856	328.000
833.870	350.000
833.885	360.000
833.899	318.000
833.913	360.000
833.927	350.000
833.942	316.000
833.956	358.000
833.970	324.000
833.985	354.000
833.999	340.000
834.013	316.000
834.027	348.000
834.042	348.000
834.056	336.000
834.070	354.000
834.085	344.000
834.099	354.000
834.113	348.000
834.127	348.000
834.142	352.000
834.156	364.000
834.170	368.000
834.184	352.000
834.199	350.000
834.213	366.000
834.227	338.000
834.241	338.000
834.256	332.000
834.270	340.000
834.284	358.000
834.298	326.000
834.313	356.000
834.327	342.000
834.341	316.000
834.355	304.000
834.370	334.000
834.384	340.000
834.398	376.000
834.412	336.000
834.427	344.000
834.441	328.000
834.455	334.000
834.469	320.000
834.484	340.000
834.498	336.000
834.512	346.000
834.526	322.000
834.541	344.000
834.555	354.000
834.569	298.000
834.583	356.000
834.598	312.000
834.612	284.000
834.626	350.000
834.640	348.000
834.655	324.000
834.669	302.000
834.683	332.000
834.697	340.000
834.711	296.000
834.726	354.000
834.740	342.000
834.754	324.000
834.768	330.000
834.783	342.000
834.797	334.000
834.811	334.000
834.825	330.000
834.839	334.000
834.854	302.000
834.868	324.000
834.882	342.000
834.896	350.000
834.910	330.000
834.925	320.000
834.939	320.000
834.953	294.000
834.967	344.000
834.982	338.000
834.996	290.000
835.010	354.000
835.024	318.000
835.038	324.000
835.053	300.000
835.067	346.000
835.081	352.000
835.095	350.000
835.109	310.000
835.124	322.000
835.138	314.000
835.152	304.000
835.166	350.000
835.180	314.000
835.195	330.000
835.209	332.000
835.223	280.000
835.237	326.000
835.251	352.000
835.265	318.000
835.280	294.000
835.294	300.000
835.308	300.000
835.322	318.000
835.336	314.000
835.351	352.000
835.365	338.000
835.379	328.000
835.393	316.000
835.407	300.000
835.421	324.000
835.436	318.000
835.450	306.000
835.464	296.000
835.478	334.000
835.492	310.000
835.506	332.000
835.521	334.000
835.535	324.000
835.549	310.000
835.563	304.000
835.577	312.000
835.591	334.000
835.606	334.000
835.620	340.000
835.634	338.000
835.648	344.000
835.662	296.000
835.676	334.000
835.691	300.000
835.705	330.000
835.719	338.000
835.733	316.000
835.747	322.000
835.761	342.000
835.775	310.000
835.790	332.000
835.804	326.000
835.818	310.000
835.832	314.000
835.846	342.000
835.860	306.000
835.874	320.000
835.889	312.000
835.903	336.000
835.917	318.000
835.931	312.000
835.945	300.000
835.959	284.000
835.973	340.000
835.988	308.000
836.002	298.000
836.016	324.000
836.030	326.000
836.044	282.000
836.058	294.000
836.072	292.000
836.086	316.000
836.101	286.000
836.115	310.000
836.129	312.000
836.143	308.000
836.157	318.000
836.171	288.000
836.185	302.000
836.199	332.000
836.214	318.000
836.228	320.000
836.242	320.000
836.256	332.000
836.270	304.000
836.284	266.000
836.298	338.000
836.312	294.000
836.326	346.000
836.341	314.000
836.355	308.000
836.369	296.000
836.383	294.000
836.397	306.000
836.411	302.000
836.425	308.000
836.439	310.000
836.453	300.000
836.468	278.000
836.482	330.000
836.496	346.000
836.510	308.000
836.524	296.000
836.538	316.000
836.552	320.000
836.566	292.000
836.580	304.000
836.594	302.000
836.608	260.000
836.623	324.000
836.637	322.000
836.651	278.000
836.665	322.000
836.679	284.000
836.693	294.000
836.707	312.000
836.721	300.000
836.735	304.000
836.749	296.000
836.763	290.000
836.777	318.000
836.792	278.000
836.806	290.000
836.820	290.000
836.834	314.000
836.848	302.000
836.862	306.000
836.876	312.000
836.890	290.000
836.904	308.000
836.918	294.000
836.932	324.000
836.946	282.000
836.960	298.000
836.974	270.000
836.988	300.000
837.003	286.000
837.017	282.000
837.031	308.000
837.045	300.000
837.059	344.000
837.073	324.000
837.087	302.000
837.101	300.000
837.115	296.000
837.129	296.000
837.143	314.000
837.157	252.000
837.171	272.000
837.185	278.000
837.199	294.000
837.213	282.000
837.227	272.000
837.241	306.000
837.255	272.000
837.269	290.000
837.283	292.000
837.298	268.000
837.312	334.000
837.326	292.000
837.340	312.000
837.354	298.000
837.368	278.000
837.382	248.000
837.396	280.000
837.410	282.000
837.424	304.000
837.438	292.000
837.452	276.000
837.466	276.000
837.480	310.000
837.494	312.000
837.508	278.000
837.522	272.000
837.536	274.000
837.550	308.000
837.564	328.000
837.578	252.000
837.592	292.000
837.606	294.000
837.620	282.000
837.634	270.000
837.648	294.000
837.662	268.000
837.676	264.000
837.690	288.000
837.704	276.000
837.718	284.000
837.732	254.000
837.746	274.000
837.760	288.000
837.774	274.000
837.788	280.000
837.802	292.000
837.816	278.000
837.830	292.000
837.844	312.000
837.858	244.000
837.872	276.000
837.886	268.000
837.900	300.000
837.914	294.000
837.928	284.000
837.942	278.000
837.956	292.000
837.970	262.000
837.984	258.000
837.998	302.000
838.012	272.000
838.026	330.000
838.040	282.000
838.054	278.000
838.068	272.000
838.082	270.000
838.096	308.000
838.110	300.000
838.124	280.000
838.138	280.000
838.152	288.000
838.166	258.000
838.180	262.000
838.194	316.000
838.208	288.000
838.222	282.000
838.236	258.000
838.250	276.000
838.264	304.000
838.278	310.000
838.292	272.000
838.306	272.000
838.319	260.000
838.333	284.000
838.347	298.000
838.361	266.000
838.375	284.000
838.389	288.000
838.403	292.000
838.417	286.000
838.431	268.000
838.445	274.000
838.459	284.000
838.473	274.000
838.487	276.000
838.501	262.000
838.515	270.000
838.529	280.000
838.543	270.000
838.557	296.000
838.571	310.000
838.585	284.000
838.599	284.000
838.612	282.000
838.626	272.000
838.640	278.000
838.654	274.000
838.668	292.000
838.682	266.000
838.696	284.000
838.710	296.000
838.724	290.000
838.738	294.000
838.752	272.000
838.766	288.000
838.780	288.000
838.794	280.000
838.808	298.000
838.821	288.000
838.835	250.000
838.849	268.000
838.863	274.000
838.877	290.000
838.891	280.000
838.905	268.000
838.919	264.000
838.933	268.000
838.947	276.000
838.961	260.000
838.975	270.000
838.988	282.000
839.002	290.000
839.016	264.000
839.030	284.000
839.044	252.000
839.058	250.000
839.072	252.000
839.086	264.000
839.100	270.000
839.114	264.000
839.128	280.000
839.141	282.000
839.155	270.000
839.169	276.000
839.183	258.000
839.197	282.000
839.211	268.000
839.225	320.000
839.239	292.000
839.253	258.000
839.266	268.000
839.280	268.000
839.294	294.000
839.308	294.000
839.322	280.000
839.336	304.000
839.350	286.000
839.364	260.000
839.378	294.000
839.391	260.000
839.405	274.000
839.419	266.000
839.433	304.000
839.447	280.000
839.461	252.000
839.475	270.000
839.489	300.000
839.502	260.000
