794.000	27924.000
794.016	26412.000
794.031	25484.000
794.047	24720.000
794.063	24354.000
794.079	23980.000
794.094	24282.000
794.110	24168.000
794.126	24302.000
794.142	24422.000
794.157	24730.000
794.173	24782.000
794.189	25842.000
794.204	26358.000
794.220	27226.000
794.236	26966.000
794.252	26856.000
794.267	25956.000
794.283	25296.000
794.299	24456.000
794.314	23826.000
794.330	23458.000
794.346	23178.000
794.362	22950.000
794.377	23082.000
794.393	23392.000
794.409	23342.000
794.424	23526.000
794.440	24108.000
794.456	25068.000
794.472	25862.000
794.487	26058.000
794.503	25980.000
794.519	25852.000
794.534	24666.000
794.550	24032.000
794.566	23206.000
794.581	22390.000
794.597	22224.000
794.613	21974.000
794.629	21922.000
794.644	21944.000
794.660	22032.000
794.676	22570.000
794.691	22920.000
794.707	23608.000
794.723	24532.000
794.738	25040.000
794.754	25054.000
794.770	24892.000
794.785	24346.000
794.801	23806.000
794.817	22850.000
794.832	21856.000
794.848	21404.000
794.864	21228.000
794.880	21234.000
794.895	20938.000
794.911	21018.000
794.927	21298.000
794.942	21698.000
794.958	22504.000
794.974	23002.000
794.989	23404.000
795.005	24062.000
795.021	24114.000
795.036	23798.000
795.052	23226.000
795.068	22362.000
795.083	21512.000
795.099	21136.000
795.115	20896.000
795.130	20466.000
795.146	20060.000
795.162	20394.000
795.177	20664.000
795.193	20684.000
795.209	20986.000
795.224	21796.000
795.240	22224.000
795.256	22484.000
795.271	22854.000
795.287	22758.000
795.303	22494.000
795.318	21508.000
795.334	21280.000
795.350	20384.000
795.365	20254.000
795.381	19786.000
795.396	19614.000
795.412	19688.000
795.428	19684.000
795.443	19916.000
795.459	20252.000
795.475	20418.000
795.490	20668.000
795.506	21296.000
795.522	21472.000
795.537	21914.000
795.553	21974.000
795.569	21142.000
795.584	20670.000
795.600	19846.000
795.615	19730.000
795.631	18924.000
795.647	19092.000
795.662	19206.000
795.678	19054.000
795.694	19016.000
795.709	18962.000
795.725	18984.000
795.741	19344.000
795.756	19594.000
795.772	20288.000
795.787	20568.000
795.803	20916.000
795.819	20712.000
795.834	20494.000
795.850	19618.000
795.866	19430.000
795.881	18864.000
795.897	18604.000
795.912	18378.000
795.928	18308.000
795.944	18232.000
795.959	18318.000
795.975	18272.000
795.990	18238.000
796.006	18674.000
796.022	18826.000
796.037	19416.000
796.053	19644.000
796.068	19808.000
796.084	20168.000
796.100	20046.000
796.115	19284.000
796.131	18830.000
796.147	18046.000
796.162	18074.000
796.178	17656.000
796.193	17380.000
796.209	17396.000
796.225	17386.000
796.240	17556.000
796.256	17350.000
796.271	17774.000
796.287	18206.000
796.303	18624.000
796.318	18874.000
796.334	19090.000
796.349	19292.000
796.365	18768.000
796.380	18528.000
796.396	18020.000
796.412	17258.000
796.427	17130.000
796.443	16692.000
796.458	16832.000
796.474	16652.000
796.490	16818.000
796.505	16772.000
796.521	16926.000
796.536	17218.000
796.552	17856.000
796.567	18044.000
796.583	18530.000
796.599	18634.000
796.614	18518.000
796.630	17850.000
796.645	17420.000
796.661	16848.000
796.676	16436.000
796.692	16064.000
796.708	16168.000
796.723	15878.000
796.739	16014.000
796.754	16058.000
796.770	16276.000
796.785	16498.000
796.801	16894.000
796.817	17104.000
796.832	17348.000
796.848	17738.000
796.863	17492.000
796.879	17442.000
796.894	17260.000
796.910	16746.000
796.925	16260.000
796.941	15974.000
796.957	15462.000
796.972	15522.000
796.988	15498.000
797.003	15590.000
797.019	15644.000
797.034	15802.000
797.050	15994.000
797.065	15986.000
797.081	16452.000
797.097	16502.000
797.112	16708.000
797.128	16972.000
797.143	16558.000
797.159	15868.000
797.174	15836.000
797.190	15598.000
797.205	15272.000
797.221	15068.000
797.236	15112.000
797.252	15286.000
797.267	14838.000
797.283	14864.000
797.299	15120.000
797.314	15192.000
797.330	15202.000
797.345	15676.000
797.361	15668.000
797.376	15808.000
797.392	16364.000
797.407	15842.000
797.423	15776.000
797.438	15310.000
797.454	14964.000
797.469	14630.000
797.485	14400.000
797.500	14214.000
797.516	14426.000
797.531	14426.000
797.547	14350.000
797.562	14264.000
797.578	14382.000
797.594	14620.000
797.609	14798.000
797.625	15268.000
797.640	15376.000
797.656	15492.000
797.671	15288.000
797.687	15092.000
797.702	15004.000
797.718	14658.000
797.733	14112.000
797.749	13918.000
797.764	13628.000
797.780	13888.000
797.795	13664.000
797.811	13732.000
797.826	13776.000
797.842	13608.000
797.857	14116.000
797.873	14054.000
797.888	14300.000
797.904	14688.000
797.919	14810.000
797.935	14880.000
797.950	14726.000
797.966	14326.000
797.981	13720.000
797.997	13354.000
798.012	13338.000
798.028	13088.000
798.043	13278.000
798.059	13000.000
798.074	12944.000
798.089	12998.000
798.105	12974.000
798.120	13500.000
798.136	13458.000
798.151	13824.000
798.167	13938.000
798.182	14012.000
798.198	13770.000
798.213	13516.000
798.229	13578.000
798.244	13266.000
798.260	12796.000
798.275	12636.000
798.291	12782.000
798.306	12486.000
798.322	12568.000
798.337	12720.000
798.353	12750.000
798.368	12850.000
798.383	12824.000
798.399	13082.000
798.414	13200.000
798.430	13270.000
798.445	13346.000
798.461	13212.000
798.476	12960.000
798.492	12748.000
798.507	12906.000
798.523	12302.000
798.538	12132.000
798.554	11828.000
798.569	11882.000
798.584	12220.000
798.600	12060.000
798.615	12214.000
798.631	11984.000
798.646	12344.000
798.662	12340.000
798.677	12580.000
798.693	12866.000
798.708	12964.000
798.724	12576.000
798.739	12540.000
798.754	12288.000
798.770	12048.000
798.785	12120.000
798.801	11744.000
798.816	11668.000
798.832	11360.000
798.847	11362.000
798.862	11666.000
798.878	11490.000
798.893	11572.000
798.909	11610.000
798.924	11754.000
798.940	11944.000
798.955	11998.000
798.970	12058.000
798.986	12148.000
799.001	12118.000
799.017	11980.000
799.032	11570.000
799.048	11504.000
799.063	11302.000
799.078	11162.000
799.094	11108.000
799.109	10888.000
799.125	10908.000
799.140	10932.000
799.156	11048.000
799.171	11180.000
799.186	11234.000
799.202	11378.000
799.217	11616.000
799.233	11524.000
799.248	11426.000
799.263	11550.000
799.279	11228.000
799.294	11178.000
799.310	11056.000
799.325	10562.000
799.341	10598.000
799.356	10692.000
799.371	10660.000
799.387	10604.000
799.402	10594.000
799.418	10624.000
799.433	10478.000
799.448	10630.000
799.464	10688.000
799.479	10934.000
799.495	11022.000
799.510	11036.000
799.525	10920.000
799.541	10864.000
799.556	10730.000
799.571	10564.000
799.587	10460.000
799.602	10034.000
799.618	9902.000
799.633	9912.000
799.648	9894.000
799.664	9924.000
799.679	9970.000
799.695	10014.000
799.710	10022.000
799.725	10370.000
799.741	10382.000
799.756	10386.000
799.771	10388.000
799.787	10686.000
799.802	10340.000
799.818	10130.000
799.833	9854.000
799.848	9878.000
799.864	9650.000
799.879	9672.000
799.894	9668.000
799.910	9394.000
799.925	9720.000
799.941	9446.000
799.956	9464.000
799.971	9412.000
799.987	9746.000
800.002	9718.000
800.017	9732.000
800.033	9776.000
800.048	9688.000
800.063	9674.000
800.079	9454.000
800.094	9628.000
800.110	9474.000
800.125	9398.000
800.140	9288.000
800.156	9282.000
800.171	9118.000
800.186	9074.000
800.202	9152.000
800.217	9324.000
800.232	9312.000
800.248	9142.000
800.263	9134.000
800.278	9358.000
800.294	9210.000
800.309	9300.000
800.324	9312.000
800.340	9432.000
800.355	8984.000
800.370	9022.000
800.386	8916.000
800.401	8736.000
800.417	8812.000
800.432	8742.000
800.447	8582.000
800.463	8782.000
800.478	8564.000
800.493	8670.000
800.509	8580.000
800.524	8680.000
800.539	8776.000
800.555	8898.000
800.570	8776.000
800.585	8958.000
800.600	8846.000
800.616	8598.000
800.631	8620.000
800.646	8842.000
800.662	8482.000
800.677	8258.000
800.692	8240.000
800.708	8102.000
800.723	8250.000
800.738	7966.000
800.754	8068.000
800.769	8220.000
800.784	8440.000
800.800	8344.000
800.815	8320.000
800.830	8488.000
800.846	8376.000
800.861	8580.000
800.876	8454.000
800.891	8508.000
800.907	8324.000
800.922	8114.000
800.937	7940.000
800.953	7844.000
800.968	7690.000
800.983	7630.000
800.999	7696.000
801.014	7878.000
801.029	7784.000
801.045	7678.000
801.060	8004.000
801.075	8082.000
801.090	8208.000
801.106	8172.000
801.121	8262.000
801.136	8114.000
801.152	7732.000
801.167	7892.000
801.182	7734.000
801.197	7542.000
801.213	7388.000
801.228	7354.000
801.243	7312.000
801.259	7544.000
801.274	7372.000
801.289	7526.000
801.304	7396.000
801.320	7560.000
801.335	7488.000
801.350	7708.000
801.366	7758.000
801.381	7666.000
801.396	7646.000
801.411	7518.000
801.427	7340.000
801.442	7272.000
801.457	7324.000
801.472	7262.000
801.488	7170.000
801.503	7132.000
801.518	7128.000
801.534	7222.000
801.549	7182.000
801.564	7064.000
801.579	7192.000
801.595	7192.000
801.610	7242.000
801.625	7420.000
801.640	7188.000
801.656	7220.000
801.671	7402.000
801.686	7234.000
801.701	7148.000
801.717	7048.000
801.732	6940.000
801.747	6868.000
801.762	6704.000
801.778	6800.000
801.793	6740.000
801.808	6788.000
801.823	6672.000
801.839	6728.000
801.854	6716.000
801.869	6686.000
801.884	6708.000
801.900	6958.000
801.915	6864.000
801.930	6918.000
801.945	6852.000
801.961	6930.000
801.976	6710.000
801.991	6808.000
802.006	6698.000
802.022	6604.000
802.037	6482.000
802.052	6512.000
802.067	6376.000
802.082	6290.000
802.098	6348.000
802.113	6296.000
802.128	6490.000
802.143	6460.000
802.159	6330.000
802.174	6596.000
802.189	6700.000
802.204	6576.000
802.220	6602.000
802.235	6642.000
802.250	6436.000
802.265	6264.000
802.280	6332.000
802.296	6164.000
802.311	5980.000
802.326	5972.000
802.341	6208.000
802.356	6120.000
802.372	6162.000
802.387	6080.000
802.402	6126.000
802.417	6238.000
802.433	6178.000
802.448	6368.000
802.463	6426.000
802.478	6348.000
802.493	6232.000
802.509	6102.000
802.524	6140.000
802.539	5918.000
802.554	5854.000
802.569	5832.000
802.585	5690.000
802.600	5652.000
802.615	5702.000
802.630	5682.000
802.645	5946.000
802.661	5970.000
802.676	6004.000
802.691	5920.000
802.706	6064.000
802.721	6028.000
802.736	6164.000
802.752	6084.000
802.767	5912.000
802.782	5902.000
802.797	5848.000
802.812	5598.000
802.828	5560.000
802.843	5474.000
802.858	5414.000
802.873	5512.000
802.888	5368.000
802.903	5398.000
802.919	5518.000
802.934	5618.000
802.949	5612.000
802.964	5682.000
802.979	5796.000
802.995	5750.000
803.010	5738.000
803.025	5584.000
803.040	5592.000
803.055	5478.000
803.070	5452.000
803.086	5346.000
803.101	5188.000
803.116	5174.000
803.131	5122.000
803.146	5206.000
803.161	5274.000
803.177	5184.000
803.192	5260.000
803.207	5234.000
803.222	5242.000
803.237	5284.000
803.252	5310.000
803.267	5334.000
803.283	5400.000
803.298	5322.000
803.313	5166.000
803.328	5158.000
803.343	5148.000
803.358	4894.000
803.374	5058.000
803.389	4966.000
803.404	5034.000
803.419	4894.000
803.434	5058.000
803.449	4994.000
803.464	4974.000
803.480	4964.000
803.495	5050.000
803.510	4948.000
803.525	5212.000
803.540	5062.000
803.555	4992.000
803.570	5106.000
803.585	5026.000
803.601	5004.000
803.616	4726.000
803.631	4922.000
803.646	4854.000
803.661	4828.000
803.676	4664.000
803.691	4746.000
803.706	4600.000
803.722	4874.000
803.737	4702.000
803.752	4886.000
803.767	4796.000
803.782	4956.000
803.797	4874.000
803.812	4978.000
803.827	4944.000
803.843	4812.000
803.858	4784.000
803.873	4638.000
803.888	4598.000
803.903	4494.000
803.918	4402.000
803.933	4596.000
803.948	4622.000
803.963	4534.000
803.979	4568.000
803.994	4464.000
804.009	4562.000
804.024	4602.000
804.039	4654.000
804.054	4720.000
804.069	4570.000
804.084	4748.000
804.099	4714.000
804.115	4654.000
804.130	4718.000
804.145	4480.000
804.160	4438.000
804.175	4336.000
804.190	4316.000
804.205	4160.000
804.220	4256.000
804.235	4372.000
804.250	4434.000
804.265	4340.000
804.281	4386.000
804.296	4518.000
804.311	4418.000
804.326	4516.000
804.341	4440.000
804.356	4452.000
804.371	4440.000
804.386	4442.000
804.401	4340.000
804.416	4204.000
804.431	4194.000
804.446	4070.000
804.461	4132.000
804.477	4060.000
804.492	4082.000
804.507	4048.000
804.522	4156.000
804.537	4184.000
804.552	4264.000
804.567	4162.000
804.582	4188.000
804.597	4164.000
804.612	4210.000
804.627	4154.000
804.642	4282.000
804.657	4068.000
804.672	4072.000
804.688	4058.000
804.703	3872.000
804.718	3938.000
804.733	3938.000
804.748	3916.000
804.763	3912.000
804.778	3838.000
804.793	3870.000
804.808	3934.000
804.823	3936.000
804.838	3972.000
804.853	3962.000
804.868	4018.000
804.883	4024.000
804.898	4080.000
804.913	4074.000
804.928	4026.000
804.943	3940.000
804.958	3742.000
804.973	3862.000
804.989	3744.000
805.004	3848.000
805.019	3688.000
805.034	3640.000
805.049	3754.000
805.064	3788.000
805.079	3664.000
805.094	3808.000
805.109	3780.000
805.124	3910.000
805.139	3762.000
805.154	3918.000
805.169	3736.000
805.184	3872.000
805.199	3906.000
805.214	3790.000
805.229	3856.000
805.244	3664.000
805.259	3658.000
805.274	3512.000
805.289	3622.000
805.304	3684.000
805.319	3654.000
805.334	3592.000
805.349	3632.000
805.364	3704.000
805.379	3666.000
805.394	3736.000
805.409	3686.000
805.424	3694.000
805.439	3672.000
805.454	3736.000
805.469	3728.000
805.484	3556.000
805.499	3516.000
805.514	3462.000
805.529	3438.000
805.544	3516.000
805.559	3546.000
805.574	3474.000
805.589	3458.000
805.604	3566.000
805.619	3546.000
805.634	3494.000
805.649	3616.000
805.664	3524.000
805.679	3618.000
805.694	3598.000
805.709	3630.000
805.724	3596.000
805.739	3566.000
805.754	3458.000
805.769	3376.000
805.784	3414.000
805.799	3266.000
805.814	3394.000
805.829	3190.000
805.844	3330.000
805.859	3362.000
805.874	3334.000
805.889	3396.000
805.904	3460.000
805.919	3456.000
805.934	3484.000
805.949	3470.000
805.964	3574.000
805.979	3404.000
805.994	3416.000
806.009	3376.000
806.024	3350.000
806.039	3316.000
806.054	3382.000
806.069	3274.000
806.084	3232.000
806.099	3392.000
806.114	3338.000
806.129	3308.000
806.144	3320.000
806.159	3364.000
806.174	3276.000
806.188	3282.000
806.203	3220.000
806.218	3252.000
806.233	3352.000
806.248	3348.000
806.263	3406.000
806.278	3386.000
806.293	3326.000
806.308	3230.000
806.323	3198.000
806.338	3210.000
806.353	3266.000
806.368	3070.000
806.383	3204.000
806.398	3230.000
806.413	3156.000
806.428	3070.000
806.443	3092.000
806.458	3234.000
806.473	3162.000
806.487	3136.000
806.502	3194.000
806.517	3160.000
806.532	3244.000
806.547	3280.000
806.562	3228.000
806.577	3134.000
806.592	3070.000
806.607	3052.000
806.622	3026.000
806.637	2964.000
806.652	2968.000
806.667	2882.000
806.682	3010.000
806.697	3056.000
806.711	2986.000
806.726	3058.000
806.741	2988.000
806.756	3074.000
806.771	3000.000
806.786	3012.000
806.801	3124.000
806.816	2964.000
806.831	2980.000
806.846	2994.000
806.861	2954.000
806.876	2938.000
806.890	2912.000
806.905	2790.000
806.920	2840.000
806.935	2850.000
806.950	2828.000
806.965	2874.000
806.980	2890.000
806.995	2818.000
807.010	2966.000
807.025	2910.000
807.040	2922.000
807.054	2892.000
807.069	2948.000
807.084	3034.000
807.099	2928.000
807.114	2880.000
807.129	2882.000
807.144	2720.000
807.159	2790.000
807.174	2710.000
807.189	2784.000
807.203	2688.000
807.218	2758.000
807.233	2860.000
807.248	2672.000
807.263	2732.000
807.278	2712.000
807.293	2810.000
807.308	2832.000
807.323	2826.000
807.337	2826.000
807.352	2738.000
807.367	2726.000
807.382	2858.000
807.397	2662.000
807.412	2672.000
807.427	2608.000
807.442	2618.000
807.456	2626.000
807.471	2634.000
807.486	2594.000
807.501	2622.000
807.516	2680.000
807.531	2682.000
807.546	2734.000
807.561	2668.000
807.575	2660.000
807.590	2748.000
807.605	2626.000
807.620	2634.000
807.635	2636.000
807.650	2586.000
807.665	2612.000
807.679	2624.000
807.694	2596.000
807.709	2570.000
807.724	2540.000
807.739	2516.000
807.754	2526.000
807.769	2578.000
807.783	2446.000
807.798	2522.000
807.813	2514.000
807.828	2578.000
807.843	2476.000
807.858	2482.000
807.872	2664.000
807.887	2532.000
807.902	2568.000
807.917	2554.000
807.932	2510.000
807.947	2528.000
807.962	2506.000
807.976	2510.000
807.991	2470.000
808.006	2512.000
808.021	2434.000
808.036	2440.000
808.051	2384.000
808.065	2432.000
808.080	2428.000
808.095	2376.000
808.110	2506.000
808.125	2536.000
808.140	2508.000
808.154	2514.000
808.169	2510.000
808.184	2538.000
808.199	2566.000
808.214	2498.000
808.228	2498.000
808.243	2338.000
808.258	2460.000
808.273	2356.000
808.288	2318.000
808.303	2420.000
808.317	2338.000
808.332	2444.000
808.347	2380.000
808.362	2410.000
808.377	2402.000
808.391	2452.000
808.406	2436.000
808.421	2452.000
808.436	2378.000
808.451	2396.000
808.465	2376.000
808.480	2390.000
808.495	2314.000
808.510	2332.000
808.525	2236.000
808.540	2310.000
808.554	2318.000
808.569	2264.000
808.584	2222.000
808.599	2364.000
808.613	2232.000
808.628	2330.000
808.643	2306.000
808.658	2374.000
808.673	2390.000
808.687	2334.000
808.702	2330.000
808.717	2306.000
808.732	2302.000
808.747	2310.000
808.761	2306.000
808.776	2282.000
808.791	2200.000
808.806	2242.000
808.821	2182.000
808.835	2250.000
808.850	2240.000
808.865	2226.000
808.880	2246.000
808.894	2250.000
808.909	2250.000
808.924	2250.000
808.939	2272.000
808.953	2240.000
808.968	2304.000
808.983	2284.000
808.998	2216.000
809.013	2322.000
809.027	2230.000
809.042	2218.000
809.057	2222.000
809.072	2158.000
809.086	2152.000
809.101	2148.000
809.116	2134.000
809.131	2096.000
809.145	2226.000
809.160	2212.000
809.175	2134.000
809.190	2080.000
809.204	2112.000
809.219	2176.000
809.234	2128.000
809.249	2192.000
809.263	2292.000
809.278	2168.000
809.293	2160.000
809.308	2162.000
809.322	2110.000
809.337	2162.000
809.352	2124.000
809.367	2108.000
809.381	2130.000
809.396	2042.000
809.411	2142.000
809.426	2140.000
809.440	2124.000
809.455	2042.000
809.470	2146.000
809.485	2130.000
809.499	2234.000
809.514	2124.000
809.529	2228.000
809.544	2116.000
809.558	2082.000
809.573	2178.000
809.588	2096.000
809.602	2108.000
809.618	2016.000
809.633	2160.000
809.648	2078.000
809.664	1978.000
809.679	2132.000
809.694	1972.000
809.710	1996.000
809.725	2148.000
809.740	2114.000
809.756	2114.000
809.771	2086.000
809.786	2144.000
809.802	2120.000
809.817	2162.000
809.832	2090.000
809.847	2134.000
809.863	2108.000
809.878	1968.000
809.893	1952.000
809.909	1982.000
809.924	1944.000
809.939	1948.000
809.955	2006.000
809.970	1974.000
809.985	2056.000
810.000	2046.000
810.016	1958.000
810.031	2008.000
810.046	1992.000
810.062	2082.000
810.077	2054.000
810.092	2046.000
810.108	1998.000
810.123	2134.000
810.138	2016.000
810.153	2024.000
810.169	1914.000
810.184	1948.000
810.199	1994.000
810.215	1904.000
810.230	1962.000
810.245	1918.000
810.260	1988.000
810.276	1964.000
810.291	2002.000
810.306	2012.000
810.321	1902.000
810.337	1926.000
810.352	1926.000
810.367	1912.000
810.383	1956.000
810.398	1910.000
810.413	1876.000
810.428	1894.000
810.444	1888.000
810.459	1894.000
810.474	1916.000
810.489	1908.000
810.505	1928.000
810.520	1900.000
810.535	1804.000
810.550	1874.000
810.566	1866.000
810.581	1956.000
810.596	1894.000
810.612	1770.000
810.627	1836.000
810.642	1936.000
810.657	1900.000
810.673	1856.000
810.688	1852.000
810.703	1938.000
810.718	1826.000
810.734	1794.000
810.749	1780.000
810.764	1846.000
810.779	1866.000
810.795	1782.000
810.810	1780.000
810.825	1864.000
810.840	1784.000
810.856	1834.000
810.871	1792.000
810.886	1794.000
810.901	1820.000
810.916	1820.000
810.932	1864.000
810.947	1806.000
810.962	1844.000
810.977	1822.000
810.993	1860.000
811.008	1766.000
811.023	1796.000
811.038	1778.000
811.054	1780.000
811.069	1712.000
811.084	1756.000
811.099	1756.000
811.114	1850.000
811.130	1710.000
811.145	1800.000
811.160	1828.000
811.175	1804.000
811.191	1798.000
811.206	1838.000
811.221	1848.000
811.236	1832.000
811.251	1812.000
811.267	1832.000
811.282	1746.000
811.297	1718.000
811.312	1756.000
811.328	1606.000
811.343	1720.000
811.358	1676.000
811.373	1738.000
811.388	1720.000
811.404	1760.000
811.419	1716.000
811.434	1736.000
811.449	1702.000
811.464	1852.000
811.480	1710.000
811.495	1718.000
811.510	1652.000
811.525	1708.000
811.540	1624.000
811.556	1702.000
811.571	1652.000
811.586	1718.000
811.601	1572.000
811.616	1566.000
811.632	1688.000
811.647	1704.000
811.662	1662.000
811.677	1650.000
811.692	1706.000
811.708	1682.000
811.723	1656.000
811.738	1754.000
811.753	1682.000
811.768	1674.000
811.783	1626.000
811.799	1640.000
811.814	1658.000
811.829	1688.000
811.844	1582.000
811.859	1580.000
811.875	1634.000
811.890	1598.000
811.905	1606.000
811.920	1658.000
811.935	1656.000
811.950	1668.000
811.966	1614.000
811.981	1570.000
811.996	1620.000
812.011	1594.000
812.026	1666.000
812.041	1612.000
812.057	1718.000
812.072	1670.000
812.087	1642.000
812.102	1606.000
812.117	1596.000
812.132	1588.000
812.148	1552.000
812.163	1568.000
812.178	1610.000
812.193	1634.000
812.208	1562.000
812.223	1572.000
812.239	1490.000
812.254	1534.000
812.269	1614.000
812.284	1558.000
812.299	1564.000
812.314	1718.000
812.329	1544.000
812.345	1604.000
812.360	1644.000
812.375	1588.000
812.390	1522.000
812.405	1614.000
812.420	1516.000
812.435	1526.000
812.451	1524.000
812.466	1554.000
812.481	1512.000
812.496	1500.000
812.511	1498.000
812.526	1584.000
812.541	1500.000
812.557	1514.000
812.572	1568.000
812.587	1494.000
812.602	1548.000
812.617	1612.000
812.632	1584.000
812.647	1546.000
812.662	1604.000
812.678	1510.000
812.693	1474.000
812.708	1568.000
812.723	1550.000
812.738	1536.000
812.753	1486.000
812.768	1526.000
812.783	1506.000
812.799	1526.000
812.814	1538.000
812.829	1488.000
812.844	1590.000
812.859	1530.000
812.874	1598.000
812.889	1626.000
812.904	1550.000
812.919	1608.000
812.935	1564.000
812.950	1592.000
812.965	1524.000
812.980	1542.000
812.995	1568.000
813.010	1582.000
813.025	1694.000
813.040	1626.000
813.055	1704.000
813.071	1726.000
813.086	1788.000
813.101	1774.000
813.116	1798.000
813.131	1780.000
813.146	1798.000
813.161	1796.000
813.176	1782.000
813.191	1726.000
813.206	1728.000
813.222	1608.000
813.237	1614.000
813.252	1616.000
813.267	1644.000
813.282	1570.000
813.297	1578.000
813.312	1620.000
813.327	1574.000
813.342	1532.000
813.357	1466.000
813.372	1464.000
813.387	1552.000
813.403	1510.000
813.418	1494.000
813.433	1506.000
813.448	1540.000
813.463	1526.000
813.478	1500.000
813.493	1494.000
813.508	1440.000
813.523	1470.000
813.538	1454.000
813.553	1412.000
813.568	1464.000
813.583	1406.000
813.598	1400.000
813.614	1490.000
813.629	1506.000
813.644	1440.000
813.659	1462.000
813.674	1406.000
813.689	1464.000
813.704	1444.000
813.719	1480.000
813.734	1400.000
813.749	1432.000
813.764	1464.000
813.779	1466.000
813.794	1438.000
813.809	1374.000
813.824	1406.000
813.839	1374.000
813.854	1412.000
813.870	1434.000
813.885	1374.000
813.900	1462.000
813.915	1370.000
813.930	1416.000
813.945	1442.000
813.960	1422.000
813.975	1572.000
813.990	1478.000
814.005	1482.000
814.020	1464.000
814.035	1452.000
814.050	1522.000
814.065	1474.000
814.080	1558.000
814.095	1460.000
814.110	1530.000
814.125	1472.000
814.140	1536.000
814.155	1610.000
814.170	1588.000
814.185	1654.000
814.200	1702.000
814.215	1696.000
814.230	1728.000
814.245	1756.000
814.260	1860.000
814.275	2006.000
814.291	2010.000
814.306	2110.000
814.321	2044.000
814.336	2204.000
814.351	2208.000
814.366	2340.000
814.381	2468.000
814.396	2598.000
814.411	2640.000
814.426	2716.000
814.441	2858.000
814.456	2902.000
814.471	3064.000
814.486	2890.000
814.501	2950.000
814.516	3050.000
814.531	2978.000
814.546	2928.000
814.561	2854.000
814.576	2716.000
814.591	2672.000
814.606	2608.000
814.621	2502.000
814.636	2386.000
814.651	2290.000
814.666	2206.000
814.681	2082.000
814.696	2126.000
814.711	2012.000
814.726	1902.000
814.741	1920.000
814.756	1838.000
814.771	1782.000
814.786	1758.000
814.801	1728.000
814.816	1612.000
814.831	1650.000
814.846	1582.000
814.861	1626.000
814.876	1628.000
814.891	1518.000
814.906	1462.000
814.921	1518.000
814.936	1498.000
814.951	1472.000
814.966	1500.000
814.980	1396.000
814.995	1480.000
815.010	1462.000
815.025	1432.000
815.040	1430.000
815.055	1414.000
815.070	1444.000
815.085	1434.000
815.100	1330.000
815.115	1424.000
815.130	1388.000
815.145	1354.000
815.160	1390.000
815.175	1320.000
815.190	1294.000
815.205	1274.000
815.220	1270.000
815.235	1274.000
815.250	1198.000
815.265	1210.000
815.280	1266.000
815.295	1260.000
815.310	1270.000
815.325	1150.000
815.340	1204.000
815.355	1276.000
815.370	1188.000
815.384	1218.000
815.399	1192.000
815.414	1260.000
815.429	1256.000
815.444	1148.000
815.459	1192.000
815.474	1158.000
815.489	1182.000
815.504	1088.000
815.519	1120.000
815.534	1140.000
815.549	1102.000
815.564	1122.000
815.579	1076.000
815.594	1112.000
815.609	1140.000
815.624	1112.000
815.638	1140.000
815.653	1090.000
815.668	1120.000
815.683	1068.000
815.698	1108.000
815.713	1104.000
815.728	1130.000
815.743	1068.000
815.758	1062.000
815.773	1056.000
815.788	1060.000
815.803	1052.000
815.818	1036.000
815.833	1024.000
815.847	1050.000
815.862	1070.000
815.877	1066.000
815.892	1042.000
815.907	1024.000
815.922	1020.000
815.937	1030.000
815.952	1066.000
815.967	1004.000
815.982	1012.000
815.997	1002.000
816.012	962.000
816.026	1028.000
816.041	994.000
816.056	990.000
816.071	988.000
816.086	994.000
816.101	902.000
816.116	1072.000
816.131	1006.000
816.146	1074.000
816.161	996.000
816.175	962.000
816.190	1010.000
816.205	938.000
816.220	1030.000
816.235	954.000
816.250	990.000
816.265	980.000
816.280	966.000
816.295	932.000
816.309	952.000
816.324	934.000
816.339	934.000
816.354	912.000
816.369	880.000
816.384	914.000
816.399	852.000
816.414	936.000
816.429	998.000
816.443	926.000
816.458	890.000
816.473	920.000
816.488	940.000
816.503	892.000
816.518	974.000
816.533	968.000
816.548	936.000
816.562	966.000
816.577	986.000
816.592	934.000
816.607	928.000
816.622	904.000
816.637	892.000
816.652	920.000
816.667	902.000
816.681	924.000
816.696	842.000
816.711	900.000
816.726	914.000
816.741	958.000
816.756	870.000
816.771	950.000
816.785	926.000
816.800	864.000
816.815	924.000
816.830	918.000
816.845	876.000
816.860	894.000
816.875	946.000
816.889	830.000
816.904	900.000
816.919	900.000
816.934	842.000
816.949	844.000
816.964	934.000
816.978	918.000
816.993	884.000
817.008	864.000
817.023	822.000
817.038	882.000
817.053	858.000
817.068	888.000
817.082	890.000
817.097	884.000
817.112	902.000
817.127	872.000
817.142	854.000
817.157	834.000
817.171	858.000
817.186	822.000
817.201	830.000
817.216	804.000
817.231	828.000
817.246	844.000
817.260	824.000
817.275	862.000
817.290	838.000
817.305	864.000
817.320	820.000
817.334	852.000
817.349	854.000
817.364	844.000
817.379	872.000
817.394	904.000
817.409	870.000
817.423	868.000
817.438	802.000
817.453	836.000
817.468	874.000
817.483	820.000
817.497	804.000
817.512	800.000
817.527	816.000
817.542	770.000
817.557	818.000
817.571	782.000
817.586	816.000
817.601	790.000
817.616	844.000
817.631	800.000
817.645	780.000
817.660	766.000
817.675	818.000
817.690	806.000
817.705	800.000
817.719	856.000
817.734	814.000
817.749	764.000
817.764	786.000
817.779	782.000
817.793	782.000
817.808	776.000
817.823	776.000
817.838	832.000
817.853	800.000
817.867	778.000
817.882	792.000
817.897	800.000
817.912	796.000
817.926	774.000
817.941	798.000
817.956	742.000
817.971	796.000
817.986	764.000
818.000	736.000
818.015	828.000
818.030	790.000
818.045	754.000
818.059	730.000
818.074	736.000
818.089	814.000
818.104	788.000
818.119	766.000
818.133	742.000
818.148	768.000
818.163	758.000
818.178	752.000
818.192	800.000
818.207	806.000
818.222	766.000
818.237	794.000
818.251	754.000
818.266	734.000
818.281	720.000
818.296	768.000
818.310	724.000
818.325	720.000
818.340	716.000
818.355	696.000
818.369	762.000
818.384	698.000
818.399	668.000
818.414	710.000
818.428	778.000
818.443	728.000
818.458	746.000
818.473	772.000
818.487	740.000
818.502	764.000
818.517	718.000
818.532	760.000
818.546	698.000
818.561	710.000
818.576	734.000
818.591	748.000
818.605	664.000
818.620	690.000
818.635	670.000
818.649	720.000
818.664	718.000
818.679	674.000
818.694	712.000
818.708	720.000
818.723	690.000
818.738	746.000
818.753	720.000
818.767	712.000
818.782	742.000
818.797	728.000
818.811	770.000
818.826	680.000
818.841	724.000
818.856	756.000
818.870	706.000
818.885	714.000
818.900	686.000
818.914	738.000
818.929	696.000
818.944	660.000
818.959	722.000
818.973	682.000
818.988	692.000
819.003	692.000
819.017	720.000
819.032	668.000
819.047	738.000
819.062	622.000
819.076	672.000
819.091	682.000
819.106	748.000
819.120	682.000
819.135	702.000
819.150	704.000
819.164	656.000
819.179	670.000
819.194	662.000
819.209	656.000
819.223	672.000
819.238	722.000
819.253	682.000
819.267	658.000
819.282	638.000
819.297	706.000
819.311	696.000
819.326	726.000
819.341	706.000
819.355	706.000
819.370	666.000
819.385	686.000
819.399	696.000
819.414	710.000
819.429	658.000
819.444	684.000
819.458	664.000
819.473	604.000
819.488	640.000
819.502	614.000
819.517	636.000
819.532	652.000
819.546	652.000
819.561	716.000
819.576	642.000
819.590	670.000
819.605	716.000
819.620	664.000
819.634	674.000
819.649	682.000
819.664	714.000
819.678	656.000
819.693	682.000
819.708	648.000
819.722	682.000
819.737	634.000
819.752	610.000
819.766	616.000
819.781	636.000
819.795	634.000
819.810	652.000
819.825	712.000
819.839	616.000
819.854	678.000
819.869	656.000
819.883	690.000
819.898	678.000
819.913	644.000
819.927	666.000
819.942	686.000
819.957	666.000
819.971	642.000
819.986	674.000
820.001	718.000
820.015	628.000
820.030	604.000
820.044	654.000
820.059	642.000
820.074	620.000
820.088	604.000
820.103	650.000
820.118	612.000
820.132	658.000
820.147	646.000
820.161	678.000
820.176	638.000
820.191	710.000
820.205	628.000
820.220	630.000
820.235	632.000
820.249	668.000
820.264	674.000
820.278	592.000
820.293	578.000
820.308	618.000
820.322	640.000
820.337	608.000
820.352	604.000
820.366	624.000
820.381	590.000
820.395	618.000
820.410	608.000
820.425	584.000
820.439	640.000
820.454	596.000
820.468	602.000
820.483	600.000
820.498	660.000
820.512	576.000
820.527	624.000
820.541	646.000
820.556	586.000
820.571	588.000
820.585	622.000
820.600	614.000
820.614	594.000
820.629	596.000
820.644	598.000
820.658	624.000
820.673	612.000
820.687	608.000
820.702	602.000
820.717	628.000
820.731	600.000
820.746	630.000
820.760	630.000
820.775	582.000
820.790	582.000
820.804	586.000
820.819	644.000
820.833	650.000
820.848	578.000
820.862	578.000
820.877	566.000
820.892	618.000
820.906	584.000
820.921	560.000
820.935	578.000
820.950	616.000
820.964	600.000
820.979	576.000
820.994	568.000
821.008	596.000
821.023	564.000
821.037	610.000
821.052	606.000
821.066	594.000
821.081	584.000
821.096	582.000
821.110	596.000
821.125	600.000
821.139	552.000
821.154	576.000
821.168	584.000
821.183	582.000
821.197	518.000
821.212	574.000
821.227	560.000
821.241	562.000
821.256	558.000
821.270	594.000
821.285	598.000
821.299	548.000
821.314	576.000
821.328	552.000
821.343	586.000
821.357	536.000
821.372	564.000
821.387	580.000
821.401	584.000
821.416	546.000
821.430	556.000
821.445	584.000
821.459	546.000
821.474	572.000
821.488	534.000
821.503	564.000
821.517	546.000
821.532	520.000
821.546	544.000
821.561	574.000
821.576	564.000
821.590	554.000
821.605	532.000
821.619	570.000
821.634	548.000
821.648	584.000
821.663	584.000
821.677	544.000
821.692	558.000
821.706	566.000
821.721	542.000
821.735	514.000
821.750	522.000
821.764	532.000
821.779	570.000
821.793	566.000
821.808	588.000
821.822	518.000
821.837	554.000
821.851	566.000
821.866	548.000
821.880	512.000
821.895	536.000
821.909	536.000
821.924	566.000
821.938	542.000
821.953	572.000
821.967	548.000
821.982	546.000
821.996	548.000
822.011	548.000
822.025	538.000
822.040	502.000
822.054	534.000
822.069	532.000
822.083	536.000
822.098	516.000
822.112	528.000
822.127	556.000
822.141	496.000
822.156	534.000
822.170	524.000
822.185	552.000
822.199	500.000
822.214	578.000
822.228	494.000
822.243	546.000
822.257	538.000
822.272	550.000
822.286	522.000
822.301	540.000
822.315	488.000
822.330	504.000
822.344	476.000
822.359	484.000
822.373	492.000
822.388	530.000
822.402	522.000
822.416	528.000
822.431	532.000
822.445	524.000
822.460	516.000
822.474	500.000
822.489	518.000
822.503	458.000
822.518	526.000
822.532	536.000
822.547	524.000
822.561	512.000
822.576	458.000
822.590	506.000
822.605	482.000
822.619	526.000
822.633	540.000
822.648	518.000
822.662	478.000
822.677	468.000
822.691	538.000
822.706	506.000
822.720	498.000
822.735	482.000
822.749	520.000
822.763	560.000
822.778	540.000
822.792	498.000
822.807	482.000
822.821	504.000
822.836	522.000
822.850	488.000
822.865	494.000
822.879	464.000
822.893	510.000
822.908	488.000
822.922	492.000
822.937	508.000
822.951	530.000
822.966	476.000
822.980	502.000
822.994	442.000
823.009	494.000
823.023	500.000
823.038	524.000
823.052	508.000
823.067	482.000
823.081	496.000
823.095	518.000
823.110	494.000
823.124	496.000
823.139	464.000
823.153	518.000
823.168	508.000
823.182	484.000
823.196	498.000
823.211	484.000
823.225	472.000
823.240	482.000
823.254	486.000
823.268	526.000
823.283	498.000
823.297	478.000
823.312	484.000
823.326	506.000
823.340	480.000
823.355	528.000
823.369	480.000
823.384	486.000
823.398	484.000
823.412	500.000
823.427	502.000
823.441	456.000
823.456	488.000
823.470	464.000
823.484	494.000
823.499	458.000
823.513	474.000
823.528	470.000
823.542	516.000
823.556	492.000
823.571	476.000
823.585	490.000
823.600	474.000
823.614	534.000
823.628	490.000
823.643	438.000
823.657	522.000
823.671	520.000
823.686	484.000
823.700	472.000
823.715	466.000
823.729	462.000
823.743	464.000
823.758	490.000
823.772	480.000
823.786	508.000
823.801	490.000
823.815	494.000
823.830	488.000
823.844	448.000
823.858	470.000
823.873	452.000
823.887	500.000
823.901	470.000
823.916	466.000
823.930	478.000
823.945	518.000
823.959	496.000
823.973	490.000
823.988	488.000
824.002	468.000
824.016	476.000
824.031	498.000
824.045	474.000
824.059	454.000
824.074	438.000
824.088	462.000
824.102	470.000
824.117	476.000
824.131	460.000
824.145	462.000
824.160	442.000
824.174	452.000
824.188	460.000
824.203	478.000
824.217	478.000
824.232	454.000
824.246	446.000
824.260	488.000
824.275	454.000
824.289	464.000
824.303	492.000
824.318	454.000
824.332	424.000
824.346	476.000
824.361	466.000
824.375	444.000
824.389	482.000
824.404	474.000
824.418	458.000
824.432	466.000
824.446	478.000
824.461	514.000
824.475	470.000
824.489	484.000
824.504	496.000
824.518	442.000
824.532	446.000
824.547	462.000
824.561	480.000
824.575	480.000
824.590	490.000
824.604	530.000
824.618	454.000
824.633	472.000
824.647	468.000
824.661	432.000
824.676	456.000
824.690	504.000
824.704	472.000
824.718	480.000
824.733	454.000
824.747	452.000
824.761	428.000
824.776	436.000
824.791	462.000
824.806	462.000
824.821	486.000
824.836	468.000
824.851	460.000
824.866	470.000
824.880	470.000
824.895	480.000
824.910	474.000
824.925	502.000
824.940	480.000
824.955	494.000
824.970	470.000
824.985	484.000
825.000	540.000
825.014	452.000
825.029	430.000
825.044	496.000
825.059	468.000
825.074	482.000
825.089	480.000
825.104	440.000
825.119	448.000
825.134	450.000
825.148	436.000
825.163	426.000
825.178	432.000
825.193	438.000
825.208	446.000
825.223	446.000
825.238	434.000
825.253	436.000
825.267	462.000
825.282	430.000
825.297	482.000
825.312	448.000
825.327	482.000
825.342	458.000
825.357	488.000
825.372	482.000
825.386	468.000
825.401	418.000
825.416	446.000
825.431	492.000
825.446	458.000
825.461	454.000
825.476	472.000
825.490	450.000
825.505	442.000
825.520	456.000
825.535	474.000
825.550	458.000
825.565	470.000
825.580	410.000
825.594	466.000
825.609	420.000
825.624	484.000
825.639	486.000
825.654	436.000
825.669	442.000
825.683	438.000
825.698	426.000
825.713	398.000
825.728	482.000
825.743	440.000
825.758	416.000
825.773	420.000
825.787	434.000
825.802	438.000
825.817	418.000
825.832	428.000
825.847	464.000
825.862	464.000
825.876	436.000
825.891	430.000
825.906	454.000
825.921	474.000
825.936	438.000
825.951	436.000
825.965	392.000
825.980	418.000
825.995	456.000
826.010	418.000
826.025	388.000
826.039	450.000
826.054	434.000
826.069	436.000
826.084	410.000
826.099	448.000
826.114	436.000
826.128	448.000
826.143	406.000
826.158	440.000
826.173	436.000
826.188	396.000
826.202	400.000
826.217	406.000
826.232	432.000
826.247	444.000
826.262	452.000
826.276	434.000
826.291	468.000
826.306	414.000
826.321	396.000
826.336	390.000
826.351	398.000
826.365	422.000
826.380	428.000
826.395	430.000
826.410	428.000
826.425	400.000
826.439	408.000
826.454	454.000
826.469	424.000
826.484	404.000
826.498	470.000
826.513	458.000
826.528	436.000
826.543	388.000
826.558	398.000
826.572	398.000
826.587	402.000
826.602	394.000
826.617	418.000
826.632	404.000
826.646	424.000
826.661	440.000
826.676	410.000
826.691	430.000
826.705	418.000
826.720	418.000
826.735	368.000
826.750	412.000
826.765	422.000
826.779	424.000
826.794	424.000
826.809	444.000
826.824	434.000
826.838	448.000
826.853	408.000
826.868	468.000
826.883	410.000
826.897	382.000
826.912	396.000
826.927	382.000
826.942	404.000
826.957	392.000
826.971	378.000
826.986	424.000
827.001	448.000
827.016	394.000
827.030	486.000
827.045	424.000
827.060	440.000
827.075	392.000
827.089	424.000
827.104	402.000
827.119	400.000
827.134	418.000
827.148	406.000
827.163	384.000
827.178	402.000
827.193	402.000
827.207	368.000
827.222	424.000
827.237	424.000
827.252	438.000
827.266	440.000
827.281	426.000
827.296	406.000
827.311	402.000
827.325	378.000
827.340	390.000
827.355	384.000
827.369	404.000
827.384	404.000
827.399	372.000
827.414	414.000
827.428	382.000
827.443	400.000
827.458	432.000
827.473	406.000
827.487	378.000
827.502	404.000
827.517	390.000
827.531	356.000
827.546	396.000
827.561	414.000
827.576	398.000
827.590	384.000
827.605	382.000
827.620	400.000
827.634	354.000
827.649	358.000
827.664	378.000
827.679	396.000
827.693	372.000
827.708	432.000
827.723	404.000
827.737	396.000
827.752	338.000
827.767	404.000
827.782	388.000
827.796	394.000
827.811	358.000
827.826	388.000
827.840	392.000
827.855	386.000
827.870	416.000
827.885	404.000
827.899	424.000
827.914	352.000
827.929	394.000
827.943	420.000
827.958	370.000
827.973	436.000
827.987	388.000
828.002	410.000
828.017	418.000
828.031	412.000
828.046	438.000
828.061	394.000
828.076	408.000
828.090	386.000
828.105	368.000
828.120	360.000
828.134	386.000
828.149	396.000
828.164	382.000
828.178	440.000
828.193	386.000
828.208	386.000
828.222	410.000
828.237	392.000
828.252	416.000
828.266	408.000
828.281	392.000
828.296	366.000
828.310	362.000
828.325	358.000
828.340	366.000
828.354	392.000
828.369	410.000
828.384	372.000
828.398	378.000
828.413	364.000
828.428	414.000
828.442	356.000
828.457	390.000
828.472	372.000
828.486	356.000
828.501	436.000
828.516	360.000
828.530	406.000
828.545	416.000
828.560	422.000
828.574	378.000
828.589	378.000
828.604	374.000
828.618	378.000
828.633	410.000
828.648	412.000
828.662	404.000
828.677	396.000
828.691	350.000
828.706	360.000
828.721	364.000
828.735	378.000
828.750	378.000
828.765	350.000
828.779	402.000
828.794	322.000
828.809	420.000
828.823	356.000
828.838	400.000
828.853	366.000
828.867	392.000
828.882	382.000
828.896	370.000
828.911	364.000
828.926	384.000
828.940	400.000
828.955	350.000
828.970	378.000
828.984	402.000
828.999	374.000
829.013	410.000
829.028	376.000
829.043	360.000
829.057	380.000
829.072	368.000
829.087	338.000
829.101	390.000
829.116	374.000
829.130	392.000
829.145	386.000
829.160	386.000
829.174	396.000
829.189	368.000
829.203	392.000
829.218	374.000
829.233	374.000
829.247	370.000
829.262	384.000
829.276	322.000
829.291	378.000
829.306	378.000
829.320	334.000
829.335	398.000
829.349	362.000
829.364	390.000
829.379	362.000
829.393	388.000
829.408	386.000
829.422	358.000
829.437	378.000
829.452	378.000
829.466	404.000
829.481	384.000
829.495	362.000
829.510	372.000
829.525	342.000
829.539	388.000
829.554	396.000
829.568	368.000
829.583	326.000
829.598	362.000
829.612	330.000
829.627	396.000
829.641	336.000
829.656	384.000
829.670	372.000
829.685	334.000
829.700	346.000
829.714	370.000
829.729	430.000
829.743	362.000
829.758	380.000
829.772	356.000
829.787	390.000
829.802	350.000
829.816	364.000
829.831	332.000
829.845	352.000
829.860	346.000
829.874	346.000
829.889	386.000
829.904	392.000
829.918	364.000
829.933	346.000
829.947	366.000
829.962	352.000
829.976	364.000
829.991	348.000
830.005	328.000
830.020	332.000
830.035	384.000
830.049	380.000
830.064	350.000
830.078	376.000
830.093	390.000
830.107	386.000
830.122	326.000
830.136	360.000
830.151	372.000
830.166	350.000
830.180	384.000
830.195	338.000
830.209	366.000
830.224	350.000
830.238	370.000
830.253	342.000
830.267	328.000
830.282	374.000
830.296	354.000
830.311	334.000
830.325	376.000
830.340	380.000
830.355	388.000
830.369	362.000
830.384	344.000
830.398	324.000
830.413	380.000
830.427	308.000
830.442	370.000
830.456	336.000
830.471	378.000
830.485	344.000
830.500	338.000
830.514	342.000
830.529	348.000
830.543	318.000
830.558	340.000
830.572	348.000
830.587	322.000
830.601	356.000
830.616	330.000
830.630	334.000
830.645	346.000
830.659	318.000
830.674	350.000
830.688	300.000
830.703	316.000
830.718	342.000
830.732	306.000
830.747	338.000
830.761	326.000
830.776	320.000
830.790	362.000
830.805	322.000
830.819	338.000
830.834	322.000
830.848	344.000
830.863	288.000
830.877	328.000
830.892	306.000
830.906	342.000
830.921	346.000
830.935	322.000
830.949	326.000
830.964	314.000
830.978	314.000
830.993	322.000
831.007	336.000
831.022	324.000
831.036	298.000
831.051	316.000
831.065	312.000
831.080	300.000
831.094	314.000
831.109	314.000
831.123	364.000
831.138	344.000
831.152	330.000
831.167	322.000
831.181	310.000
831.196	328.000
831.210	372.000
831.225	306.000
831.239	288.000
831.254	322.000
831.268	342.000
831.283	302.000
831.297	300.000
831.311	332.000
831.326	312.000
831.340	306.000
831.355	296.000
831.369	320.000
831.384	376.000
831.398	302.000
831.413	332.000
831.427	334.000
831.442	302.000
831.456	286.000
831.471	298.000
831.485	332.000
831.499	330.000
831.514	306.000
831.528	308.000
831.543	300.000
831.557	308.000
831.572	278.000
831.586	344.000
831.601	298.000
831.615	284.000
831.629	312.000
831.644	348.000
831.658	316.000
831.673	300.000
831.687	310.000
831.702	354.000
831.716	296.000
831.731	310.000
831.745	284.000
831.759	308.000
831.774	292.000
831.788	300.000
831.803	304.000
831.817	322.000
831.832	322.000
831.846	300.000
831.860	302.000
831.875	300.000
831.889	334.000
831.904	296.000
831.918	278.000
831.933	310.000
831.947	280.000
831.961	288.000
831.976	320.000
831.990	326.000
832.005	348.000
832.019	296.000
832.033	290.000
832.048	292.000
832.062	310.000
832.077	296.000
832.091	304.000
832.106	328.000
832.120	282.000
832.134	290.000
832.149	312.000
832.163	300.000
832.178	300.000
832.192	282.000
832.206	292.000
832.221	286.000
832.235	298.000
832.250	300.000
832.264	288.000
832.278	276.000
832.293	260.000
832.307	300.000
832.322	296.000
832.336	286.000
832.350	296.000
832.365	276.000
832.379	312.000
832.394	292.000
832.408	280.000
832.422	312.000
832.437	302.000
832.451	338.000
832.465	304.000
832.480	286.000
832.494	270.000
832.509	294.000
832.523	262.000
832.537	284.000
832.552	280.000
832.566	270.000
832.581	322.000
832.595	278.000
832.609	296.000
832.624	282.000
832.638	292.000
832.652	270.000
832.667	288.000
832.681	306.000
832.696	296.000
832.710	298.000
832.724	308.000
832.739	286.000
832.753	294.000
832.767	266.000
832.782	260.000
832.796	290.000
832.810	300.000
832.825	286.000
832.839	266.000
832.853	312.000
832.868	260.000
832.882	308.000
832.897	268.000
832.911	300.000
832.925	282.000
832.940	308.000
832.954	292.000
832.968	296.000
832.983	286.000
832.997	264.000
833.011	272.000
833.026	306.000
833.040	302.000
833.054	262.000
833.069	332.000
833.083	264.000
833.097	282.000
833.112	268.000
833.126	306.000
833.140	262.000
833.155	292.000
833.169	262.000
833.183	292.000
833.198	306.000
833.212	280.000
833.226	258.000
833.241	272.000
833.255	274.000
833.269	256.000
833.284	254.000
833.298	256.000
833.312	294.000
833.327	256.000
833.341	282.000
833.355	270.000
833.370	288.000
833.384	258.000
833.398	270.000
833.413	246.000
833.427	280.000
833.441	284.000
833.456	268.000
833.470	282.000
833.484	262.000
833.499	266.000
833.513	280.000
833.527	282.000
833.542	264.000
833.556	270.000
833.570	258.000
833.584	272.000
833.599	244.000
833.613	276.000
833.627	300.000
833.642	262.000
833.656	266.000
833.670	294.000
833.685	280.000
833.699	250.000
833.713	306.000
833.727	284.000
833.742	244.000
833.756	278.000
833.770	268.000
833.785	306.000
833.799	290.000
833.813	298.000
833.827	268.000
833.842	248.000
833.856	244.000
833.870	242.000
833.885	268.000
833.899	300.000
833.913	284.000
833.927	248.000
833.942	246.000
833.956	262.000
833.970	286.000
833.985	296.000
833.999	276.000
834.013	248.000
834.027	280.000
834.042	274.000
834.056	286.000
834.070	250.000
834.085	260.000
834.099	240.000
834.113	272.000
834.127	276.000
834.142	284.000
834.156	302.000
834.170	250.000
834.184	280.000
834.199	266.000
834.213	262.000
834.227	260.000
834.241	248.000
834.256	272.000
834.270	254.000
834.284	270.000
834.298	268.000
834.313	248.000
834.327	274.000
834.341	264.000
834.355	278.000
834.370	240.000
834.384	266.000
834.398	236.000
834.412	270.000
834.427	254.000
834.441	276.000
834.455	244.000
834.469	274.000
834.484	236.000
834.498	274.000
834.512	220.000
834.526	262.000
834.541	246.000
834.555	270.000
834.569	306.000
834.583	260.000
834.598	236.000
834.612	272.000
834.626	258.000
834.640	260.000
834.655	256.000
834.669	234.000
834.683	250.000
834.697	264.000
834.711	232.000
834.726	268.000
834.740	268.000
834.754	250.000
834.768	228.000
834.783	218.000
834.797	248.000
834.811	276.000
834.825	276.000
834.839	238.000
834.854	264.000
834.868	260.000
834.882	232.000
834.896	280.000
834.910	258.000
834.925	242.000
834.939	244.000
834.953	292.000
834.967	246.000
834.982	230.000
834.996	242.000
835.010	246.000
835.024	258.000
835.038	262.000
835.053	260.000
835.067	248.000
835.081	250.000
835.095	292.000
835.109	232.000
835.124	268.000
835.138	230.000
835.152	250.000
835.166	250.000
835.180	248.000
835.195	240.000
835.209	232.000
835.223	254.000
835.237	268.000
835.251	266.000
835.265	244.000
835.280	264.000
835.294	246.000
835.308	224.000
835.322	218.000
835.336	256.000
835.351	252.000
835.365	254.000
835.379	244.000
835.393	270.000
835.407	242.000
835.421	266.000
835.436	262.000
835.450	230.000
835.464	256.000
835.478	246.000
835.492	234.000
835.506	254.000
835.521	232.000
835.535	272.000
835.549	230.000
835.563	226.000
835.577	256.000
835.591	248.000
835.606	266.000
835.620	252.000
835.634	254.000
835.648	268.000
835.662	232.000
835.676	240.000
835.691	250.000
835.705	266.000
835.719	268.000
835.733	256.000
835.747	228.000
835.761	246.000
835.775	234.000
835.790	260.000
835.804	264.000
835.818	268.000
835.832	254.000
835.846	246.000
835.860	218.000
835.874	258.000
835.889	244.000
835.903	260.000
835.917	246.000
835.931	218.000
835.945	236.000
835.959	240.000
835.973	246.000
835.988	258.000
836.002	236.000
836.016	246.000
836.030	278.000
836.044	250.000
836.058	222.000
836.072	254.000
836.086	240.000
836.101	270.000
836.115	256.000
836.129	264.000
836.143	248.000
836.157	232.000
836.171	256.000
836.185	240.000
836.199	234.000
836.214	224.000
836.228	246.000
836.242	252.000
836.256	254.000
836.270	220.000
836.284	242.000
836.298	250.000
836.312	242.000
836.326	268.000
836.341	230.000
836.355	236.000
836.369	260.000
836.383	244.000
836.397	248.000
836.411	240.000
836.425	244.000
836.439	220.000
836.453	224.000
836.468	250.000
836.482	236.000
836.496	262.000
836.510	232.000
836.524	218.000
836.538	228.000
836.552	242.000
836.566	244.000
836.580	226.000
836.594	210.000
836.608	250.000
836.623	214.000
836.637	232.000
836.651	230.000
836.665	230.000
836.679	212.000
836.693	248.000
836.707	252.000
836.721	226.000
836.735	230.000
836.749	190.000
836.763	220.000
836.777	238.000
836.792	238.000
836.806	250.000
836.820	254.000
836.834	218.000
836.848	226.000
836.862	222.000
836.876	246.000
836.890	234.000
836.904	214.000
836.918	246.000
836.932	244.000
836.946	224.000
836.960	204.000
836.974	222.000
836.988	224.000
837.003	224.000
837.017	200.000
837.031	256.000
837.045	208.000
837.059	234.000
837.073	204.000
837.087	222.000
837.101	244.000
837.115	214.000
837.129	246.000
837.143	236.000
837.157	244.000
837.171	232.000
837.185	210.000
837.199	218.000
837.213	232.000
837.227	214.000
837.241	220.000
837.255	218.000
837.269	228.000
837.283	242.000
837.298	212.000
837.312	220.000
837.326	244.000
837.340	232.000
837.354	216.000
837.368	222.000
837.382	212.000
837.396	236.000
837.410	214.000
837.424	210.000
837.438	236.000
837.452	224.000
837.466	226.000
837.480	222.000
837.494	244.000
837.508	236.000
837.522	234.000
837.536	258.000
837.550	226.000
837.564	216.000
837.578	216.000
837.592	238.000
837.606	230.000
837.620	212.000
837.634	258.000
837.648	226.000
837.662	216.000
837.676	226.000
837.690	212.000
837.704	224.000
837.718	220.000
837.732	198.000
837.746	256.000
837.760	210.000
837.774	222.000
837.788	244.000
837.802	246.000
837.816	226.000
837.830	210.000
837.844	234.000
837.858	238.000
837.872	252.000
837.886	208.000
837.900	234.000
837.914	240.000
837.928	244.000
837.942	218.000
837.956	224.000
837.970	196.000
837.984	214.000
837.998	224.000
838.012	220.000
838.026	204.000
838.040	226.000
838.054	236.000
838.068	248.000
838.082	200.000
838.096	258.000
838.110	236.000
838.124	238.000
838.138	236.000
838.152	230.000
838.166	206.000
838.180	242.000
838.194	228.000
838.208	208.000
838.222	222.000
838.236	208.000
838.250	204.000
838.264	210.000
838.278	230.000
838.292	210.000
838.306	250.000
838.319	228.000
838.333	202.000
838.347	222.000
838.361	224.000
838.375	232.000
838.389	206.000
838.403	224.000
838.417	222.000
838.431	204.000
838.445	218.000
838.459	232.000
838.473	240.000
838.487	208.000
838.501	216.000
838.515	222.000
838.529	230.000
838.543	228.000
838.557	226.000
838.571	248.000
838.585	216.000
838.599	204.000
838.612	208.000
838.626	210.000
838.640	210.000
838.654	222.000
838.668	258.000
838.682	232.000
838.696	248.000
838.710	188.000
838.724	228.000
838.738	232.000
838.752	224.000
838.766	234.000
838.780	212.000
838.794	226.000
838.808	222.000
838.821	208.000
838.835	232.000
838.849	194.000
838.863	212.000
838.877	214.000
838.891	216.000
838.905	220.000
838.919	200.000
838.933	192.000
838.947	220.000
838.961	234.000
838.975	202.000
838.988	216.000
839.002	234.000
839.016	236.000
839.030	204.000
839.044	206.000
839.058	208.000
839.072	224.000
839.086	228.000
839.100	204.000
839.114	214.000
839.128	230.000
839.141	218.000
839.155	236.000
839.169	222.000
839.183	198.000
839.197	210.000
839.211	232.000
839.225	220.000
839.239	190.000
839.253	212.000
839.266	230.000
839.280	212.000
839.294	220.000
839.308	254.000
839.322	198.000
839.336	222.000
839.350	268.000
839.364	226.000
839.378	206.000
839.391	220.000
839.405	208.000
839.419	226.000
839.433	230.000
839.447	228.000
839.461	194.000
839.475	220.000
839.489	236.000
839.502	198.000
