794.000	29278.000
794.016	28652.000
794.031	27386.000
794.047	25994.000
794.063	24966.000
794.079	25036.000
794.094	24734.000
794.110	24728.000
794.126	24324.000
794.142	24996.000
794.157	24660.000
794.173	24990.000
794.189	25268.000
794.204	26296.000
794.220	27212.000
794.236	27634.000
794.252	27840.000
794.267	28148.000
794.283	26710.000
794.299	25886.000
794.314	25174.000
794.330	24432.000
794.346	23766.000
794.362	23542.000
794.377	23576.000
794.393	23440.000
794.409	23588.000
794.424	23514.000
794.440	24458.000
794.456	24820.000
794.472	25682.000
794.487	25930.000
794.503	27056.000
794.519	26746.000
794.534	26526.000
794.550	25544.000
794.566	24322.000
794.581	23664.000
794.597	22948.000
794.613	22840.000
794.629	22740.000
794.644	22736.000
794.660	22514.000
794.676	22750.000
794.691	22852.000
794.707	23472.000
794.723	24202.000
794.738	25090.000
794.754	25684.000
794.770	25794.000
794.785	25498.000
794.801	24964.000
794.817	24408.000
794.832	23122.000
794.848	22546.000
794.864	21958.000
794.880	21850.000
794.895	21092.000
794.911	21614.000
794.927	21580.000
794.942	21732.000
794.958	22422.000
794.974	22928.000
794.989	23342.000
795.005	24346.000
795.021	24546.000
795.036	24748.000
795.052	24104.000
795.068	23632.000
795.083	22768.000
795.099	21972.000
795.115	21346.000
795.130	21190.000
795.146	21280.000
795.162	20870.000
795.177	21114.000
795.193	20916.000
795.209	21254.000
795.224	21434.000
795.240	21958.000
795.256	22674.000
795.271	22988.000
795.287	23268.000
795.303	23148.000
795.318	22902.000
795.334	22076.000
795.350	21442.000
795.365	20702.000
795.381	20444.000
795.396	20314.000
795.412	19924.000
795.428	20058.000
795.443	20268.000
795.459	20202.000
795.475	20612.000
795.490	20478.000
795.506	21174.000
795.522	21574.000
795.537	22210.000
795.553	22296.000
795.569	22326.000
795.584	22084.000
795.600	21076.000
795.615	20890.000
795.631	19952.000
795.647	19512.000
795.662	19466.000
795.678	19314.000
795.694	19440.000
795.709	19162.000
795.725	19926.000
795.741	19666.000
795.756	20004.000
795.772	20086.000
795.787	20522.000
795.803	21202.000
795.819	21488.000
795.834	21228.000
795.850	20828.000
795.866	20608.000
795.881	19898.000
795.897	19340.000
795.912	18916.000
795.928	18910.000
795.944	18526.000
795.959	18708.000
795.975	18398.000
795.990	18670.000
796.006	18824.000
796.022	19044.000
796.037	19178.000
796.053	19854.000
796.068	20518.000
796.084	20602.000
796.100	20628.000
796.115	20306.000
796.131	19686.000
796.147	19060.000
796.162	18602.000
796.178	18424.000
796.193	18076.000
796.209	18092.000
796.225	17750.000
796.240	17850.000
796.256	17592.000
796.271	18044.000
796.287	18172.000
796.303	19018.000
796.318	19130.000
796.334	19586.000
796.349	19638.000
796.365	19276.000
796.380	19412.000
796.396	18770.000
796.412	18102.000
796.427	17584.000
796.443	17110.000
796.458	17084.000
796.474	17186.000
796.490	17062.000
796.505	17322.000
796.521	17426.000
796.536	17624.000
796.552	17746.000
796.567	18168.000
796.583	18818.000
796.599	18634.000
796.614	19082.000
796.630	18624.000
796.645	18278.000
796.661	17718.000
796.676	17080.000
796.692	16710.000
796.708	16576.000
796.723	16422.000
796.739	16428.000
796.754	16256.000
796.770	16632.000
796.785	16688.000
796.801	16806.000
796.817	17030.000
796.832	17574.000
796.848	17880.000
796.863	18164.000
796.879	18120.000
796.894	17848.000
796.910	17528.000
796.925	17140.000
796.941	16542.000
796.957	16026.000
796.972	15940.000
796.988	15898.000
797.003	15716.000
797.019	15644.000
797.034	15874.000
797.050	16076.000
797.065	16250.000
797.081	16438.000
797.097	16442.000
797.112	17240.000
797.128	17194.000
797.143	17244.000
797.159	17078.000
797.174	16940.000
797.190	16416.000
797.205	15802.000
797.221	15796.000
797.236	15414.000
797.252	15382.000
797.267	15160.000
797.283	15620.000
797.299	15406.000
797.314	15384.000
797.330	15626.000
797.345	15556.000
797.361	15728.000
797.376	16326.000
797.392	16388.000
797.407	16566.000
797.423	16362.000
797.438	15922.000
797.454	15438.000
797.469	15264.000
797.485	14870.000
797.500	14890.000
797.516	14626.000
797.531	14646.000
797.547	14596.000
797.562	14548.000
797.578	14698.000
797.594	14720.000
797.609	14898.000
797.625	15210.000
797.640	15590.000
797.656	15716.000
797.671	15720.000
797.687	15872.000
797.702	15624.000
797.718	15366.000
797.733	14642.000
797.749	14502.000
797.764	14096.000
797.780	14012.000
797.795	14012.000
797.811	13966.000
797.826	13952.000
797.842	13904.000
797.857	14300.000
797.873	14304.000
797.888	14570.000
797.904	14812.000
797.919	15042.000
797.935	15094.000
797.950	15126.000
797.966	14720.000
797.981	14526.000
797.997	14202.000
798.012	13900.000
798.028	13440.000
798.043	13368.000
798.059	13446.000
798.074	13416.000
798.089	13552.000
798.105	13456.000
798.120	13748.000
798.136	13804.000
798.151	13888.000
798.167	14214.000
798.182	13908.000
798.198	14150.000
798.213	14170.000
798.229	14122.000
798.244	13852.000
798.260	13448.000
798.275	13282.000
798.291	13052.000
798.306	13118.000
798.322	12952.000
798.337	12910.000
798.353	13084.000
798.368	13010.000
798.383	13032.000
798.399	13276.000
798.414	13388.000
798.430	13518.000
798.445	13594.000
798.461	13556.000
798.476	13486.000
798.492	13502.000
798.507	13106.000
798.523	12698.000
798.538	12380.000
798.554	12442.000
798.569	12234.000
798.584	12252.000
798.600	12420.000
798.615	12286.000
798.631	12408.000
798.646	12474.000
798.662	12556.000
798.677	12696.000
798.693	12764.000
798.708	12780.000
798.724	12834.000
798.739	12900.000
798.754	12646.000
798.770	12772.000
798.785	12472.000
798.801	12152.000
798.816	12140.000
798.832	11794.000
798.847	11970.000
798.862	11490.000
798.878	11804.000
798.893	11812.000
798.909	12012.000
798.924	11772.000
798.940	11918.000
798.955	12254.000
798.970	12182.000
798.986	12224.000
799.001	12502.000
799.017	12366.000
799.032	12204.000
799.048	11934.000
799.063	11850.000
799.078	11636.000
799.094	11378.000
799.109	11574.000
799.125	11336.000
799.140	11484.000
799.156	11312.000
799.171	11482.000
799.186	11368.000
799.202	11392.000
799.217	11552.000
799.233	11620.000
799.248	11792.000
799.263	12008.000
799.279	11738.000
799.294	11686.000
799.310	11292.000
799.325	11086.000
799.341	10928.000
799.356	10988.000
799.371	10674.000
799.387	10762.000
799.402	10698.000
799.418	10616.000
799.433	10740.000
799.448	10862.000
799.464	10798.000
799.479	10982.000
799.495	10976.000
799.510	11284.000
799.525	11190.000
799.541	11084.000
799.556	11062.000
799.571	10936.000
799.587	10716.000
799.602	10474.000
799.618	10256.000
799.633	10138.000
799.648	10172.000
799.664	10350.000
799.679	10190.000
799.695	10356.000
799.710	10322.000
799.725	10444.000
799.741	10398.000
799.756	10540.000
799.771	10674.000
799.787	10718.000
799.802	10566.000
799.818	10600.000
799.833	10268.000
799.848	10436.000
799.864	10046.000
799.879	9994.000
799.894	9666.000
799.910	9706.000
799.925	9622.000
799.941	9892.000
799.956	9660.000
799.971	9696.000
799.987	10000.000
800.002	9754.000
800.017	9752.000
800.033	9846.000
800.048	9964.000
800.063	10124.000
800.079	10110.000
800.094	10086.000
800.110	9804.000
800.125	9756.000
800.140	9578.000
800.156	9574.000
800.171	9270.000
800.186	9362.000
800.202	9358.000
800.217	9210.000
800.232	9272.000
800.248	9516.000
800.263	9398.000
800.278	9546.000
800.294	9394.000
800.309	9346.000
800.324	9410.000
800.340	9584.000
800.355	9590.000
800.370	9560.000
800.386	9140.000
800.401	9100.000
800.417	8950.000
800.432	8874.000
800.447	8796.000
800.463	8980.000
800.478	8724.000
800.493	8882.000
800.509	8892.000
800.524	8780.000
800.539	8694.000
800.555	8884.000
800.570	9148.000
800.585	9166.000
800.600	9164.000
800.616	9184.000
800.631	9104.000
800.646	8872.000
800.662	9050.000
800.677	8744.000
800.692	8430.000
800.708	8412.000
800.723	8228.000
800.738	8318.000
800.754	8314.000
800.769	8232.000
800.784	8398.000
800.800	8384.000
800.815	8508.000
800.830	8592.000
800.846	8726.000
800.861	8838.000
800.876	8710.000
800.891	8688.000
800.907	8544.000
800.922	8292.000
800.937	8364.000
800.953	8086.000
800.968	7978.000
800.983	7934.000
800.999	8090.000
801.014	7852.000
801.029	7882.000
801.045	8070.000
801.060	7962.000
801.075	7994.000
801.090	8088.000
801.106	8228.000
801.121	8248.000
801.136	8330.000
801.152	8156.000
801.167	8238.000
801.182	7928.000
801.197	7788.000
801.213	7788.000
801.228	7612.000
801.243	7606.000
801.259	7518.000
801.274	7642.000
801.289	7640.000
801.304	7520.000
801.320	7756.000
801.335	7694.000
801.350	7734.000
801.366	7694.000
801.381	7902.000
801.396	7790.000
801.411	7734.000
801.427	7782.000
801.442	7774.000
801.457	7546.000
801.472	7536.000
801.488	7314.000
801.503	7218.000
801.518	7328.000
801.534	7298.000
801.549	7260.000
801.564	7384.000
801.579	7250.000
801.595	7350.000
801.610	7276.000
801.625	7390.000
801.640	7350.000
801.656	7570.000
801.671	7398.000
801.686	7278.000
801.701	7346.000
801.717	7156.000
801.732	7120.000
801.747	7134.000
801.762	6968.000
801.778	7002.000
801.793	6952.000
801.808	6862.000
801.823	6752.000
801.839	6886.000
801.854	6828.000
801.869	6746.000
801.884	6976.000
801.900	7050.000
801.915	7076.000
801.930	7132.000
801.945	7074.000
801.961	7106.000
801.976	7006.000
801.991	6916.000
802.006	6860.000
802.022	6704.000
802.037	6728.000
802.052	6614.000
802.067	6498.000
802.082	6598.000
802.098	6498.000
802.113	6580.000
802.128	6490.000
802.143	6604.000
802.159	6748.000
802.174	6604.000
802.189	6706.000
802.204	6852.000
802.220	6808.000
802.235	6946.000
802.250	6800.000
802.265	6578.000
802.280	6462.000
802.296	6316.000
802.311	6306.000
802.326	6162.000
802.341	6286.000
802.356	6210.000
802.372	6282.000
802.387	6258.000
802.402	6206.000
802.417	6204.000
802.433	6242.000
802.448	6486.000
802.463	6570.000
802.478	6488.000
802.493	6420.000
802.509	6262.000
802.524	6214.000
802.539	6184.000
802.554	6178.000
802.569	5986.000
802.585	5828.000
802.600	5804.000
802.615	5746.000
802.630	5802.000
802.645	5928.000
802.661	5962.000
802.676	5960.000
802.691	6106.000
802.706	6052.000
802.721	6294.000
802.736	6112.000
802.752	6134.000
802.767	6144.000
802.782	5930.000
802.797	5906.000
802.812	5716.000
802.828	5732.000
802.843	5770.000
802.858	5548.000
802.873	5534.000
802.888	5494.000
802.903	5700.000
802.919	5514.000
802.934	5640.000
802.949	5534.000
802.964	5704.000
802.979	5752.000
802.995	5796.000
803.010	5776.000
803.025	5650.000
803.040	5814.000
803.055	5802.000
803.070	5492.000
803.086	5528.000
803.101	5500.000
803.116	5472.000
803.131	5352.000
803.146	5442.000
803.161	5400.000
803.177	5406.000
803.192	5334.000
803.207	5270.000
803.222	5408.000
803.237	5392.000
803.252	5332.000
803.267	5526.000
803.283	5380.000
803.298	5336.000
803.313	5346.000
803.328	5260.000
803.343	5180.000
803.358	5330.000
803.374	5106.000
803.389	5196.000
803.404	5102.000
803.419	5080.000
803.434	5172.000
803.449	5150.000
803.464	5090.000
803.480	5162.000
803.495	5134.000
803.510	5132.000
803.525	5220.000
803.540	5304.000
803.555	5270.000
803.570	5080.000
803.585	5162.000
803.601	5050.000
803.616	4908.000
803.631	4814.000
803.646	4848.000
803.661	4950.000
803.676	4850.000
803.691	4852.000
803.706	4852.000
803.722	4756.000
803.737	4920.000
803.752	4814.000
803.767	4792.000
803.782	4858.000
803.797	5044.000
803.812	5084.000
803.827	4974.000
803.843	4910.000
803.858	4924.000
803.873	4860.000
803.888	4754.000
803.903	4672.000
803.918	4710.000
803.933	4690.000
803.948	4524.000
803.963	4532.000
803.979	4536.000
803.994	4604.000
804.009	4642.000
804.024	4514.000
804.039	4730.000
804.054	4766.000
804.069	4772.000
804.084	4726.000
804.099	4750.000
804.115	4752.000
804.130	4696.000
804.145	4584.000
804.160	4556.000
804.175	4508.000
804.190	4402.000
804.205	4372.000
804.220	4332.000
804.235	4350.000
804.250	4358.000
804.265	4394.000
804.281	4346.000
804.296	4412.000
804.311	4492.000
804.326	4508.000
804.341	4576.000
804.356	4698.000
804.371	4454.000
804.386	4432.000
804.401	4484.000
804.416	4326.000
804.431	4290.000
804.446	4230.000
804.461	4310.000
804.477	4164.000
804.492	4210.000
804.507	4288.000
804.522	4134.000
804.537	4244.000
804.552	4332.000
804.567	4246.000
804.582	4252.000
804.597	4252.000
804.612	4330.000
804.627	4382.000
804.642	4238.000
804.657	4292.000
804.672	4312.000
804.688	4278.000
804.703	4222.000
804.718	4014.000
804.733	4000.000
804.748	4060.000
804.763	4030.000
804.778	4084.000
804.793	3942.000
804.808	4014.000
804.823	4012.000
804.838	4036.000
804.853	4164.000
804.868	4004.000
804.883	4180.000
804.898	4196.000
804.913	4132.000
804.928	4126.000
804.943	4132.000
804.958	4118.000
804.973	3982.000
804.989	3794.000
805.004	3868.000
805.019	3732.000
805.034	3744.000
805.049	3800.000
805.064	3896.000
805.079	3840.000
805.094	3676.000
805.109	3832.000
805.124	3798.000
805.139	4014.000
805.154	3890.000
805.169	3934.000
805.184	3940.000
805.199	3942.000
805.214	3958.000
805.229	3838.000
805.244	3784.000
805.259	3688.000
805.274	3818.000
805.289	3794.000
805.304	3744.000
805.319	3798.000
805.334	3726.000
805.349	3742.000
805.364	3806.000
805.379	3800.000
805.394	3624.000
805.409	3710.000
805.424	3844.000
805.439	3752.000
805.454	3790.000
805.469	3728.000
805.484	3710.000
805.499	3790.000
805.514	3640.000
805.529	3584.000
805.544	3468.000
805.559	3594.000
805.574	3656.000
805.589	3550.000
805.604	3500.000
805.619	3596.000
805.634	3638.000
805.649	3754.000
805.664	3626.000
805.679	3560.000
805.694	3728.000
805.709	3624.000
805.724	3632.000
805.739	3612.000
805.754	3614.000
805.769	3540.000
805.784	3420.000
805.799	3480.000
805.814	3406.000
805.829	3390.000
805.844	3366.000
805.859	3474.000
805.874	3454.000
805.889	3540.000
805.904	3572.000
805.919	3438.000
805.934	3418.000
805.949	3532.000
805.964	3582.000
805.979	3494.000
805.994	3548.000
806.009	3516.000
806.024	3434.000
806.039	3458.000
806.054	3414.000
806.069	3466.000
806.084	3276.000
806.099	3398.000
806.114	3436.000
806.129	3334.000
806.144	3278.000
806.159	3278.000
806.174	3394.000
806.188	3272.000
806.203	3228.000
806.218	3364.000
806.233	3402.000
806.248	3266.000
806.263	3410.000
806.278	3420.000
806.293	3366.000
806.308	3312.000
806.323	3196.000
806.338	3412.000
806.353	3236.000
806.368	3356.000
806.383	3188.000
806.398	3230.000
806.413	3196.000
806.428	3142.000
806.443	3250.000
806.458	3230.000
806.473	3242.000
806.487	3230.000
806.502	3174.000
806.517	3346.000
806.532	3172.000
806.547	3160.000
806.562	3312.000
806.577	3162.000
806.592	3178.000
806.607	3074.000
806.622	3086.000
806.637	3114.000
806.652	3106.000
806.667	3024.000
806.682	3090.000
806.697	3088.000
806.711	3012.000
806.726	3062.000
806.741	3096.000
806.756	3036.000
806.771	3222.000
806.786	3164.000
806.801	3158.000
806.816	3244.000
806.831	3072.000
806.846	3112.000
806.861	3164.000
806.876	3080.000
806.890	2918.000
806.905	2922.000
806.920	2862.000
806.935	3004.000
806.950	2848.000
806.965	2994.000
806.980	2980.000
806.995	2970.000
807.010	2970.000
807.025	3020.000
807.040	3004.000
807.054	3070.000
807.069	3006.000
807.084	2984.000
807.099	3062.000
807.114	2980.000
807.129	2890.000
807.144	2802.000
807.159	2782.000
807.174	2800.000
807.189	2880.000
807.203	2836.000
807.218	2858.000
807.233	2870.000
807.248	2778.000
807.263	2748.000
807.278	2844.000
807.293	2998.000
807.308	2866.000
807.323	2808.000
807.337	2874.000
807.352	2858.000
807.367	2900.000
807.382	2882.000
807.397	2808.000
807.412	2744.000
807.427	2696.000
807.442	2680.000
807.456	2722.000
807.471	2720.000
807.486	2760.000
807.501	2752.000
807.516	2766.000
807.531	2720.000
807.546	2704.000
807.561	2740.000
807.575	2712.000
807.590	2548.000
807.605	2714.000
807.620	2700.000
807.635	2760.000
807.650	2732.000
807.665	2730.000
807.679	2672.000
807.694	2664.000
807.709	2646.000
807.724	2492.000
807.739	2676.000
807.754	2546.000
807.769	2570.000
807.783	2574.000
807.798	2600.000
807.813	2592.000
807.828	2594.000
807.843	2606.000
807.858	2624.000
807.872	2672.000
807.887	2666.000
807.902	2706.000
807.917	2688.000
807.932	2588.000
807.947	2636.000
807.962	2674.000
807.976	2610.000
807.991	2592.000
808.006	2482.000
808.021	2536.000
808.036	2498.000
808.051	2458.000
808.065	2504.000
808.080	2516.000
808.095	2548.000
808.110	2580.000
808.125	2556.000
808.140	2490.000
808.154	2622.000
808.169	2610.000
808.184	2556.000
808.199	2546.000
808.214	2620.000
808.228	2502.000
808.243	2578.000
808.258	2362.000
808.273	2446.000
808.288	2422.000
808.303	2452.000
808.317	2426.000
808.332	2328.000
808.347	2532.000
808.362	2388.000
808.377	2482.000
808.391	2500.000
808.406	2478.000
808.421	2488.000
808.436	2430.000
808.451	2536.000
808.465	2572.000
808.480	2354.000
808.495	2416.000
808.510	2486.000
808.525	2350.000
808.540	2362.000
808.554	2360.000
808.569	2324.000
808.584	2254.000
808.599	2380.000
808.613	2364.000
808.628	2480.000
808.643	2432.000
808.658	2412.000
808.673	2394.000
808.687	2362.000
808.702	2418.000
808.717	2394.000
808.732	2356.000
808.747	2354.000
808.761	2410.000
808.776	2312.000
808.791	2332.000
808.806	2282.000
808.821	2314.000
808.835	2182.000
808.850	2262.000
808.865	2300.000
808.880	2256.000
808.894	2366.000
808.909	2300.000
808.924	2464.000
808.939	2206.000
808.953	2288.000
808.968	2358.000
808.983	2236.000
808.998	2392.000
809.013	2244.000
809.027	2398.000
809.042	2320.000
809.057	2252.000
809.072	2218.000
809.086	2252.000
809.101	2324.000
809.116	2202.000
809.131	2272.000
809.145	2206.000
809.160	2266.000
809.175	2306.000
809.190	2242.000
809.204	2286.000
809.219	2312.000
809.234	2254.000
809.249	2262.000
809.263	2228.000
809.278	2290.000
809.293	2314.000
809.308	2332.000
809.322	2130.000
809.337	2120.000
809.352	2204.000
809.367	2188.000
809.381	2188.000
809.396	2154.000
809.411	2162.000
809.426	2220.000
809.440	2078.000
809.455	2246.000
809.470	2100.000
809.485	2272.000
809.499	2172.000
809.514	2288.000
809.529	2176.000
809.544	2190.000
809.558	2248.000
809.573	2174.000
809.588	2204.000
809.602	2218.000
809.618	2194.000
809.633	2168.000
809.648	2148.000
809.664	2080.000
809.679	2096.000
809.694	2090.000
809.710	2180.000
809.725	2106.000
809.740	2152.000
809.756	2132.000
809.771	2310.000
809.786	2280.000
809.802	2158.000
809.817	2174.000
809.832	2164.000
809.847	2280.000
809.863	2240.000
809.878	2144.000
809.893	2082.000
809.909	2126.000
809.924	2020.000
809.939	2100.000
809.955	2074.000
809.970	2020.000
809.985	2016.000
810.000	2038.000
810.016	2068.000
810.031	2032.000
810.046	2044.000
810.062	2034.000
810.077	2172.000
810.092	2028.000
810.108	2076.000
810.123	2204.000
810.138	2024.000
810.153	2084.000
810.169	2076.000
810.184	1998.000
810.199	2020.000
810.215	2000.000
810.230	1908.000
810.245	2034.000
810.260	1978.000
810.276	1922.000
810.291	1938.000
810.306	2076.000
810.321	1948.000
810.337	2008.000
810.352	2012.000
810.367	1974.000
810.383	2002.000
810.398	2024.000
810.413	2056.000
810.428	2084.000
810.444	1992.000
810.459	1976.000
810.474	1918.000
810.489	1968.000
810.505	2056.000
810.520	2018.000
810.535	1930.000
810.550	1906.000
810.566	1862.000
810.581	1988.000
810.596	1974.000
810.612	2052.000
810.627	1898.000
810.642	1820.000
810.657	1990.000
810.673	1882.000
810.688	1886.000
810.703	1932.000
810.718	1994.000
810.734	1896.000
810.749	1788.000
810.764	1898.000
810.779	1878.000
810.795	1904.000
810.810	1808.000
810.825	1894.000
810.840	1826.000
810.856	1954.000
810.871	1924.000
810.886	1906.000
810.901	1894.000
810.916	1882.000
810.932	1880.000
810.947	1908.000
810.962	1804.000
810.977	1926.000
810.993	1884.000
811.008	1832.000
811.023	1878.000
811.038	1726.000
811.054	1802.000
811.069	1812.000
811.084	1872.000
811.099	1816.000
811.114	1782.000
811.130	1828.000
811.145	1896.000
811.160	1782.000
811.175	1878.000
811.191	1866.000
811.206	1884.000
811.221	1848.000
811.236	1806.000
811.251	1782.000
811.267	1800.000
811.282	1810.000
811.297	1758.000
811.312	1760.000
811.328	1750.000
811.343	1730.000
811.358	1784.000
811.373	1754.000
811.388	1758.000
811.404	1776.000
811.419	1804.000
811.434	1832.000
811.449	1776.000
811.464	1804.000
811.480	1846.000
811.495	1818.000
811.510	1768.000
811.525	1854.000
811.540	1754.000
811.556	1742.000
811.571	1676.000
811.586	1750.000
811.601	1732.000
811.616	1672.000
811.632	1722.000
811.647	1706.000
811.662	1688.000
811.677	1770.000
811.692	1846.000
811.708	1718.000
811.723	1792.000
811.738	1800.000
811.753	1762.000
811.768	1726.000
811.783	1746.000
811.799	1754.000
811.814	1758.000
811.829	1690.000
811.844	1750.000
811.859	1716.000
811.875	1660.000
811.890	1574.000
811.905	1750.000
811.920	1718.000
811.935	1646.000
811.950	1702.000
811.966	1712.000
811.981	1742.000
811.996	1600.000
812.011	1676.000
812.026	1640.000
812.041	1664.000
812.057	1682.000
812.072	1650.000
812.087	1682.000
812.102	1700.000
812.117	1684.000
812.132	1692.000
812.148	1656.000
812.163	1614.000
812.178	1648.000
812.193	1596.000
812.208	1634.000
812.223	1630.000
812.239	1630.000
812.254	1722.000
812.269	1620.000
812.284	1610.000
812.299	1620.000
812.314	1654.000
812.329	1644.000
812.345	1694.000
812.360	1662.000
812.375	1702.000
812.390	1658.000
812.405	1686.000
812.420	1698.000
812.435	1632.000
812.451	1582.000
812.466	1644.000
812.481	1624.000
812.496	1642.000
812.511	1612.000
812.526	1690.000
812.541	1582.000
812.557	1698.000
812.572	1654.000
812.587	1680.000
812.602	1790.000
812.617	1650.000
812.632	1668.000
812.647	1690.000
812.662	1652.000
812.678	1722.000
812.693	1552.000
812.708	1586.000
812.723	1636.000
812.738	1592.000
812.753	1636.000
812.768	1620.000
812.783	1654.000
812.799	1664.000
812.814	1660.000
812.829	1634.000
812.844	1674.000
812.859	1746.000
812.874	1748.000
812.889	1726.000
812.904	1740.000
812.919	1790.000
812.935	1804.000
812.950	1822.000
812.965	1840.000
812.980	1800.000
812.995	1854.000
813.010	1938.000
813.025	1938.000
813.040	2018.000
813.055	2080.000
813.071	2032.000
813.086	2186.000
813.101	2164.000
813.116	2092.000
813.131	2170.000
813.146	2166.000
813.161	2156.000
813.176	2214.000
813.191	2096.000
813.206	2074.000
813.222	2030.000
813.237	2028.000
813.252	1988.000
813.267	1980.000
813.282	1982.000
813.297	1952.000
813.312	1832.000
813.327	1808.000
813.342	1878.000
813.357	1884.000
813.372	1838.000
813.387	1860.000
813.403	1756.000
813.418	1816.000
813.433	1802.000
813.448	1782.000
813.463	1800.000
813.478	1770.000
813.493	1720.000
813.508	1704.000
813.523	1768.000
813.538	1716.000
813.553	1664.000
813.568	1694.000
813.583	1686.000
813.598	1694.000
813.614	1692.000
813.629	1666.000
813.644	1660.000
813.659	1706.000
813.674	1668.000
813.689	1666.000
813.704	1650.000
813.719	1682.000
813.734	1648.000
813.749	1656.000
813.764	1624.000
813.779	1684.000
813.794	1702.000
813.809	1726.000
813.824	1614.000
813.839	1698.000
813.854	1668.000
813.870	1664.000
813.885	1706.000
813.900	1672.000
813.915	1716.000
813.930	1728.000
813.945	1716.000
813.960	1716.000
813.975	1694.000
813.990	1774.000
814.005	1810.000
814.020	1858.000
814.035	1854.000
814.050	1890.000
814.065	1854.000
814.080	1920.000
814.095	1864.000
814.110	2012.000
814.125	2048.000
814.140	2004.000
814.155	2094.000
814.170	2110.000
814.185	2180.000
814.200	2112.000
814.215	2310.000
814.230	2368.000
814.245	2494.000
814.260	2566.000
814.275	2700.000
814.291	2778.000
814.306	2980.000
814.321	3134.000
814.336	3178.000
814.351	3328.000
814.366	3420.000
814.381	3602.000
814.396	3822.000
814.411	3870.000
814.426	4112.000
814.441	4372.000
814.456	4406.000
814.471	4540.000
814.486	4724.000
814.501	4534.000
814.516	4632.000
814.531	4514.000
814.546	4448.000
814.561	4392.000
814.576	4340.000
814.591	4044.000
814.606	4092.000
814.621	3738.000
814.636	3762.000
814.651	3448.000
814.666	3414.000
814.681	3306.000
814.696	3152.000
814.711	3054.000
814.726	2906.000
814.741	2754.000
814.756	2716.000
814.771	2634.000
814.786	2502.000
814.801	2450.000
814.816	2404.000
814.831	2426.000
814.846	2362.000
814.861	2320.000
814.876	2258.000
814.891	2152.000
814.906	2236.000
814.921	2090.000
814.936	2098.000
814.951	2102.000
814.966	2082.000
814.980	2104.000
814.995	1944.000
815.010	1962.000
815.025	1992.000
815.040	1966.000
815.055	2004.000
815.070	1958.000
815.085	1892.000
815.100	1904.000
815.115	1886.000
815.130	1766.000
815.145	1866.000
815.160	1786.000
815.175	1790.000
815.190	1694.000
815.205	1738.000
815.220	1684.000
815.235	1672.000
815.250	1674.000
815.265	1632.000
815.280	1626.000
815.295	1624.000
815.310	1552.000
815.325	1534.000
815.340	1542.000
815.355	1558.000
815.370	1530.000
815.384	1556.000
815.399	1536.000
815.414	1600.000
815.429	1560.000
815.444	1508.000
815.459	1478.000
815.474	1482.000
815.489	1494.000
815.504	1452.000
815.519	1414.000
815.534	1354.000
815.549	1310.000
815.564	1374.000
815.579	1316.000
815.594	1356.000
815.609	1302.000
815.624	1334.000
815.638	1246.000
815.653	1346.000
815.668	1326.000
815.683	1344.000
815.698	1312.000
815.713	1344.000
815.728	1252.000
815.743	1278.000
815.758	1300.000
815.773	1224.000
815.788	1190.000
815.803	1274.000
815.818	1172.000
815.833	1156.000
815.847	1152.000
815.862	1154.000
815.877	1178.000
815.892	1164.000
815.907	1204.000
815.922	1254.000
815.937	1082.000
815.952	1208.000
815.967	1176.000
815.982	1170.000
815.997	1128.000
816.012	1072.000
816.026	1164.000
816.041	1152.000
816.056	1106.000
816.071	1130.000
816.086	1136.000
816.101	1132.000
816.116	1112.000
816.131	1058.000
816.146	1118.000
816.161	1072.000
816.175	1078.000
816.190	1066.000
816.205	1072.000
816.220	1062.000
816.235	1080.000
816.250	1064.000
816.265	1062.000
816.280	1088.000
816.295	1050.000
816.309	1054.000
816.324	1082.000
816.339	966.000
816.354	1038.000
816.369	998.000
816.384	990.000
816.399	1048.000
816.414	1032.000
816.429	1038.000
816.443	1044.000
816.458	1018.000
816.473	954.000
816.488	1012.000
816.503	996.000
816.518	978.000
816.533	1058.000
816.548	1032.000
816.562	1056.000
816.577	1022.000
816.592	1016.000
816.607	980.000
816.622	1054.000
816.637	924.000
816.652	942.000
816.667	910.000
816.681	958.000
816.696	962.000
816.711	974.000
816.726	964.000
816.741	994.000
816.756	1010.000
816.771	906.000
816.785	966.000
816.800	936.000
816.815	936.000
816.830	1006.000
816.845	958.000
816.860	944.000
816.875	958.000
816.889	964.000
816.904	1002.000
816.919	944.000
816.934	880.000
816.949	948.000
816.964	972.000
816.978	900.000
816.993	922.000
817.008	908.000
817.023	930.000
817.038	952.000
817.053	950.000
817.068	922.000
817.082	910.000
817.097	918.000
817.112	954.000
817.127	958.000
817.142	886.000
817.157	856.000
817.171	878.000
817.186	842.000
817.201	908.000
817.216	876.000
817.231	918.000
817.246	906.000
817.260	870.000
817.275	924.000
817.290	952.000
817.305	920.000
817.320	936.000
817.334	882.000
817.349	878.000
817.364	868.000
817.379	894.000
817.394	910.000
817.409	842.000
817.423	890.000
817.438	842.000
817.453	876.000
817.468	868.000
817.483	810.000
817.497	834.000
817.512	818.000
817.527	870.000
817.542	786.000
817.557	898.000
817.571	856.000
817.586	836.000
817.601	878.000
817.616	842.000
817.631	792.000
817.645	846.000
817.660	814.000
817.675	834.000
817.690	836.000
817.705	816.000
817.719	810.000
817.734	844.000
817.749	810.000
817.764	836.000
817.779	840.000
817.793	824.000
817.808	834.000
817.823	828.000
817.838	806.000
817.853	772.000
817.867	818.000
817.882	808.000
817.897	808.000
817.912	826.000
817.926	838.000
817.941	776.000
817.956	848.000
817.971	792.000
817.986	798.000
818.000	818.000
818.015	798.000
818.030	804.000
818.045	810.000
818.059	774.000
818.074	780.000
818.089	828.000
818.104	800.000
818.119	772.000
818.133	742.000
818.148	818.000
818.163	842.000
818.178	806.000
818.192	814.000
818.207	764.000
818.222	826.000
818.237	828.000
818.251	806.000
818.266	756.000
818.281	808.000
818.296	782.000
818.310	774.000
818.325	738.000
818.340	782.000
818.355	760.000
818.369	748.000
818.384	676.000
818.399	744.000
818.414	732.000
818.428	804.000
818.443	774.000
818.458	784.000
818.473	806.000
818.487	804.000
818.502	808.000
818.517	782.000
818.532	796.000
818.546	758.000
818.561	774.000
818.576	758.000
818.591	770.000
818.605	724.000
818.620	758.000
818.635	702.000
818.649	742.000
818.664	700.000
818.679	696.000
818.694	756.000
818.708	714.000
818.723	744.000
818.738	768.000
818.753	730.000
818.767	720.000
818.782	700.000
818.797	772.000
818.811	764.000
818.826	760.000
818.841	734.000
818.856	762.000
818.870	774.000
818.885	738.000
818.900	734.000
818.914	678.000
818.929	744.000
818.944	688.000
818.959	716.000
818.973	696.000
818.988	718.000
819.003	734.000
819.017	744.000
819.032	700.000
819.047	748.000
819.062	726.000
819.076	682.000
819.091	758.000
819.106	656.000
819.120	742.000
819.135	722.000
819.150	738.000
819.164	722.000
819.179	694.000
819.194	722.000
819.209	710.000
819.223	700.000
819.238	664.000
819.253	708.000
819.267	712.000
819.282	748.000
819.297	708.000
819.311	752.000
819.326	688.000
819.341	736.000
819.355	698.000
819.370	690.000
819.385	690.000
819.399	658.000
819.414	710.000
819.429	702.000
819.444	700.000
819.458	722.000
819.473	688.000
819.488	680.000
819.502	692.000
819.517	684.000
819.532	674.000
819.546	670.000
819.561	700.000
819.576	724.000
819.590	684.000
819.605	680.000
819.620	728.000
819.634	716.000
819.649	700.000
819.664	704.000
819.678	714.000
819.693	680.000
819.708	670.000
819.722	728.000
819.737	678.000
819.752	682.000
819.766	672.000
819.781	676.000
819.795	658.000
819.810	632.000
819.825	636.000
819.839	674.000
819.854	674.000
819.869	624.000
819.883	658.000
819.898	682.000
819.913	664.000
819.927	640.000
819.942	740.000
819.957	696.000
819.971	694.000
819.986	680.000
820.001	682.000
820.015	662.000
820.030	688.000
820.044	660.000
820.059	686.000
820.074	646.000
820.088	684.000
820.103	666.000
820.118	666.000
820.132	666.000
820.147	640.000
820.161	674.000
820.176	662.000
820.191	674.000
820.205	634.000
820.220	644.000
820.235	620.000
820.249	668.000
820.264	616.000
820.278	650.000
820.293	664.000
820.308	616.000
820.322	658.000
820.337	616.000
820.352	670.000
820.366	652.000
820.381	670.000
820.395	660.000
820.410	658.000
820.425	642.000
820.439	648.000
820.454	652.000
820.468	648.000
820.483	628.000
820.498	630.000
820.512	630.000
820.527	656.000
820.541	648.000
820.556	654.000
820.571	598.000
820.585	646.000
820.600	632.000
820.614	628.000
820.629	638.000
820.644	644.000
820.658	568.000
820.673	596.000
820.687	644.000
820.702	636.000
820.717	648.000
820.731	624.000
820.746	628.000
820.760	642.000
820.775	624.000
820.790	628.000
820.804	638.000
820.819	608.000
820.833	686.000
820.848	624.000
820.862	622.000
820.877	650.000
820.892	662.000
820.906	602.000
820.921	622.000
820.935	582.000
820.950	604.000
820.964	626.000
820.979	616.000
820.994	610.000
821.008	594.000
821.023	612.000
821.037	606.000
821.052	634.000
821.066	602.000
821.081	592.000
821.096	638.000
821.110	664.000
821.125	618.000
821.139	636.000
821.154	612.000
821.168	630.000
821.183	630.000
821.197	590.000
821.212	578.000
821.227	580.000
821.241	610.000
821.256	560.000
821.270	598.000
821.285	588.000
821.299	658.000
821.314	634.000
821.328	592.000
821.343	578.000
821.357	574.000
821.372	568.000
821.387	602.000
821.401	620.000
821.416	610.000
821.430	588.000
821.445	626.000
821.459	602.000
821.474	610.000
821.488	594.000
821.503	564.000
821.517	598.000
821.532	632.000
821.546	642.000
821.561	638.000
821.576	562.000
821.590	602.000
821.605	560.000
821.619	610.000
821.634	550.000
821.648	604.000
821.663	614.000
821.677	594.000
821.692	582.000
821.706	620.000
821.721	564.000
821.735	640.000
821.750	588.000
821.764	592.000
821.779	574.000
821.793	562.000
821.808	566.000
821.822	580.000
821.837	586.000
821.851	588.000
821.866	582.000
821.880	574.000
821.895	558.000
821.909	592.000
821.924	570.000
821.938	580.000
821.953	578.000
821.967	558.000
821.982	570.000
821.996	590.000
822.011	568.000
822.025	586.000
822.040	538.000
822.054	590.000
822.069	598.000
822.083	548.000
822.098	570.000
822.112	538.000
822.127	548.000
822.141	554.000
822.156	532.000
822.170	590.000
822.185	524.000
822.199	522.000
822.214	538.000
822.228	524.000
822.243	562.000
822.257	510.000
822.272	544.000
822.286	566.000
822.301	532.000
822.315	570.000
822.330	514.000
822.344	548.000
822.359	538.000
822.373	528.000
822.388	506.000
822.402	522.000
822.416	558.000
822.431	556.000
822.445	562.000
822.460	492.000
822.474	516.000
822.489	516.000
822.503	538.000
822.518	544.000
822.532	550.000
822.547	532.000
822.561	536.000
822.576	528.000
822.590	574.000
822.605	524.000
822.619	490.000
822.633	586.000
822.648	582.000
822.662	496.000
822.677	510.000
822.691	542.000
822.706	538.000
822.720	544.000
822.735	556.000
822.749	498.000
822.763	540.000
822.778	540.000
822.792	536.000
822.807	534.000
822.821	556.000
822.836	522.000
822.850	530.000
822.865	536.000
822.879	526.000
822.893	500.000
822.908	528.000
822.922	556.000
822.937	500.000
822.951	522.000
822.966	546.000
822.980	544.000
822.994	536.000
823.009	524.000
823.023	508.000
823.038	546.000
823.052	526.000
823.067	532.000
823.081	550.000
823.095	516.000
823.110	524.000
823.124	538.000
823.139	512.000
823.153	534.000
823.168	576.000
823.182	528.000
823.196	560.000
823.211	498.000
823.225	508.000
823.240	534.000
823.254	508.000
823.268	546.000
823.283	534.000
823.297	560.000
823.312	562.000
823.326	536.000
823.340	502.000
823.355	508.000
823.369	526.000
823.384	496.000
823.398	530.000
823.412	514.000
823.427	524.000
823.441	558.000
823.456	464.000
823.470	556.000
823.484	520.000
823.499	552.000
823.513	444.000
823.528	512.000
823.542	532.000
823.556	496.000
823.571	516.000
823.585	496.000
823.600	554.000
823.614	540.000
823.628	500.000
823.643	546.000
823.657	538.000
823.671	520.000
823.686	510.000
823.700	518.000
823.715	512.000
823.729	510.000
823.743	480.000
823.758	498.000
823.772	508.000
823.786	498.000
823.801	506.000
823.815	484.000
823.830	502.000
823.844	468.000
823.858	466.000
823.873	500.000
823.887	488.000
823.901	482.000
823.916	536.000
823.930	520.000
823.945	530.000
823.959	516.000
823.973	516.000
823.988	504.000
824.002	474.000
824.016	482.000
824.031	500.000
824.045	508.000
824.059	522.000
824.074	534.000
824.088	528.000
824.102	498.000
824.117	468.000
824.131	520.000
824.145	484.000
824.160	506.000
824.174	542.000
824.188	500.000
824.203	498.000
824.217	522.000
824.232	484.000
824.246	502.000
824.260	526.000
824.275	490.000
824.289	522.000
824.303	510.000
824.318	496.000
824.332	542.000
824.346	518.000
824.361	462.000
824.375	482.000
824.389	486.000
824.404	506.000
824.418	526.000
824.432	528.000
824.446	500.000
824.461	508.000
824.475	516.000
824.489	508.000
824.504	510.000
824.518	530.000
824.532	486.000
824.547	524.000
824.561	508.000
824.575	532.000
824.590	500.000
824.604	508.000
824.618	498.000
824.633	534.000
824.647	484.000
824.661	516.000
824.676	498.000
824.690	516.000
824.704	534.000
824.718	526.000
824.733	486.000
824.747	500.000
824.761	466.000
824.776	526.000
824.791	530.000
824.806	496.000
824.821	532.000
824.836	528.000
824.851	530.000
824.866	522.000
824.880	510.000
824.895	522.000
824.910	504.000
824.925	522.000
824.940	550.000
824.955	540.000
824.970	500.000
824.985	500.000
825.000	574.000
825.014	490.000
825.029	532.000
825.044	512.000
825.059	526.000
825.074	488.000
825.089	550.000
825.104	506.000
825.119	504.000
825.134	538.000
825.148	500.000
825.163	486.000
825.178	516.000
825.193	500.000
825.208	520.000
825.223	540.000
825.238	538.000
825.253	510.000
825.267	496.000
825.282	508.000
825.297	496.000
825.312	536.000
825.327	514.000
825.342	556.000
825.357	504.000
825.372	528.000
825.386	530.000
825.401	514.000
825.416	520.000
825.431	504.000
825.446	502.000
825.461	510.000
825.476	516.000
825.490	524.000
825.505	528.000
825.520	522.000
825.535	510.000
825.550	480.000
825.565	536.000
825.580	568.000
825.594	520.000
825.609	498.000
825.624	518.000
825.639	552.000
825.654	526.000
825.669	488.000
825.683	540.000
825.698	506.000
825.713	518.000
825.728	510.000
825.743	492.000
825.758	488.000
825.773	518.000
825.787	518.000
825.802	540.000
825.817	520.000
825.832	540.000
825.847	534.000
825.862	504.000
825.876	496.000
825.891	494.000
825.906	530.000
825.921	532.000
825.936	510.000
825.951	502.000
825.965	474.000
825.980	512.000
825.995	520.000
826.010	488.000
826.025	530.000
826.039	492.000
826.054	534.000
826.069	508.000
826.084	504.000
826.099	524.000
826.114	500.000
826.128	490.000
826.143	488.000
826.158	518.000
826.173	492.000
826.188	468.000
826.202	504.000
826.217	492.000
826.232	526.000
826.247	520.000
826.262	488.000
826.276	528.000
826.291	518.000
826.306	496.000
826.321	502.000
826.336	496.000
826.351	502.000
826.365	476.000
826.380	526.000
826.395	522.000
826.410	526.000
826.425	504.000
826.439	520.000
826.454	474.000
826.469	532.000
826.484	488.000
826.498	510.000
826.513	460.000
826.528	490.000
826.543	488.000
826.558	522.000
826.572	500.000
826.587	482.000
826.602	508.000
826.617	474.000
826.632	446.000
826.646	476.000
826.661	506.000
826.676	500.000
826.691	470.000
826.705	488.000
826.720	488.000
826.735	478.000
826.750	510.000
826.765	484.000
826.779	504.000
826.794	498.000
826.809	510.000
826.824	490.000
826.838	462.000
826.853	512.000
826.868	522.000
826.883	456.000
826.897	476.000
826.912	490.000
826.927	510.000
826.942	500.000
826.957	480.000
826.971	520.000
826.986	526.000
827.001	498.000
827.016	496.000
827.030	498.000
827.045	502.000
827.060	522.000
827.075	476.000
827.089	482.000
827.104	460.000
827.119	492.000
827.134	482.000
827.148	506.000
827.163	464.000
827.178	472.000
827.193	498.000
827.207	494.000
827.222	502.000
827.237	486.000
827.252	490.000
827.266	484.000
827.281	506.000
827.296	448.000
827.311	496.000
827.325	466.000
827.340	480.000
827.355	490.000
827.369	460.000
827.384	464.000
827.399	482.000
827.414	466.000
827.428	534.000
827.443	490.000
827.458	494.000
827.473	506.000
827.487	482.000
827.502	528.000
827.517	476.000
827.531	474.000
827.546	522.000
827.561	460.000
827.576	472.000
827.590	474.000
827.605	528.000
827.620	510.000
827.634	482.000
827.649	502.000
827.664	490.000
827.679	502.000
827.693	468.000
827.708	532.000
827.723	538.000
827.737	552.000
827.752	482.000
827.767	488.000
827.782	464.000
827.796	512.000
827.811	472.000
827.826	456.000
827.840	526.000
827.855	462.000
827.870	510.000
827.885	484.000
827.899	528.000
827.914	488.000
827.929	528.000
827.943	492.000
827.958	522.000
827.973	518.000
827.987	510.000
828.002	500.000
828.017	492.000
828.031	490.000
828.046	466.000
828.061	494.000
828.076	484.000
828.090	428.000
828.105	486.000
828.120	502.000
828.134	502.000
828.149	476.000
828.164	468.000
828.178	512.000
828.193	488.000
828.208	494.000
828.222	482.000
828.237	536.000
828.252	526.000
828.266	554.000
828.281	506.000
828.296	538.000
828.310	510.000
828.325	512.000
828.340	464.000
828.354	504.000
828.369	494.000
828.384	498.000
828.398	484.000
828.413	496.000
828.428	496.000
828.442	496.000
828.457	486.000
828.472	478.000
828.486	512.000
828.501	490.000
828.516	522.000
828.530	526.000
828.545	464.000
828.560	484.000
828.574	472.000
828.589	496.000
828.604	480.000
828.618	504.000
828.633	496.000
828.648	498.000
828.662	474.000
828.677	480.000
828.691	476.000
828.706	458.000
828.721	484.000
828.735	516.000
828.750	512.000
828.765	494.000
828.779	514.000
828.794	542.000
828.809	522.000
828.823	484.000
828.838	524.000
828.853	478.000
828.867	504.000
828.882	512.000
828.896	496.000
828.911	490.000
828.926	506.000
828.940	470.000
828.955	490.000
828.970	474.000
828.984	546.000
828.999	488.000
829.013	506.000
829.028	518.000
829.043	506.000
829.057	508.000
829.072	510.000
829.087	482.000
829.101	504.000
829.116	550.000
829.130	508.000
829.145	476.000
829.160	498.000
829.174	514.000
829.189	516.000
829.203	518.000
829.218	552.000
829.233	450.000
829.247	506.000
829.262	512.000
829.276	498.000
829.291	498.000
829.306	532.000
829.320	542.000
829.335	508.000
829.349	486.000
829.364	476.000
829.379	504.000
829.393	480.000
829.408	532.000
829.422	488.000
829.437	528.000
829.452	508.000
829.466	492.000
829.481	516.000
829.495	504.000
829.510	508.000
829.525	470.000
829.539	512.000
829.554	500.000
829.568	462.000
829.583	518.000
829.598	522.000
829.612	504.000
829.627	480.000
829.641	486.000
829.656	504.000
829.670	518.000
829.685	474.000
829.700	458.000
829.714	494.000
829.729	518.000
829.743	540.000
829.758	554.000
829.772	502.000
829.787	492.000
829.802	470.000
829.816	522.000
829.831	494.000
829.845	466.000
829.860	468.000
829.874	496.000
829.889	524.000
829.904	536.000
829.918	506.000
829.933	492.000
829.947	480.000
829.962	500.000
829.976	492.000
829.991	516.000
830.005	518.000
830.020	512.000
830.035	500.000
830.049	478.000
830.064	450.000
830.078	514.000
830.093	516.000
830.107	492.000
830.122	490.000
830.136	458.000
830.151	434.000
830.166	500.000
830.180	464.000
830.195	490.000
830.209	498.000
830.224	496.000
830.238	500.000
830.253	514.000
830.267	504.000
830.282	480.000
830.296	480.000
830.311	496.000
830.325	494.000
830.340	474.000
830.355	500.000
830.369	430.000
830.384	490.000
830.398	524.000
830.413	528.000
830.427	494.000
830.442	486.000
830.456	504.000
830.471	496.000
830.485	490.000
830.500	462.000
830.514	454.000
830.529	448.000
830.543	504.000
830.558	480.000
830.572	478.000
830.587	462.000
830.601	490.000
830.616	454.000
830.630	464.000
830.645	452.000
830.659	466.000
830.674	446.000
830.688	456.000
830.703	478.000
830.718	512.000
830.732	448.000
830.747	426.000
830.761	444.000
830.776	460.000
830.790	480.000
830.805	452.000
830.819	466.000
830.834	448.000
830.848	478.000
830.863	434.000
830.877	394.000
830.892	484.000
830.906	460.000
830.921	432.000
830.935	476.000
830.949	450.000
830.964	448.000
830.978	452.000
830.993	418.000
831.007	436.000
831.022	446.000
831.036	416.000
831.051	454.000
831.065	450.000
831.080	448.000
831.094	404.000
831.109	450.000
831.123	460.000
831.138	440.000
831.152	442.000
831.167	452.000
831.181	448.000
831.196	456.000
831.210	486.000
831.225	472.000
831.239	450.000
831.254	436.000
831.268	430.000
831.283	448.000
831.297	444.000
831.311	424.000
831.326	392.000
831.340	384.000
831.355	458.000
831.369	394.000
831.384	400.000
831.398	424.000
831.413	424.000
831.427	450.000
831.442	420.000
831.456	434.000
831.471	426.000
831.485	390.000
831.499	388.000
831.514	434.000
831.528	402.000
831.543	414.000
831.557	440.000
831.572	396.000
831.586	398.000
831.601	366.000
831.615	392.000
831.629	446.000
831.644	424.000
831.658	378.000
831.673	412.000
831.687	422.000
831.702	430.000
831.716	436.000
831.731	422.000
831.745	408.000
831.759	406.000
831.774	410.000
831.788	420.000
831.803	370.000
831.817	388.000
831.832	420.000
831.846	406.000
831.860	426.000
831.875	398.000
831.889	408.000
831.904	394.000
831.918	408.000
831.933	388.000
831.947	380.000
831.961	358.000
831.976	434.000
831.990	440.000
832.005	410.000
832.019	396.000
832.033	358.000
832.048	390.000
832.062	394.000
832.077	388.000
832.091	396.000
832.106	408.000
832.120	406.000
832.134	402.000
832.149	394.000
832.163	394.000
832.178	386.000
832.192	354.000
832.206	422.000
832.221	366.000
832.235	406.000
832.250	396.000
832.264	404.000
832.278	400.000
832.293	370.000
832.307	378.000
832.322	416.000
832.336	362.000
832.350	426.000
832.365	362.000
832.379	404.000
832.394	386.000
832.408	372.000
832.422	394.000
832.437	396.000
832.451	342.000
832.465	410.000
832.480	394.000
832.494	386.000
832.509	372.000
832.523	382.000
832.537	384.000
832.552	368.000
832.566	376.000
832.581	378.000
832.595	372.000
832.609	360.000
832.624	338.000
832.638	374.000
832.652	370.000
832.667	368.000
832.681	374.000
832.696	370.000
832.710	356.000
832.724	366.000
832.739	378.000
832.753	354.000
832.767	372.000
832.782	364.000
832.796	328.000
832.810	378.000
832.825	366.000
832.839	390.000
832.853	352.000
832.868	378.000
832.882	370.000
832.897	374.000
832.911	386.000
832.925	394.000
832.940	342.000
832.954	354.000
832.968	396.000
832.983	354.000
832.997	352.000
833.011	344.000
833.026	350.000
833.040	386.000
833.054	392.000
833.069	376.000
833.083	376.000
833.097	390.000
833.112	372.000
833.126	374.000
833.140	332.000
833.155	358.000
833.169	340.000
833.183	360.000
833.198	312.000
833.212	366.000
833.226	366.000
833.241	344.000
833.255	334.000
833.269	342.000
833.284	334.000
833.298	380.000
833.312	384.000
833.327	376.000
833.341	372.000
833.355	392.000
833.370	358.000
833.384	400.000
833.398	368.000
833.413	372.000
833.427	358.000
833.441	342.000
833.456	344.000
833.470	322.000
833.484	338.000
833.499	376.000
833.513	364.000
833.527	344.000
833.542	354.000
833.556	362.000
833.570	358.000
833.584	344.000
833.599	356.000
833.613	332.000
833.627	322.000
833.642	364.000
833.656	368.000
833.670	354.000
833.685	310.000
833.699	328.000
833.713	356.000
833.727	390.000
833.742	368.000
833.756	354.000
833.770	374.000
833.785	340.000
833.799	372.000
833.813	348.000
833.827	366.000
833.842	324.000
833.856	370.000
833.870	314.000
833.885	342.000
833.899	320.000
833.913	308.000
833.927	334.000
833.942	354.000
833.956	302.000
833.970	368.000
833.985	348.000
833.999	342.000
834.013	324.000
834.027	310.000
834.042	344.000
834.056	366.000
834.070	362.000
834.085	328.000
834.099	308.000
834.113	384.000
834.127	338.000
834.142	340.000
834.156	368.000
834.170	342.000
834.184	382.000
834.199	380.000
834.213	318.000
834.227	340.000
834.241	350.000
834.256	314.000
834.270	356.000
834.284	362.000
834.298	348.000
834.313	324.000
834.327	328.000
834.341	352.000
834.355	336.000
834.370	338.000
834.384	342.000
834.398	344.000
834.412	380.000
834.427	304.000
834.441	338.000
834.455	336.000
834.469	360.000
834.484	360.000
834.498	356.000
834.512	328.000
834.526	362.000
834.541	338.000
834.555	298.000
834.569	322.000
834.583	326.000
834.598	358.000
834.612	344.000
834.626	332.000
834.640	310.000
834.655	326.000
834.669	316.000
834.683	282.000
834.697	320.000
834.711	340.000
834.726	342.000
834.740	346.000
834.754	362.000
834.768	312.000
834.783	312.000
834.797	300.000
834.811	328.000
834.825	392.000
834.839	326.000
834.854	328.000
834.868	350.000
834.882	348.000
834.896	330.000
834.910	356.000
834.925	312.000
834.939	294.000
834.953	344.000
834.967	324.000
834.982	306.000
834.996	336.000
835.010	336.000
835.024	332.000
835.038	336.000
835.053	344.000
835.067	316.000
835.081	322.000
835.095	350.000
835.109	336.000
835.124	380.000
835.138	312.000
835.152	310.000
835.166	324.000
835.180	358.000
835.195	324.000
835.209	300.000
835.223	338.000
835.237	346.000
835.251	348.000
835.265	328.000
835.280	328.000
835.294	324.000
835.308	324.000
835.322	316.000
835.336	328.000
835.351	326.000
835.365	336.000
835.379	358.000
835.393	318.000
835.407	310.000
835.421	302.000
835.436	350.000
835.450	348.000
835.464	310.000
835.478	306.000
835.492	340.000
835.506	346.000
835.521	316.000
835.535	326.000
835.549	300.000
835.563	350.000
835.577	350.000
835.591	286.000
835.606	308.000
835.620	308.000
835.634	328.000
835.648	306.000
835.662	308.000
835.676	338.000
835.691	320.000
835.705	326.000
835.719	312.000
835.733	316.000
835.747	304.000
835.761	322.000
835.775	336.000
835.790	338.000
835.804	298.000
835.818	306.000
835.832	336.000
835.846	308.000
835.860	310.000
835.874	314.000
835.889	320.000
835.903	310.000
835.917	350.000
835.931	300.000
835.945	320.000
835.959	324.000
835.973	308.000
835.988	286.000
836.002	296.000
836.016	304.000
836.030	300.000
836.044	302.000
836.058	304.000
836.072	314.000
836.086	294.000
836.101	308.000
836.115	328.000
836.129	324.000
836.143	328.000
836.157	288.000
836.171	302.000
836.185	288.000
836.199	298.000
836.214	318.000
836.228	294.000
836.242	302.000
836.256	316.000
836.270	314.000
836.284	308.000
836.298	346.000
836.312	316.000
836.326	302.000
836.341	322.000
836.355	306.000
836.369	350.000
836.383	292.000
836.397	302.000
836.411	358.000
836.425	322.000
836.439	318.000
836.453	324.000
836.468	322.000
836.482	294.000
836.496	288.000
836.510	332.000
836.524	320.000
836.538	346.000
836.552	318.000
836.566	316.000
836.580	300.000
836.594	312.000
836.608	328.000
836.623	324.000
836.637	308.000
836.651	302.000
836.665	338.000
836.679	290.000
836.693	316.000
836.707	312.000
836.721	302.000
836.735	324.000
836.749	314.000
836.763	296.000
836.777	302.000
836.792	286.000
836.806	318.000
836.820	294.000
836.834	288.000
836.848	278.000
836.862	296.000
836.876	282.000
836.890	292.000
836.904	292.000
836.918	324.000
836.932	338.000
836.946	286.000
836.960	294.000
836.974	326.000
836.988	286.000
837.003	288.000
837.017	290.000
837.031	316.000
837.045	290.000
837.059	306.000
837.073	292.000
837.087	318.000
837.101	294.000
837.115	304.000
837.129	290.000
837.143	270.000
837.157	280.000
837.171	308.000
837.185	300.000
837.199	272.000
837.213	288.000
837.227	288.000
837.241	290.000
837.255	296.000
837.269	284.000
837.283	268.000
837.298	304.000
837.312	278.000
837.326	300.000
837.340	280.000
837.354	286.000
837.368	286.000
837.382	258.000
837.396	318.000
837.410	322.000
837.424	290.000
837.438	310.000
837.452	298.000
837.466	302.000
837.480	292.000
837.494	330.000
837.508	296.000
837.522	266.000
837.536	300.000
837.550	264.000
837.564	298.000
837.578	294.000
837.592	286.000
837.606	276.000
837.620	268.000
837.634	288.000
837.648	274.000
837.662	280.000
837.676	276.000
837.690	254.000
837.704	306.000
837.718	298.000
837.732	268.000
837.746	278.000
837.760	268.000
837.774	288.000
837.788	272.000
837.802	296.000
837.816	286.000
837.830	314.000
837.844	296.000
837.858	276.000
837.872	282.000
837.886	320.000
837.900	286.000
837.914	272.000
837.928	286.000
837.942	288.000
837.956	276.000
837.970	270.000
837.984	294.000
837.998	282.000
838.012	262.000
838.026	286.000
838.040	288.000
838.054	296.000
838.068	262.000
838.082	308.000
838.096	312.000
838.110	280.000
838.124	310.000
838.138	276.000
838.152	300.000
838.166	300.000
838.180	278.000
838.194	278.000
838.208	266.000
838.222	274.000
838.236	276.000
838.250	260.000
838.264	246.000
838.278	290.000
838.292	300.000
838.306	276.000
838.319	278.000
838.333	268.000
838.347	310.000
838.361	278.000
838.375	252.000
838.389	282.000
838.403	282.000
838.417	272.000
838.431	272.000
838.445	300.000
838.459	280.000
838.473	304.000
838.487	260.000
838.501	300.000
838.515	284.000
838.529	284.000
838.543	300.000
838.557	278.000
838.571	272.000
838.585	292.000
838.599	274.000
838.612	294.000
838.626	314.000
838.640	304.000
838.654	282.000
838.668	276.000
838.682	306.000
838.696	292.000
838.710	272.000
838.724	274.000
838.738	302.000
838.752	262.000
838.766	262.000
838.780	292.000
838.794	286.000
838.808	258.000
838.821	300.000
838.835	252.000
838.849	258.000
838.863	290.000
838.877	288.000
838.891	290.000
838.905	262.000
838.919	272.000
838.933	276.000
838.947	266.000
838.961	292.000
838.975	278.000
838.988	276.000
839.002	264.000
839.016	296.000
839.030	266.000
839.044	288.000
839.058	264.000
839.072	286.000
839.086	256.000
839.100	264.000
839.114	286.000
839.128	276.000
839.141	250.000
839.155	274.000
839.169	264.000
839.183	286.000
839.197	276.000
839.211	298.000
839.225	302.000
839.239	234.000
839.253	274.000
839.266	266.000
839.280	292.000
839.294	286.000
839.308	254.000
839.322	270.000
839.336	276.000
839.350	314.000
839.364	288.000
839.378	270.000
839.391	274.000
839.405	276.000
839.419	278.000
839.433	282.000
839.447	292.000
839.461	276.000
839.475	296.000
839.489	288.000
839.502	254.000
