794.000	51856.000
794.016	53978.000
794.031	53372.000
794.047	52475.000
794.063	48939.000
794.079	44422.000
794.094	40892.000
794.110	39402.000
794.126	39284.000
794.142	38975.000
794.157	38592.000
794.173	37628.000
794.189	36591.000
794.204	35963.000
794.220	36723.000
794.236	39668.000
794.252	44438.000
794.267	48726.000
794.283	49938.000
794.299	49500.000
794.314	47988.000
794.330	44386.000
794.346	40272.000
794.362	37845.000
794.377	36933.000
794.393	36740.000
794.409	36298.000
794.424	35802.000
794.440	34869.000
794.456	34298.000
794.472	34435.000
794.487	35764.000
794.503	39115.000
794.519	43776.000
794.534	46797.000
794.550	47195.000
794.566	46206.000
794.581	44236.000
794.597	40706.000
794.613	37213.000
794.629	35461.000
794.644	34874.000
794.660	34583.000
794.676	34187.000
794.691	33485.000
794.707	32652.000
794.723	32405.000
794.738	32664.000
794.754	34618.000
794.770	38266.000
794.785	42398.000
794.801	44576.000
794.817	44106.000
794.832	43360.000
794.848	40512.000
794.864	37052.000
794.880	34535.000
794.895	33471.000
794.911	33084.000
794.927	32765.000
794.942	32521.000
794.958	31584.000
794.974	31058.000
794.989	30856.000
795.005	31483.000
795.021	33529.000
795.036	37099.000
795.052	40247.000
795.068	40898.000
795.083	40638.000
795.099	39387.000
795.115	36837.000
795.130	34077.000
795.146	32259.000
795.162	31706.000
795.177	31521.000
795.193	31517.000
795.209	31070.000
795.224	30493.000
795.240	29988.000
795.256	29765.000
795.271	30366.000
795.287	32445.000
795.303	35571.000
795.318	37806.000
795.334	38366.000
795.350	37710.000
795.365	36212.000
795.381	34034.000
795.396	31914.000
795.412	30438.000
795.428	29964.000
795.443	29910.000
795.459	29879.000
795.475	29416.000
795.490	28718.000
795.506	28265.000
795.522	28342.000
795.537	29064.000
795.553	31143.000
795.569	33602.000
795.584	35400.000
795.600	35693.000
795.615	35101.000
795.631	33753.000
795.647	31586.000
795.662	29788.000
795.678	28934.000
795.694	28701.000
795.709	28600.000
795.725	28416.000
795.741	27805.000
795.756	27188.000
795.772	26668.000
795.787	26508.000
795.803	27339.000
795.819	29555.000
795.834	31976.000
795.850	33366.000
795.866	33469.000
795.881	33121.000
795.897	31994.000
795.912	30024.000
795.928	28501.000
795.944	27826.000
795.959	27638.000
795.975	27311.000
795.990	26793.000
796.006	26312.000
796.022	25929.000
796.037	25346.000
796.053	25453.000
796.068	26353.000
796.084	28108.000
796.100	30311.000
796.115	31292.000
796.131	31713.000
796.147	30948.000
796.162	29707.000
796.178	27826.000
796.193	26707.000
796.209	26032.000
796.225	25934.000
796.240	25742.000
796.256	25436.000
796.271	25168.000
796.287	24788.000
796.303	24373.000
796.318	24768.000
796.334	25520.000
796.349	27224.000
796.365	29013.000
796.380	29878.000
796.396	29840.000
796.412	29293.000
796.427	27880.000
796.443	26177.000
796.458	24965.000
796.474	24448.000
796.490	24410.000
796.505	24310.000
796.521	24096.000
796.536	23842.000
796.552	23381.000
796.567	23122.000
796.583	23192.000
796.599	24327.000
796.614	25805.000
796.630	27326.000
796.645	28298.000
796.661	27967.000
796.676	27199.000
796.692	26054.000
796.708	24626.000
796.723	23702.000
796.739	23279.000
796.754	23325.000
796.770	23349.000
796.785	23160.000
796.801	22723.000
796.817	22496.000
796.832	22130.000
796.848	22222.000
796.863	23068.000
796.879	24444.000
796.894	25717.000
796.910	26316.000
796.925	26076.000
796.941	25576.000
796.957	24350.000
796.972	23206.000
796.988	22561.000
797.003	22522.000
797.019	22493.000
797.034	22379.000
797.050	22305.000
797.065	21934.000
797.081	21674.000
797.097	21198.000
797.112	21338.000
797.128	21898.000
797.143	23008.000
797.159	24257.000
797.174	24665.000
797.190	24423.000
797.205	24011.000
797.221	23141.000
797.236	22150.000
797.252	21348.000
797.267	21433.000
797.283	21417.000
797.299	21636.000
797.314	21423.000
797.330	21019.000
797.345	20662.000
797.361	20303.000
797.376	20507.000
797.392	21053.000
797.407	21887.000
797.423	23108.000
797.438	23565.000
797.454	23347.000
797.469	22982.000
797.485	22117.000
797.500	21202.000
797.516	20655.000
797.531	20559.000
797.547	20472.000
797.562	20362.000
797.578	20105.000
797.594	20028.000
797.609	19603.000
797.625	19302.000
797.640	19273.000
797.656	19713.000
797.671	20946.000
797.687	21852.000
797.702	22384.000
797.718	22406.000
797.733	21997.000
797.749	21210.000
797.764	20280.000
797.780	19776.000
797.795	19529.000
797.811	19501.000
797.826	19416.000
797.842	19293.000
797.857	19099.000
797.873	18714.000
797.888	18460.000
797.904	18510.000
797.919	18697.000
797.935	19497.000
797.950	20522.000
797.966	21116.000
797.981	21267.000
797.997	20746.000
798.012	20038.000
798.028	19372.000
798.043	18847.000
798.059	18677.000
798.074	18691.000
798.089	18682.000
798.105	18776.000
798.120	18545.000
798.136	18309.000
798.151	17900.000
798.167	17676.000
798.182	17970.000
798.198	18510.000
798.213	19334.000
798.229	19786.000
798.244	19676.000
798.260	19409.000
798.275	18987.000
798.291	18222.000
798.306	17960.000
798.322	17692.000
798.337	17793.000
798.353	18000.000
798.368	17954.000
798.383	17690.000
798.399	17470.000
798.414	17126.000
798.430	16962.000
798.445	17022.000
798.461	17403.000
798.476	17971.000
798.492	18574.000
798.507	18737.000
798.523	18460.000
798.538	18114.000
798.554	17507.000
798.569	17077.000
798.584	17004.000
798.600	17038.000
798.615	17090.000
798.631	17131.000
798.646	16986.000
798.662	16682.000
798.677	16316.000
798.693	16029.000
798.708	15926.000
798.724	16366.000
798.739	16851.000
798.754	17437.000
798.770	17569.000
798.785	17595.000
798.801	17361.000
798.816	16884.000
798.832	16504.000
798.847	16414.000
798.862	16441.000
798.878	16521.000
798.893	16370.000
798.909	16328.000
798.924	16048.000
798.940	15655.000
798.955	15432.000
798.970	15244.000
798.986	15556.000
799.001	16112.000
799.017	16571.000
799.032	16853.000
799.048	16845.000
799.063	16591.000
799.078	16289.000
799.094	15844.000
799.109	15571.000
799.125	15539.000
799.140	15688.000
799.156	15688.000
799.171	15678.000
799.186	15378.000
799.202	14988.000
799.217	14818.000
799.233	14708.000
799.248	14741.000
799.263	15301.000
799.279	15685.000
799.294	15901.000
799.310	15873.000
799.325	15720.000
799.341	15326.000
799.356	15059.000
799.371	14897.000
799.387	14718.000
799.402	14849.000
799.418	14979.000
799.433	14915.000
799.448	14715.000
799.464	14490.000
799.479	14278.000
799.495	14122.000
799.510	14148.000
799.525	14501.000
799.541	14778.000
799.556	15091.000
799.571	15149.000
799.587	14993.000
799.602	14703.000
799.618	14431.000
799.633	14144.000
799.648	14144.000
799.664	14206.000
799.679	14293.000
799.695	14205.000
799.710	14116.000
799.725	13832.000
799.741	13612.000
799.756	13334.000
799.771	13292.000
799.787	13358.000
799.802	13877.000
799.818	14156.000
799.833	14173.000
799.848	14034.000
799.864	13998.000
799.879	13740.000
799.894	13455.000
799.910	13451.000
799.925	13468.000
799.941	13582.000
799.956	13560.000
799.971	13587.000
799.987	13268.000
800.002	12999.000
800.017	12704.000
800.033	12528.000
800.048	12534.000
800.063	12729.000
800.079	12989.000
800.094	13261.000
800.110	13301.000
800.125	13189.000
800.140	12965.000
800.156	12874.000
800.171	12616.000
800.186	12653.000
800.202	12813.000
800.217	12824.000
800.232	12770.000
800.248	12548.000
800.263	12416.000
800.278	12167.000
800.294	11855.000
800.309	11862.000
800.324	11913.000
800.340	12198.000
800.355	12548.000
800.370	12600.000
800.386	12668.000
800.401	12513.000
800.417	12357.000
800.432	12188.000
800.447	12034.000
800.463	12082.000
800.478	12218.000
800.493	12130.000
800.509	12019.000
800.524	11750.000
800.539	11439.000
800.555	11270.000
800.570	11230.000
800.585	11255.000
800.600	11537.000
800.616	11815.000
800.631	12050.000
800.646	12228.000
800.662	12088.000
800.677	11923.000
800.692	11774.000
800.708	11691.000
800.723	11590.000
800.738	11682.000
800.754	11499.000
800.769	11488.000
800.784	11418.000
800.800	11126.000
800.815	10830.000
800.830	10742.000
800.846	10758.000
800.861	10923.000
800.876	11231.000
800.891	11410.000
800.907	11597.000
800.922	11452.000
800.937	11375.000
800.953	11176.000
800.968	11030.000
800.983	11122.000
800.999	11186.000
801.014	11304.000
801.029	11219.000
801.045	11126.000
801.060	10989.000
801.075	10954.000
801.090	10780.000
801.106	10640.000
801.121	10823.000
801.136	11030.000
801.152	11228.000
801.167	11337.000
801.182	11376.000
801.197	11277.000
801.213	11090.000
801.228	11089.000
801.243	10949.000
801.259	11126.000
801.274	11210.000
801.289	11224.000
801.304	11237.000
801.320	11104.000
801.335	10931.000
801.350	10690.000
801.366	10481.000
801.381	10454.000
801.396	10565.000
801.411	10677.000
801.427	10794.000
801.442	10906.000
801.457	10880.000
801.472	10804.000
801.488	10611.000
801.503	10521.000
801.518	10363.000
801.534	10515.000
801.549	10534.000
801.564	10504.000
801.579	10344.000
801.595	10234.000
801.610	9959.000
801.625	9833.000
801.640	9710.000
801.656	9575.000
801.671	9802.000
801.686	9960.000
801.701	10005.000
801.717	10123.000
801.732	10092.000
801.747	10085.000
801.762	9937.000
801.778	10018.000
801.793	10010.000
801.808	9980.000
801.823	9985.000
801.839	10078.000
801.854	9846.000
801.869	9553.000
801.884	9341.000
801.900	9137.000
801.915	9074.000
801.930	9112.000
801.945	9320.000
801.961	9552.000
801.976	9685.000
801.991	9739.000
802.006	9695.000
802.022	9651.000
802.037	9590.000
802.052	9563.000
802.067	9467.000
802.082	9606.000
802.098	9591.000
802.113	9458.000
802.128	9268.000
802.143	9114.000
802.159	8941.000
802.174	8830.000
802.189	8837.000
802.204	9016.000
802.220	9180.000
802.235	9383.000
802.250	9471.000
802.265	9300.000
802.280	9330.000
802.296	9061.000
802.311	8994.000
802.326	8980.000
802.341	9029.000
802.356	9137.000
802.372	9085.000
802.387	9008.000
802.402	8816.000
802.417	8639.000
802.433	8581.000
802.448	8512.000
802.463	8618.000
802.478	8842.000
802.493	8976.000
802.509	8974.000
802.524	8954.000
802.539	8780.000
802.554	8829.000
802.569	8629.000
802.585	8558.000
802.600	8584.000
802.615	8627.000
802.630	8668.000
802.645	8641.000
802.661	8602.000
802.676	8353.000
802.691	8240.000
802.706	8142.000
802.721	8229.000
802.736	8254.000
802.752	8400.000
802.767	8451.000
802.782	8490.000
802.797	8483.000
802.812	8415.000
802.828	8254.000
802.843	8167.000
802.858	8183.000
802.873	8273.000
802.888	8282.000
802.903	8343.000
802.919	8245.000
802.934	8154.000
802.949	7948.000
802.964	7786.000
802.979	7626.000
802.995	7662.000
803.010	7764.000
803.025	7904.000
803.040	8026.000
803.055	8023.000
803.070	7978.000
803.086	7980.000
803.101	7965.000
803.116	7826.000
803.131	7924.000
803.146	7968.000
803.161	7960.000
803.177	7982.000
803.192	7890.000
803.207	7788.000
803.222	7638.000
803.237	7393.000
803.252	7349.000
803.267	7314.000
803.283	7469.000
803.298	7550.000
803.313	7591.000
803.328	7640.000
803.343	7622.000
803.358	7586.000
803.374	7518.000
803.389	7514.000
803.404	7581.000
803.419	7590.000
803.434	7599.000
803.449	7513.000
803.464	7474.000
803.480	7286.000
803.495	7180.000
803.510	7063.000
803.525	7019.000
803.540	7084.000
803.555	7246.000
803.570	7257.000
803.585	7446.000
803.601	7326.000
803.616	7351.000
803.631	7327.000
803.646	7201.000
803.661	7254.000
803.676	7157.000
803.691	7227.000
803.706	7219.000
803.722	7180.000
803.737	7120.000
803.752	6988.000
803.767	6815.000
803.782	6864.000
803.797	6808.000
803.812	6775.000
803.827	6938.000
803.843	7026.000
803.858	7130.000
803.873	7104.000
803.888	7012.000
803.903	6956.000
803.918	6899.000
803.933	6927.000
803.948	6903.000
803.963	6906.000
803.979	6988.000
803.994	6984.000
804.009	6946.000
804.024	6795.000
804.039	6709.000
804.054	6591.000
804.069	6512.000
804.084	6566.000
804.099	6736.000
804.115	6697.000
804.130	6737.000
804.145	6788.000
804.160	6754.000
804.175	6749.000
804.190	6570.000
804.205	6586.000
804.220	6612.000
804.235	6626.000
804.250	6734.000
804.265	6670.000
804.281	6618.000
804.296	6585.000
804.311	6485.000
804.326	6371.000
804.341	6341.000
804.356	6292.000
804.371	6385.000
804.386	6426.000
804.401	6466.000
804.416	6458.000
804.431	6414.000
804.446	6350.000
804.461	6259.000
804.477	6295.000
804.492	6341.000
804.507	6455.000
804.522	6388.000
804.537	6411.000
804.552	6329.000
804.567	6245.000
804.582	6155.000
804.597	6078.000
804.612	6023.000
804.627	6114.000
804.642	6111.000
804.657	6233.000
804.672	6275.000
804.688	6304.000
804.703	6205.000
804.718	6139.000
804.733	6170.000
804.748	6190.000
804.763	6120.000
804.778	6232.000
804.793	6225.000
804.808	6227.000
804.823	6109.000
804.838	5956.000
804.853	5871.000
804.868	5800.000
804.883	5816.000
804.898	5820.000
804.913	5855.000
804.928	5955.000
804.943	5932.000
804.958	6015.000
804.973	5984.000
804.989	5954.000
805.004	6023.000
805.019	5942.000
805.034	5964.000
805.049	6073.000
805.064	6066.000
805.079	6011.000
805.094	5910.000
805.109	5862.000
805.124	5717.000
805.139	5693.000
805.154	5692.000
805.169	5711.000
805.184	5774.000
805.199	5765.000
805.214	5829.000
805.229	5860.000
805.244	5809.000
805.259	5755.000
805.274	5725.000
805.289	5758.000
805.304	5772.000
805.319	5915.000
805.334	5889.000
805.349	5896.000
805.364	5760.000
805.379	5785.000
805.394	5642.000
805.409	5610.000
805.424	5604.000
805.439	5666.000
805.454	5609.000
805.469	5717.000
805.484	5774.000
805.499	5699.000
805.514	5755.000
805.529	5704.000
805.544	5608.000
805.559	5656.000
805.574	5660.000
805.589	5731.000
805.604	5794.000
805.619	5740.000
805.634	5730.000
805.649	5665.000
805.664	5568.000
805.679	5494.000
805.694	5497.000
805.709	5494.000
805.724	5587.000
805.739	5652.000
805.754	5614.000
805.769	5656.000
805.784	5621.000
805.799	5580.000
805.814	5530.000
805.829	5757.000
805.844	5727.000
805.859	5727.000
805.874	5837.000
805.889	5891.000
805.904	5842.000
805.919	5727.000
805.934	5589.000
805.949	5608.000
805.964	5524.000
805.979	5500.000
805.994	5589.000
806.009	5580.000
806.024	5662.000
806.039	5711.000
806.054	5660.000
806.069	5576.000
806.084	5684.000
806.099	5692.000
806.114	5780.000
806.129	5836.000
806.144	5904.000
806.159	5933.000
806.174	5820.000
806.188	5828.000
806.203	5673.000
806.218	5589.000
806.233	5454.000
806.248	5444.000
806.263	5476.000
806.278	5470.000
806.293	5590.000
806.308	5466.000
806.323	5534.000
806.338	5448.000
806.353	5428.000
806.368	5392.000
806.383	5420.000
806.398	5467.000
806.413	5430.000
806.428	5476.000
806.443	5496.000
806.458	5275.000
806.473	5259.000
806.487	5130.000
806.502	4972.000
806.517	4996.000
806.532	5040.000
806.547	5089.000
806.562	5125.000
806.577	5077.000
806.592	5062.000
806.607	5063.000
806.622	4960.000
806.637	4964.000
806.652	4941.000
806.667	5017.000
806.682	5006.000
806.697	5032.000
806.711	4950.000
806.726	4924.000
806.741	4792.000
806.756	4682.000
806.771	4663.000
806.786	4660.000
806.801	4673.000
806.816	4706.000
806.831	4708.000
806.846	4767.000
806.861	4759.000
806.876	4738.000
806.890	4682.000
806.905	4636.000
806.920	4670.000
806.935	4683.000
806.950	4750.000
806.965	4770.000
806.980	4729.000
806.995	4656.000
807.010	4635.000
807.025	4517.000
807.040	4454.000
807.054	4436.000
807.069	4435.000
807.084	4419.000
807.099	4505.000
807.114	4459.000
807.129	4527.000
807.144	4503.000
807.159	4497.000
807.174	4419.000
807.189	4434.000
807.203	4423.000
807.218	4467.000
807.233	4481.000
807.248	4471.000
807.263	4474.000
807.278	4425.000
807.293	4396.000
807.308	4317.000
807.323	4289.000
807.337	4250.000
807.352	4264.000
807.367	4261.000
807.382	4288.000
807.397	4270.000
807.412	4263.000
807.427	4307.000
807.442	4255.000
807.456	4236.000
807.471	4306.000
807.486	4286.000
807.501	4237.000
807.516	4356.000
807.531	4236.000
807.546	4225.000
807.561	4154.000
807.575	4050.000
807.590	3982.000
807.605	4060.000
807.620	3991.000
807.635	4099.000
807.650	4122.000
807.665	4114.000
807.679	4111.000
807.694	4103.000
807.709	4122.000
807.724	4148.000
807.739	4188.000
807.754	4143.000
807.769	4119.000
807.783	4113.000
807.798	4006.000
807.813	3980.000
807.828	3915.000
807.843	3901.000
807.858	3816.000
807.872	3839.000
807.887	3916.000
807.902	3923.000
807.917	3957.000
807.932	3990.000
807.947	3994.000
807.962	3994.000
807.976	3979.000
807.991	3998.000
808.006	3962.000
808.021	3976.000
808.036	4021.000
808.051	3991.000
808.065	4005.000
808.080	3950.000
808.095	3864.000
808.110	3813.000
808.125	3731.000
808.140	3722.000
808.154	3728.000
808.169	3776.000
808.184	3775.000
808.199	3895.000
808.214	3961.000
808.228	3942.000
808.243	3909.000
808.258	3879.000
808.273	3813.000
808.288	3808.000
808.303	3797.000
808.317	3862.000
808.332	3838.000
808.347	3864.000
808.362	3810.000
808.377	3766.000
808.391	3680.000
808.406	3733.000
808.421	3657.000
808.436	3726.000
808.451	3688.000
808.465	3753.000
808.480	3708.000
808.495	3738.000
808.510	3692.000
808.525	3658.000
808.540	3653.000
808.554	3707.000
808.569	3712.000
808.584	3764.000
808.599	3764.000
808.613	3769.000
808.628	3760.000
808.643	3701.000
808.658	3684.000
808.673	3602.000
808.687	3599.000
808.702	3549.000
808.717	3642.000
808.732	3615.000
808.747	3654.000
808.761	3727.000
808.776	3681.000
808.791	3654.000
808.806	3608.000
808.821	3681.000
808.835	3698.000
808.850	3660.000
808.865	3728.000
808.880	3678.000
808.894	3669.000
808.909	3612.000
808.924	3595.000
808.939	3584.000
808.953	3480.000
808.968	3500.000
808.983	3521.000
808.998	3546.000
809.013	3534.000
809.027	3590.000
809.042	3607.000
809.057	3637.000
809.072	3607.000
809.086	3626.000
809.101	3636.000
809.116	3655.000
809.131	3646.000
809.145	3633.000
809.160	3627.000
809.175	3573.000
809.190	3608.000
809.204	3496.000
809.219	3506.000
809.234	3460.000
809.249	3496.000
809.263	3507.000
809.278	3558.000
809.293	3544.000
809.308	3522.000
809.322	3547.000
809.337	3548.000
809.352	3516.000
809.367	3560.000
809.381	3539.000
809.396	3495.000
809.411	3579.000
809.426	3603.000
809.440	3562.000
809.455	3540.000
809.470	3470.000
809.485	3470.000
809.499	3516.000
809.514	3478.000
809.529	3464.000
809.544	3509.000
809.558	3554.000
809.573	3560.000
809.588	3550.000
809.602	3764.000
809.618	3750.000
809.633	3732.000
809.648	3647.000
809.664	3610.000
809.679	3587.000
809.694	3705.000
809.710	3643.000
809.725	3631.000
809.740	3657.000
809.756	3612.000
809.771	3600.000
809.786	3592.000
809.802	3592.000
809.817	3570.000
809.832	3596.000
809.847	3676.000
809.863	3676.000
809.878	3663.000
809.893	3688.000
809.909	3568.000
809.924	3584.000
809.939	3586.000
809.955	3569.000
809.970	3590.000
809.985	3615.000
810.000	3576.000
810.016	3594.000
810.031	3548.000
810.046	3630.000
810.062	3607.000
810.077	3518.000
810.092	3562.000
810.108	3555.000
810.123	3532.000
810.138	3539.000
810.153	3568.000
810.169	3484.000
810.184	3545.000
810.199	3539.000
810.215	3552.000
810.230	3521.000
810.245	3592.000
810.260	3584.000
810.276	3652.000
810.291	3590.000
810.306	3574.000
810.321	3569.000
810.337	3495.000
810.352	3535.000
810.367	3532.000
810.383	3574.000
810.398	3574.000
810.413	3568.000
810.428	3618.000
810.444	3603.000
810.459	3576.000
810.474	3571.000
810.489	3544.000
810.505	3566.000
810.520	3600.000
810.535	3534.000
810.550	3598.000
810.566	3609.000
810.581	3582.000
810.596	3594.000
810.612	3587.000
810.627	3537.000
810.642	3520.000
810.657	3494.000
810.673	3550.000
810.688	3545.000
810.703	3622.000
810.718	3622.000
810.734	3602.000
810.749	3570.000
810.764	3562.000
810.779	3615.000
810.795	3610.000
810.810	3646.000
810.825	3652.000
810.840	3620.000
810.856	3645.000
810.871	3586.000
810.886	3525.000
810.901	3538.000
810.916	3516.000
810.932	3518.000
810.947	3564.000
810.962	3601.000
810.977	3635.000
810.993	3606.000
811.008	3636.000
811.023	3656.000
811.038	3596.000
811.054	3567.000
811.069	3578.000
811.084	3555.000
811.099	3600.000
811.114	3658.000
811.130	3653.000
811.145	3659.000
811.160	3684.000
811.175	3582.000
811.191	3615.000
811.206	3606.000
811.221	3561.000
811.236	3630.000
811.251	3658.000
811.267	3646.000
811.282	3685.000
811.297	3676.000
811.312	3630.000
811.328	3677.000
811.343	3647.000
811.358	3642.000
811.373	3746.000
811.388	3666.000
811.404	3684.000
811.419	3706.000
811.434	3669.000
811.449	3671.000
811.464	3672.000
811.480	3639.000
811.495	3668.000
811.510	3713.000
811.525	3790.000
811.540	3745.000
811.556	3801.000
811.571	3737.000
811.586	3769.000
811.601	3776.000
811.616	3829.000
811.632	3780.000
811.647	3811.000
811.662	3862.000
811.677	3863.000
811.692	3876.000
811.708	3839.000
811.723	3829.000
811.738	3850.000
811.753	3846.000
811.768	3884.000
811.783	3944.000
811.799	3928.000
811.814	3987.000
811.829	4033.000
811.844	4058.000
811.859	4058.000
811.875	4082.000
811.890	4092.000
811.905	4094.000
811.920	4236.000
811.935	4168.000
811.950	4198.000
811.966	4206.000
811.981	4247.000
811.996	4173.000
812.011	4162.000
812.026	4249.000
812.041	4201.000
812.057	4245.000
812.072	4319.000
812.087	4358.000
812.102	4428.000
812.117	4442.000
812.132	4431.000
812.148	4424.000
812.163	4475.000
812.178	4489.000
812.193	4518.000
812.208	4509.000
812.223	4479.000
812.239	4513.000
812.254	4487.000
812.269	4457.000
812.284	4416.000
812.299	4525.000
812.314	4523.000
812.329	4634.000
812.345	4647.000
812.360	4673.000
812.375	4707.000
812.390	4669.000
812.405	4781.000
812.420	4832.000
812.435	4850.000
812.451	4910.000
812.466	4864.000
812.481	5038.000
812.496	5091.000
812.511	5094.000
812.526	5166.000
812.541	5204.000
812.557	5169.000
812.572	5171.000
812.587	5254.000
812.602	5318.000
812.617	5313.000
812.632	5480.000
812.647	5502.000
812.662	5654.000
812.678	5681.000
812.693	5706.000
812.708	5786.000
812.723	5793.000
812.738	5934.000
812.753	6077.000
812.768	6161.000
812.783	6282.000
812.799	6408.000
812.814	6540.000
812.829	6621.000
812.844	6780.000
812.859	6908.000
812.874	7146.000
812.889	7374.000
812.904	7552.000
812.919	7784.000
812.935	7988.000
812.950	8130.000
812.965	8422.000
812.980	8788.000
812.995	9007.000
813.010	9352.000
813.025	9720.000
813.040	10075.000
813.055	10532.000
813.071	10994.000
813.086	11400.000
813.101	12011.000
813.116	12590.000
813.131	13065.000
813.146	13583.000
813.161	14223.000
813.176	14612.000
813.191	15004.000
813.206	15312.000
813.222	15514.000
813.237	15636.000
813.252	15641.000
813.267	15676.000
813.282	15484.000
813.297	15391.000
813.312	15296.000
813.327	15022.000
813.342	14941.000
813.357	14547.000
813.372	14391.000
813.387	14075.000
813.403	13822.000
813.418	13605.000
813.433	13346.000
813.448	13125.000
813.463	12972.000
813.478	12804.000
813.493	12532.000
813.508	12284.000
813.523	12095.000
813.538	11982.000
813.553	11828.000
813.568	11699.000
813.583	11646.000
813.598	11529.000
813.614	11461.000
813.629	11435.000
813.644	11418.000
813.659	11273.000
813.674	11106.000
813.689	11142.000
813.704	11037.000
813.719	11071.000
813.734	11120.000
813.749	11121.000
813.764	11188.000
813.779	11316.000
813.794	11243.000
813.809	11330.000
813.824	11473.000
813.839	11530.000
813.854	11582.000
813.870	11573.000
813.885	11836.000
813.900	11876.000
813.915	12053.000
813.930	12156.000
813.945	12332.000
813.960	12598.000
813.975	12790.000
813.990	13015.000
814.005	13376.000
814.020	13576.000
814.035	13839.000
814.050	14243.000
814.065	14788.000
814.080	15090.000
814.095	15457.000
814.110	15966.000
814.125	16396.000
814.140	16824.000
814.155	17302.000
814.170	17901.000
814.185	18601.000
814.200	19277.000
814.215	20002.000
814.230	20758.000
814.245	21592.000
814.260	22623.000
814.275	23736.000
814.291	24832.000
814.306	26126.000
814.321	27349.000
814.336	28980.000
814.351	30634.000
814.366	32441.000
814.381	34210.000
814.396	36218.000
814.411	38160.000
814.426	40515.000
814.441	42861.000
814.456	45084.000
814.471	47479.000
814.486	49573.000
814.501	51566.000
814.516	53184.000
814.531	54426.000
814.546	55088.000
814.561	55682.000
814.576	55963.000
814.591	55323.000
814.606	54490.000
814.621	53244.000
814.636	52050.000
814.651	50577.000
814.666	49120.000
814.681	47528.000
814.696	45825.000
814.711	44305.000
814.726	42851.000
814.741	41377.000
814.756	39751.000
814.771	38224.000
814.786	37013.000
814.801	35845.000
814.816	34661.000
814.831	33698.000
814.846	32708.000
814.861	31573.000
814.876	30980.000
814.891	29978.000
814.906	29190.000
814.921	28423.000
814.936	27633.000
814.951	26880.000
814.966	26441.000
814.980	25576.000
814.995	25073.000
815.010	24414.000
815.025	24154.000
815.040	23501.000
815.055	23130.000
815.070	22587.000
815.085	22192.000
815.100	21860.000
815.115	21423.000
815.130	21106.000
815.145	20624.000
815.160	20234.000
815.175	19967.000
815.190	19541.000
815.205	19259.000
815.220	19010.000
815.235	18546.000
815.250	18291.000
815.265	17958.000
815.280	17447.000
815.295	17259.000
815.310	16844.000
815.325	16464.000
815.340	16086.000
815.355	15682.000
815.370	15410.000
815.384	15087.000
815.399	14746.000
815.414	14408.000
815.429	14098.000
815.444	13944.000
815.459	13616.000
815.474	13286.000
815.489	13022.000
815.504	12804.000
815.519	12418.000
815.534	12125.000
815.549	11875.000
815.564	11590.000
815.579	11348.000
815.594	10982.000
815.609	10798.000
815.624	10655.000
815.638	10362.000
815.653	10074.000
815.668	9841.000
815.683	9760.000
815.698	9510.000
815.713	9280.000
815.728	9066.000
815.743	8886.000
815.758	8607.000
815.773	8454.000
815.788	8218.000
815.803	8072.000
815.818	7857.000
815.833	7810.000
815.847	7556.000
815.862	7380.000
815.877	7258.000
815.892	7089.000
815.907	6955.000
815.922	6802.000
815.937	6688.000
815.952	6562.000
815.967	6464.000
815.982	6333.000
815.997	6161.000
816.012	6165.000
816.026	6031.000
816.041	5820.000
816.056	5781.000
816.071	5587.000
816.086	5594.000
816.101	5495.000
816.116	5357.000
816.131	5284.000
816.146	5205.000
816.161	5087.000
816.175	4988.000
816.190	4924.000
816.205	4828.000
816.220	4701.000
816.235	4616.000
816.250	4567.000
816.265	4595.000
816.280	4508.000
816.295	4412.000
816.309	4349.000
816.324	4284.000
816.339	4218.000
816.354	4127.000
816.369	4122.000
816.384	4106.000
816.399	3998.000
816.414	4003.000
816.429	3923.000
816.443	3861.000
816.458	3778.000
816.473	3713.000
816.488	3687.000
816.503	3676.000
816.518	3605.000
816.533	3618.000
816.548	3555.000
816.562	3510.000
816.577	3473.000
816.592	3470.000
816.607	3376.000
816.622	3390.000
816.637	3280.000
816.652	3309.000
816.667	3234.000
816.681	3208.000
816.696	3173.000
816.711	3182.000
816.726	3065.000
816.741	3053.000
816.756	3041.000
816.771	2968.000
816.785	2958.000
816.800	2938.000
816.815	2898.000
816.830	2878.000
816.845	2854.000
816.860	2834.000
816.875	2810.000
816.889	2757.000
816.904	2799.000
816.919	2733.000
816.934	2731.000
816.949	2702.000
816.964	2629.000
816.978	2615.000
816.993	2681.000
817.008	2640.000
817.023	2617.000
817.038	2591.000
817.053	2608.000
817.068	2493.000
817.082	2530.000
817.097	2534.000
817.112	2525.000
817.127	2534.000
817.142	2508.000
817.157	2519.000
817.171	2522.000
817.186	2442.000
817.201	2430.000
817.216	2369.000
817.231	2349.000
817.246	2386.000
817.260	2352.000
817.275	2364.000
817.290	2350.000
817.305	2306.000
817.320	2302.000
817.334	2257.000
817.349	2230.000
817.364	2205.000
817.379	2173.000
817.394	2197.000
817.409	2237.000
817.423	2220.000
817.438	2174.000
817.453	2173.000
817.468	2143.000
817.483	2050.000
817.497	2032.000
817.512	2004.000
817.527	2028.000
817.542	2046.000
817.557	2012.000
817.571	2043.000
817.586	2034.000
817.601	1992.000
817.616	2017.000
817.631	1998.000
817.645	2022.000
817.660	1993.000
817.675	1998.000
817.690	2062.000
817.705	2082.000
817.719	2004.000
817.734	1978.000
817.749	2012.000
817.764	1982.000
817.779	1947.000
817.793	1993.000
817.808	1985.000
817.823	1950.000
817.838	1954.000
817.853	1928.000
817.867	1944.000
817.882	1878.000
817.897	1860.000
817.912	1811.000
817.926	1846.000
817.941	1883.000
817.956	1860.000
817.971	1824.000
817.986	1817.000
818.000	1782.000
818.015	1773.000
818.030	1866.000
818.045	1826.000
818.059	1840.000
818.074	1810.000
818.089	1828.000
818.104	1838.000
818.119	1797.000
818.133	1796.000
818.148	1759.000
818.163	1761.000
818.178	1702.000
818.192	1713.000
818.207	1675.000
818.222	1725.000
818.237	1702.000
818.251	1740.000
818.266	1683.000
818.281	1680.000
818.296	1723.000
818.310	1690.000
818.325	1682.000
818.340	1715.000
818.355	1649.000
818.369	1688.000
818.384	1677.000
818.399	1678.000
818.414	1645.000
818.428	1616.000
818.443	1607.000
818.458	1605.000
818.473	1589.000
818.487	1610.000
818.502	1627.000
818.517	1643.000
818.532	1652.000
818.546	1666.000
818.561	1635.000
818.576	1670.000
818.591	1631.000
818.605	1623.000
818.620	1608.000
818.635	1612.000
818.649	1622.000
818.664	1585.000
818.679	1564.000
818.694	1580.000
818.708	1594.000
818.723	1587.000
818.738	1605.000
818.753	1565.000
818.767	1550.000
818.782	1560.000
818.797	1607.000
818.811	1548.000
818.826	1556.000
818.841	1551.000
818.856	1568.000
818.870	1528.000
818.885	1566.000
818.900	1589.000
818.914	1593.000
818.929	1584.000
818.944	1557.000
818.959	1567.000
818.973	1526.000
818.988	1542.000
819.003	1547.000
819.017	1553.000
819.032	1530.000
819.047	1528.000
819.062	1554.000
819.076	1528.000
819.091	1528.000
819.106	1552.000
819.120	1551.000
819.135	1569.000
819.150	1573.000
819.164	1540.000
819.179	1573.000
819.194	1560.000
819.209	1543.000
819.223	1550.000
819.238	1520.000
819.253	1535.000
819.267	1490.000
819.282	1482.000
819.297	1484.000
819.311	1516.000
819.326	1530.000
819.341	1494.000
819.355	1520.000
819.370	1504.000
819.385	1508.000
819.399	1524.000
819.414	1534.000
819.429	1521.000
819.444	1518.000
819.458	1508.000
819.473	1552.000
819.488	1524.000
819.502	1531.000
819.517	1548.000
819.532	1494.000
819.546	1494.000
819.561	1478.000
819.576	1461.000
819.590	1420.000
819.605	1434.000
819.620	1441.000
819.634	1444.000
819.649	1456.000
819.664	1504.000
819.678	1478.000
819.693	1479.000
819.708	1533.000
819.722	1516.000
819.737	1509.000
819.752	1483.000
819.766	1437.000
819.781	1462.000
819.795	1416.000
819.810	1428.000
819.825	1428.000
819.839	1384.000
819.854	1416.000
819.869	1394.000
819.883	1392.000
819.898	1395.000
819.913	1399.000
819.927	1392.000
819.942	1428.000
819.957	1441.000
819.971	1416.000
819.986	1462.000
820.001	1419.000
820.015	1411.000
820.030	1426.000
820.044	1365.000
820.059	1358.000
820.074	1354.000
820.088	1365.000
820.103	1390.000
820.118	1376.000
820.132	1391.000
820.147	1354.000
820.161	1378.000
820.176	1344.000
820.191	1386.000
820.205	1396.000
820.220	1398.000
820.235	1400.000
820.249	1401.000
820.264	1380.000
820.278	1381.000
820.293	1363.000
820.308	1380.000
820.322	1367.000
820.337	1378.000
820.352	1334.000
820.366	1371.000
820.381	1356.000
820.395	1380.000
820.410	1366.000
820.425	1356.000
820.439	1356.000
820.454	1352.000
820.468	1353.000
820.483	1317.000
820.498	1348.000
820.512	1352.000
820.527	1351.000
820.541	1353.000
820.556	1366.000
820.571	1362.000
820.585	1359.000
820.600	1357.000
820.614	1337.000
820.629	1338.000
820.644	1398.000
820.658	1362.000
820.673	1359.000
820.687	1328.000
820.702	1352.000
820.717	1374.000
820.731	1344.000
820.746	1358.000
820.760	1318.000
820.775	1300.000
820.790	1349.000
820.804	1331.000
820.819	1328.000
820.833	1350.000
820.848	1332.000
820.862	1374.000
820.877	1306.000
820.892	1298.000
820.906	1308.000
820.921	1307.000
820.935	1286.000
820.950	1286.000
820.964	1313.000
820.979	1278.000
820.994	1295.000
821.008	1253.000
821.023	1275.000
821.037	1244.000
821.052	1288.000
821.066	1312.000
821.081	1277.000
821.096	1292.000
821.110	1293.000
821.125	1291.000
821.139	1338.000
821.154	1325.000
821.168	1322.000
821.183	1368.000
821.197	1315.000
821.212	1272.000
821.227	1263.000
821.241	1252.000
821.256	1229.000
821.270	1251.000
821.285	1235.000
821.299	1250.000
821.314	1235.000
821.328	1255.000
821.343	1264.000
821.357	1264.000
821.372	1231.000
821.387	1226.000
821.401	1264.000
821.416	1266.000
821.430	1266.000
821.445	1294.000
821.459	1262.000
821.474	1277.000
821.488	1291.000
821.503	1280.000
821.517	1258.000
821.532	1221.000
821.546	1260.000
821.561	1241.000
821.576	1257.000
821.590	1241.000
821.605	1259.000
821.619	1255.000
821.634	1264.000
821.648	1265.000
821.663	1250.000
821.677	1255.000
821.692	1257.000
821.706	1264.000
821.721	1258.000
821.735	1260.000
821.750	1247.000
821.764	1231.000
821.779	1244.000
821.793	1210.000
821.808	1238.000
821.822	1233.000
821.837	1240.000
821.851	1202.000
821.866	1193.000
821.880	1200.000
821.895	1191.000
821.909	1168.000
821.924	1203.000
821.938	1184.000
821.953	1235.000
821.967	1244.000
821.982	1228.000
821.996	1240.000
822.011	1214.000
822.025	1226.000
822.040	1203.000
822.054	1250.000
822.069	1243.000
822.083	1212.000
822.098	1232.000
822.112	1240.000
822.127	1218.000
822.141	1176.000
822.156	1170.000
822.170	1191.000
822.185	1184.000
822.199	1193.000
822.214	1244.000
822.228	1208.000
822.243	1225.000
822.257	1195.000
822.272	1231.000
822.286	1190.000
822.301	1203.000
822.315	1240.000
822.330	1239.000
822.344	1261.000
822.359	1204.000
822.373	1217.000
822.388	1204.000
822.402	1196.000
822.416	1196.000
822.431	1185.000
822.445	1180.000
822.460	1146.000
822.474	1136.000
822.489	1145.000
822.503	1190.000
822.518	1156.000
822.532	1236.000
822.547	1209.000
822.561	1248.000
822.576	1232.000
822.590	1238.000
822.605	1234.000
822.619	1199.000
822.633	1213.000
822.648	1197.000
822.662	1163.000
822.677	1180.000
822.691	1167.000
822.706	1151.000
822.720	1159.000
822.735	1155.000
822.749	1105.000
822.763	1100.000
822.778	1147.000
822.792	1122.000
822.807	1113.000
822.821	1146.000
822.836	1182.000
822.850	1195.000
822.865	1201.000
822.879	1206.000
822.893	1186.000
822.908	1161.000
822.922	1166.000
822.937	1183.000
822.951	1212.000
822.966	1220.000
822.980	1197.000
822.994	1183.000
823.009	1186.000
823.023	1177.000
823.038	1176.000
823.052	1162.000
823.067	1148.000
823.081	1175.000
823.095	1173.000
823.110	1155.000
823.124	1174.000
823.139	1188.000
823.153	1195.000
823.168	1194.000
823.182	1184.000
823.196	1209.000
823.211	1214.000
823.225	1198.000
823.240	1175.000
823.254	1135.000
823.268	1196.000
823.283	1139.000
823.297	1108.000
823.312	1136.000
823.326	1157.000
823.340	1193.000
823.355	1190.000
823.369	1174.000
823.384	1195.000
823.398	1204.000
823.412	1214.000
823.427	1234.000
823.441	1242.000
823.456	1212.000
823.470	1202.000
823.484	1164.000
823.499	1130.000
823.513	1154.000
823.528	1198.000
823.542	1167.000
823.556	1142.000
823.571	1168.000
823.585	1181.000
823.600	1159.000
823.614	1140.000
823.628	1121.000
823.643	1149.000
823.657	1138.000
823.671	1130.000
823.686	1195.000
823.700	1136.000
823.715	1158.000
823.729	1170.000
823.743	1166.000
823.758	1154.000
823.772	1166.000
823.786	1202.000
823.801	1194.000
823.815	1182.000
823.830	1191.000
823.844	1176.000
823.858	1146.000
823.873	1152.000
823.887	1131.000
823.901	1145.000
823.916	1179.000
823.930	1161.000
823.945	1168.000
823.959	1164.000
823.973	1204.000
823.988	1191.000
824.002	1194.000
824.016	1174.000
824.031	1191.000
824.045	1195.000
824.059	1188.000
824.074	1155.000
824.088	1187.000
824.102	1149.000
824.117	1189.000
824.131	1168.000
824.145	1148.000
824.160	1179.000
824.174	1132.000
824.188	1196.000
824.203	1172.000
824.217	1163.000
824.232	1164.000
824.246	1193.000
824.260	1217.000
824.275	1224.000
824.289	1227.000
824.303	1223.000
824.318	1256.000
824.332	1202.000
824.346	1194.000
824.361	1212.000
824.375	1202.000
824.389	1180.000
824.404	1171.000
824.418	1189.000
824.432	1187.000
824.446	1192.000
824.461	1158.000
824.475	1191.000
824.489	1204.000
824.504	1179.000
824.518	1197.000
824.532	1156.000
824.547	1194.000
824.561	1208.000
824.575	1233.000
824.590	1200.000
824.604	1257.000
824.618	1202.000
824.633	1209.000
824.647	1210.000
824.661	1203.000
824.676	1221.000
824.690	1226.000
824.704	1202.000
824.718	1168.000
824.733	1196.000
824.747	1224.000
824.761	1206.000
824.776	1298.000
824.791	1282.000
824.806	1282.000
824.821	1279.000
824.836	1263.000
824.851	1311.000
824.866	1281.000
824.880	1270.000
824.895	1254.000
824.910	1276.000
824.925	1277.000
824.940	1261.000
824.955	1279.000
824.970	1296.000
824.985	1264.000
825.000	1264.000
825.014	1274.000
825.029	1242.000
825.044	1312.000
825.059	1276.000
825.074	1275.000
825.089	1300.000
825.104	1261.000
825.119	1263.000
825.134	1255.000
825.148	1238.000
825.163	1231.000
825.178	1252.000
825.193	1248.000
825.208	1236.000
825.223	1273.000
825.238	1262.000
825.253	1223.000
825.267	1204.000
825.282	1253.000
825.297	1238.000
825.312	1254.000
825.327	1237.000
825.342	1298.000
825.357	1255.000
825.372	1278.000
825.386	1252.000
825.401	1260.000
825.416	1270.000
825.431	1227.000
825.446	1240.000
825.461	1239.000
825.476	1228.000
825.490	1251.000
825.505	1259.000
825.520	1254.000
825.535	1290.000
825.550	1264.000
825.565	1242.000
825.580	1258.000
825.594	1288.000
825.609	1273.000
825.624	1284.000
825.639	1279.000
825.654	1272.000
825.669	1280.000
825.683	1258.000
825.698	1284.000
825.713	1307.000
825.728	1288.000
825.743	1274.000
825.758	1290.000
825.773	1288.000
825.787	1247.000
825.802	1245.000
825.817	1257.000
825.832	1250.000
825.847	1275.000
825.862	1272.000
825.876	1273.000
825.891	1259.000
825.906	1290.000
825.921	1299.000
825.936	1266.000
825.951	1291.000
825.965	1284.000
825.980	1317.000
825.995	1305.000
826.010	1301.000
826.025	1274.000
826.039	1298.000
826.054	1272.000
826.069	1284.000
826.084	1295.000
826.099	1302.000
826.114	1276.000
826.128	1291.000
826.143	1291.000
826.158	1271.000
826.173	1254.000
826.188	1227.000
826.202	1252.000
826.217	1259.000
826.232	1263.000
826.247	1285.000
826.262	1335.000
826.276	1381.000
826.291	1342.000
826.306	1352.000
826.321	1349.000
826.336	1350.000
826.351	1310.000
826.365	1282.000
826.380	1299.000
826.395	1291.000
826.410	1306.000
826.425	1248.000
826.439	1263.000
826.454	1246.000
826.469	1272.000
826.484	1290.000
826.498	1282.000
826.513	1272.000
826.528	1275.000
826.543	1307.000
826.558	1340.000
826.572	1322.000
826.587	1300.000
826.602	1324.000
826.617	1309.000
826.632	1337.000
826.646	1329.000
826.661	1310.000
826.676	1306.000
826.691	1265.000
826.705	1265.000
826.720	1302.000
826.735	1292.000
826.750	1312.000
826.765	1313.000
826.779	1288.000
826.794	1314.000
826.809	1318.000
826.824	1289.000
826.838	1282.000
826.853	1284.000
826.868	1283.000
826.883	1269.000
826.897	1296.000
826.912	1285.000
826.927	1259.000
826.942	1278.000
826.957	1282.000
826.971	1275.000
826.986	1297.000
827.001	1313.000
827.016	1290.000
827.030	1314.000
827.045	1320.000
827.060	1303.000
827.075	1339.000
827.089	1340.000
827.104	1304.000
827.119	1344.000
827.134	1354.000
827.148	1364.000
827.163	1328.000
827.178	1317.000
827.193	1325.000
827.207	1304.000
827.222	1281.000
827.237	1293.000
827.252	1304.000
827.266	1283.000
827.281	1296.000
827.296	1307.000
827.311	1329.000
827.325	1256.000
827.340	1288.000
827.355	1304.000
827.369	1314.000
827.384	1279.000
827.399	1310.000
827.414	1346.000
827.428	1358.000
827.443	1362.000
827.458	1343.000
827.473	1328.000
827.487	1362.000
827.502	1376.000
827.517	1341.000
827.531	1322.000
827.546	1364.000
827.561	1396.000
827.576	1360.000
827.590	1375.000
827.605	1409.000
827.620	1401.000
827.634	1396.000
827.649	1396.000
827.664	1383.000
827.679	1369.000
827.693	1340.000
827.708	1344.000
827.723	1344.000
827.737	1351.000
827.752	1371.000
827.767	1402.000
827.782	1388.000
827.796	1386.000
827.811	1339.000
827.826	1349.000
827.840	1330.000
827.855	1344.000
827.870	1324.000
827.885	1323.000
827.899	1310.000
827.914	1336.000
827.929	1384.000
827.943	1368.000
827.958	1348.000
827.973	1411.000
827.987	1383.000
828.002	1372.000
828.017	1401.000
828.031	1386.000
828.046	1370.000
828.061	1349.000
828.076	1358.000
828.090	1358.000
828.105	1360.000
828.120	1380.000
828.134	1345.000
828.149	1310.000
828.164	1332.000
828.178	1324.000
828.193	1358.000
828.208	1332.000
828.222	1352.000
828.237	1353.000
828.252	1387.000
828.266	1395.000
828.281	1382.000
828.296	1378.000
828.310	1366.000
828.325	1369.000
828.340	1388.000
828.354	1342.000
828.369	1349.000
828.384	1348.000
828.398	1328.000
828.413	1310.000
828.428	1324.000
828.442	1316.000
828.457	1346.000
828.472	1332.000
828.486	1374.000
828.501	1348.000
828.516	1365.000
828.530	1387.000
828.545	1411.000
828.560	1420.000
828.574	1408.000
828.589	1405.000
828.604	1413.000
828.618	1370.000
828.633	1362.000
828.648	1396.000
828.662	1420.000
828.677	1401.000
828.691	1396.000
828.706	1390.000
828.721	1339.000
828.735	1397.000
828.750	1367.000
828.765	1364.000
828.779	1357.000
828.794	1348.000
828.809	1344.000
828.823	1372.000
828.838	1389.000
828.853	1437.000
828.867	1405.000
828.882	1443.000
828.896	1450.000
828.911	1457.000
828.926	1408.000
828.940	1417.000
828.955	1426.000
828.970	1409.000
828.984	1400.000
828.999	1405.000
829.013	1387.000
829.028	1393.000
829.043	1380.000
829.057	1402.000
829.072	1404.000
829.087	1432.000
829.101	1431.000
829.116	1479.000
829.130	1408.000
829.145	1434.000
829.160	1434.000
829.174	1431.000
829.189	1418.000
829.203	1406.000
829.218	1448.000
829.233	1409.000
829.247	1387.000
829.262	1424.000
829.276	1410.000
829.291	1445.000
829.306	1440.000
829.320	1470.000
829.335	1412.000
829.349	1422.000
829.364	1394.000
829.379	1384.000
829.393	1396.000
829.408	1432.000
829.422	1409.000
829.437	1445.000
829.452	1433.000
829.466	1474.000
829.481	1441.000
829.495	1443.000
829.510	1476.000
829.525	1445.000
829.539	1445.000
829.554	1441.000
829.568	1439.000
829.583	1439.000
829.598	1420.000
829.612	1452.000
829.627	1469.000
829.641	1472.000
829.656	1417.000
829.670	1464.000
829.685	1453.000
829.700	1461.000
829.714	1457.000
829.729	1516.000
829.743	1462.000
829.758	1482.000
829.772	1456.000
829.787	1427.000
829.802	1441.000
829.816	1430.000
829.831	1429.000
829.845	1436.000
829.860	1422.000
829.874	1448.000
829.889	1498.000
829.904	1454.000
829.918	1399.000
829.933	1388.000
829.947	1441.000
829.962	1400.000
829.976	1391.000
829.991	1396.000
830.005	1424.000
830.020	1396.000
830.035	1389.000
830.049	1376.000
830.064	1362.000
830.078	1369.000
830.093	1412.000
830.107	1391.000
830.122	1385.000
830.136	1372.000
830.151	1373.000
830.166	1355.000
830.180	1346.000
830.195	1354.000
830.209	1331.000
830.224	1292.000
830.238	1322.000
830.253	1316.000
830.267	1290.000
830.282	1254.000
830.296	1296.000
830.311	1327.000
830.325	1341.000
830.340	1318.000
830.355	1299.000
830.369	1282.000
830.384	1289.000
830.398	1260.000
830.413	1282.000
830.427	1250.000
830.442	1236.000
830.456	1263.000
830.471	1287.000
830.485	1266.000
830.500	1304.000
830.514	1248.000
830.529	1273.000
830.543	1276.000
830.558	1277.000
830.572	1229.000
830.587	1256.000
830.601	1261.000
830.616	1284.000
830.630	1270.000
830.645	1317.000
830.659	1264.000
830.674	1318.000
830.688	1261.000
830.703	1287.000
830.718	1290.000
830.732	1298.000
830.747	1246.000
830.761	1266.000
830.776	1240.000
830.790	1210.000
830.805	1234.000
830.819	1218.000
830.834	1200.000
830.848	1190.000
830.863	1185.000
830.877	1200.000
830.892	1190.000
830.906	1195.000
830.921	1180.000
830.935	1193.000
830.949	1196.000
830.964	1208.000
830.978	1186.000
830.993	1190.000
831.007	1205.000
831.022	1165.000
831.036	1152.000
831.051	1198.000
831.065	1161.000
831.080	1158.000
831.094	1122.000
831.109	1143.000
831.123	1158.000
831.138	1166.000
831.152	1128.000
831.167	1132.000
831.181	1125.000
831.196	1138.000
831.210	1136.000
831.225	1128.000
831.239	1112.000
831.254	1129.000
831.268	1130.000
831.283	1141.000
831.297	1164.000
831.311	1125.000
831.326	1106.000
831.340	1091.000
831.355	1044.000
831.369	1056.000
831.384	1084.000
831.398	1079.000
831.413	1057.000
831.427	1054.000
831.442	1061.000
831.456	1031.000
831.471	1080.000
831.485	1066.000
831.499	1081.000
831.514	1084.000
831.528	1076.000
831.543	1070.000
831.557	1076.000
831.572	1094.000
831.586	1092.000
831.601	1086.000
831.615	1100.000
831.629	1055.000
831.644	1071.000
831.658	1068.000
831.673	1061.000
831.687	1016.000
831.702	1037.000
831.716	1073.000
831.731	1054.000
831.745	1011.000
831.759	1038.000
831.774	1055.000
831.788	1032.000
831.803	1044.000
831.817	1044.000
831.832	1024.000
831.846	1062.000
831.860	1047.000
831.875	1047.000
831.889	1046.000
831.904	1030.000
831.918	1016.000
831.933	1027.000
831.947	1017.000
831.961	1022.000
831.976	1007.000
831.990	1014.000
832.005	1045.000
832.019	1013.000
832.033	1016.000
832.048	1005.000
832.062	1022.000
832.077	1030.000
832.091	1000.000
832.106	1053.000
832.120	1021.000
832.134	1040.000
832.149	1039.000
832.163	1048.000
832.178	1030.000
832.192	1019.000
832.206	1001.000
832.221	980.000
832.235	1034.000
832.250	1019.000
832.264	1020.000
832.278	1008.000
832.293	986.000
832.307	985.000
832.322	985.000
832.336	956.000
832.350	978.000
832.365	1017.000
832.379	1033.000
832.394	998.000
832.408	1014.000
832.422	965.000
832.437	985.000
832.451	948.000
832.465	943.000
832.480	942.000
832.494	922.000
832.509	971.000
832.523	976.000
832.537	986.000
832.552	974.000
832.566	972.000
832.581	965.000
832.595	971.000
832.609	989.000
832.624	959.000
832.638	957.000
832.652	968.000
832.667	978.000
832.681	972.000
832.696	994.000
832.710	939.000
832.724	958.000
832.739	979.000
832.753	974.000
832.767	974.000
832.782	978.000
832.796	963.000
832.810	967.000
832.825	964.000
832.839	957.000
832.853	958.000
832.868	947.000
832.882	940.000
832.897	935.000
832.911	916.000
832.925	910.000
832.940	905.000
832.954	879.000
832.968	924.000
832.983	955.000
832.997	947.000
833.011	941.000
833.026	956.000
833.040	998.000
833.054	985.000
833.069	965.000
833.083	982.000
833.097	1002.000
833.112	964.000
833.126	942.000
833.140	920.000
833.155	923.000
833.169	909.000
833.183	910.000
833.198	896.000
833.212	938.000
833.226	927.000
833.241	954.000
833.255	923.000
833.269	906.000
833.284	926.000
833.298	978.000
833.312	980.000
833.327	974.000
833.341	946.000
833.355	953.000
833.370	935.000
833.384	929.000
833.398	933.000
833.413	923.000
833.427	878.000
833.441	930.000
833.456	911.000
833.470	917.000
833.484	924.000
833.499	951.000
833.513	936.000
833.527	917.000
833.542	906.000
833.556	904.000
833.570	942.000
833.584	922.000
833.599	933.000
833.613	910.000
833.627	954.000
833.642	948.000
833.656	942.000
833.670	950.000
833.685	958.000
833.699	917.000
833.713	968.000
833.727	942.000
833.742	866.000
833.756	891.000
833.770	886.000
833.785	871.000
833.799	914.000
833.813	916.000
833.827	920.000
833.842	905.000
833.856	900.000
833.870	899.000
833.885	892.000
833.899	905.000
833.913	894.000
833.927	920.000
833.942	960.000
833.956	926.000
833.970	940.000
833.985	895.000
833.999	916.000
834.013	919.000
834.027	931.000
834.042	926.000
834.056	902.000
834.070	899.000
834.085	921.000
834.099	914.000
834.113	916.000
834.127	912.000
834.142	888.000
834.156	907.000
834.170	887.000
834.184	905.000
834.199	906.000
834.213	922.000
834.227	946.000
834.241	917.000
834.256	882.000
834.270	912.000
834.284	906.000
834.298	893.000
834.313	882.000
834.327	915.000
834.341	891.000
834.355	900.000
834.370	936.000
834.384	951.000
834.398	929.000
834.412	904.000
834.427	885.000
834.441	900.000
834.455	862.000
834.469	891.000
834.484	880.000
834.498	887.000
834.512	898.000
834.526	911.000
834.541	898.000
834.555	907.000
834.569	934.000
834.583	902.000
834.598	906.000
834.612	903.000
834.626	906.000
834.640	934.000
834.655	868.000
834.669	878.000
834.683	876.000
834.697	864.000
834.711	889.000
834.726	899.000
834.740	886.000
834.754	892.000
834.768	887.000
834.783	887.000
834.797	886.000
834.811	892.000
834.825	892.000
834.839	874.000
834.854	890.000
834.868	870.000
834.882	886.000
834.896	899.000
834.910	877.000
834.925	880.000
834.939	866.000
834.953	864.000
834.967	850.000
834.982	850.000
834.996	833.000
835.010	829.000
835.024	848.000
835.038	853.000
835.053	831.000
835.067	892.000
835.081	879.000
835.095	906.000
835.109	907.000
835.124	897.000
835.138	869.000
835.152	880.000
835.166	867.000
835.180	859.000
835.195	851.000
835.209	860.000
835.223	864.000
835.237	889.000
835.251	850.000
835.265	857.000
835.280	868.000
835.294	862.000
835.308	850.000
835.322	870.000
835.336	854.000
835.351	868.000
835.365	902.000
835.379	883.000
835.393	870.000
835.407	877.000
835.421	850.000
835.436	865.000
835.450	882.000
835.464	865.000
835.478	865.000
835.492	882.000
835.506	898.000
835.521	877.000
835.535	882.000
835.549	846.000
835.563	884.000
835.577	918.000
835.591	926.000
835.606	889.000
835.620	888.000
835.634	906.000
835.648	886.000
835.662	868.000
835.676	896.000
835.691	872.000
835.705	908.000
835.719	864.000
835.733	878.000
835.747	869.000
835.761	862.000
835.775	848.000
835.790	862.000
835.804	851.000
835.818	830.000
835.832	834.000
835.846	835.000
835.860	841.000
835.874	878.000
835.889	850.000
835.903	860.000
835.917	831.000
835.931	873.000
835.945	846.000
835.959	869.000
835.973	892.000
835.988	877.000
836.002	868.000
836.016	875.000
836.030	885.000
836.044	878.000
836.058	862.000
836.072	839.000
836.086	862.000
836.101	872.000
836.115	842.000
836.129	844.000
836.143	862.000
836.157	864.000
836.171	879.000
836.185	854.000
836.199	842.000
836.214	824.000
836.228	830.000
836.242	824.000
836.256	816.000
836.270	809.000
836.284	855.000
836.298	852.000
836.312	882.000
836.326	856.000
836.341	888.000
836.355	882.000
836.369	892.000
836.383	857.000
836.397	900.000
836.411	892.000
836.425	885.000
836.439	874.000
836.453	853.000
836.468	833.000
836.482	837.000
836.496	842.000
836.510	826.000
836.524	828.000
836.538	837.000
836.552	840.000
836.566	841.000
836.580	840.000
836.594	833.000
836.608	861.000
836.623	837.000
836.637	840.000
836.651	836.000
836.665	854.000
836.679	828.000
836.693	847.000
836.707	822.000
836.721	812.000
836.735	796.000
836.749	797.000
836.763	811.000
836.777	842.000
836.792	831.000
836.806	828.000
836.820	803.000
836.834	799.000
836.848	803.000
836.862	814.000
836.876	836.000
836.890	844.000
836.904	839.000
836.918	830.000
836.932	865.000
836.946	832.000
836.960	788.000
836.974	822.000
836.988	860.000
837.003	834.000
837.017	841.000
837.031	880.000
837.045	848.000
837.059	815.000
837.073	818.000
837.087	820.000
837.101	810.000
837.115	805.000
837.129	822.000
837.143	855.000
837.157	871.000
837.171	838.000
837.185	829.000
837.199	837.000
837.213	811.000
837.227	843.000
837.241	843.000
837.255	821.000
837.269	804.000
837.283	812.000
837.298	798.000
837.312	816.000
837.326	787.000
837.340	811.000
837.354	804.000
837.368	802.000
837.382	813.000
837.396	809.000
837.410	796.000
837.424	782.000
837.438	802.000
837.452	812.000
837.466	798.000
837.480	815.000
837.494	804.000
837.508	813.000
837.522	813.000
837.536	791.000
837.550	798.000
837.564	772.000
837.578	764.000
837.592	787.000
837.606	771.000
837.620	753.000
837.634	792.000
837.648	779.000
837.662	809.000
837.676	783.000
837.690	784.000
837.704	759.000
837.718	798.000
837.732	787.000
837.746	814.000
837.760	846.000
837.774	846.000
837.788	847.000
837.802	844.000
837.816	829.000
837.830	801.000
837.844	848.000
837.858	819.000
837.872	796.000
837.886	784.000
837.900	786.000
837.914	773.000
837.928	776.000
837.942	824.000
837.956	794.000
837.970	781.000
837.984	786.000
837.998	810.000
838.012	818.000
838.026	774.000
838.040	787.000
838.054	802.000
838.068	796.000
838.082	793.000
838.096	806.000
838.110	823.000
838.124	792.000
838.138	830.000
838.152	830.000
838.166	838.000
838.180	855.000
838.194	855.000
838.208	857.000
838.222	838.000
838.236	812.000
838.250	800.000
838.264	782.000
838.278	769.000
838.292	771.000
838.306	784.000
838.319	786.000
838.333	784.000
838.347	791.000
838.361	803.000
838.375	788.000
838.389	793.000
838.403	783.000
838.417	821.000
838.431	778.000
838.445	776.000
838.459	767.000
838.473	784.000
838.487	750.000
838.501	743.000
838.515	749.000
838.529	768.000
838.543	774.000
838.557	794.000
838.571	804.000
838.585	819.000
838.599	803.000
838.612	764.000
838.626	781.000
838.640	758.000
838.654	774.000
838.668	792.000
838.682	790.000
838.696	802.000
838.710	818.000
838.724	798.000
838.738	795.000
838.752	833.000
838.766	780.000
838.780	772.000
838.794	771.000
838.808	777.000
838.821	776.000
838.835	766.000
838.849	775.000
838.863	769.000
838.877	762.000
838.891	756.000
838.905	761.000
838.919	778.000
838.933	768.000
838.947	780.000
838.961	771.000
838.975	774.000
838.988	788.000
839.002	809.000
839.016	820.000
839.030	832.000
839.044	827.000
839.058	803.000
839.072	788.000
839.086	816.000
839.100	831.000
839.114	806.000
839.128	816.000
839.141	800.000
839.155	780.000
839.169	762.000
839.183	766.000
839.197	756.000
839.211	773.000
839.225	783.000
839.239	789.000
839.253	786.000
839.266	788.000
839.280	768.000
839.294	743.000
839.308	792.000
839.322	816.000
839.336	815.000
839.350	856.000
839.364	803.000
839.378	783.000
839.391	751.000
839.405	789.000
839.419	787.000
839.433	771.000
839.447	771.000
839.461	761.000
839.475	760.000
839.489	785.000
839.502	798.000
