794.000	28248.000
794.016	26628.000
794.031	25526.000
794.047	24922.000
794.063	24212.000
794.079	24170.000
794.094	24156.000
794.110	24172.000
794.126	24250.000
794.142	24364.000
794.157	24598.000
794.173	25208.000
794.189	25638.000
794.204	26586.000
794.220	27108.000
794.236	27288.000
794.252	27088.000
794.267	26396.000
794.283	25244.000
794.299	24248.000
794.314	23704.000
794.330	23340.000
794.346	23102.000
794.362	23100.000
794.377	23220.000
794.393	23484.000
794.409	23298.000
794.424	23732.000
794.440	24084.000
794.456	24682.000
794.472	25826.000
794.487	26000.000
794.503	25958.000
794.519	25616.000
794.534	24950.000
794.550	23692.000
794.566	23160.000
794.581	22656.000
794.597	22174.000
794.613	22114.000
794.629	22158.000
794.644	21694.000
794.660	22146.000
794.676	22826.000
794.691	22854.000
794.707	23600.000
794.723	24580.000
794.738	25090.000
794.754	25198.000
794.770	25012.000
794.785	24540.000
794.801	23672.000
794.817	22778.000
794.832	22050.000
794.848	21742.000
794.864	21434.000
794.880	21058.000
794.895	21056.000
794.911	21004.000
794.927	21384.000
794.942	21348.000
794.958	22134.000
794.974	22806.000
794.989	23540.000
795.005	24076.000
795.021	23870.000
795.036	23870.000
795.052	23140.000
795.068	22530.000
795.083	21666.000
795.099	21040.000
795.115	20604.000
795.130	20820.000
795.146	20346.000
795.162	20458.000
795.177	20558.000
795.193	20630.000
795.209	21272.000
795.224	21574.000
795.240	22200.000
795.256	22660.000
795.271	22720.000
795.287	22662.000
795.303	22546.000
795.318	21946.000
795.334	20864.000
795.350	20426.000
795.365	20216.000
795.381	19992.000
795.396	19792.000
795.412	19662.000
795.428	19722.000
795.443	19752.000
795.459	20112.000
795.475	20440.000
795.490	20744.000
795.506	21294.000
795.522	21784.000
795.537	21902.000
795.553	21914.000
795.569	21336.000
795.584	20992.000
795.600	20040.000
795.615	19518.000
795.631	18940.000
795.647	19224.000
795.662	18960.000
795.678	18994.000
795.694	18842.000
795.709	19198.000
795.725	19082.000
795.741	19488.000
795.756	19852.000
795.772	20224.000
795.787	20544.000
795.803	20808.000
795.819	21038.000
795.834	20548.000
795.850	19922.000
795.866	19370.000
795.881	19056.000
795.897	18800.000
795.912	18244.000
795.928	18290.000
795.944	18444.000
795.959	18188.000
795.975	18292.000
795.990	18172.000
796.006	18400.000
796.022	18748.000
796.037	19194.000
796.053	19866.000
796.068	19844.000
796.084	20072.000
796.100	19760.000
796.115	19462.000
796.131	18856.000
796.147	18196.000
796.162	17762.000
796.178	17792.000
796.193	17538.000
796.209	17644.000
796.225	17388.000
796.240	17378.000
796.256	17572.000
796.271	17982.000
796.287	18260.000
796.303	18662.000
796.318	19134.000
796.334	19008.000
796.349	19130.000
796.365	18824.000
796.380	18478.000
796.396	17802.000
796.412	17386.000
796.427	17026.000
796.443	16916.000
796.458	16694.000
796.474	16890.000
796.490	16890.000
796.505	17088.000
796.521	17006.000
796.536	17252.000
796.552	17944.000
796.567	18190.000
796.583	18564.000
796.599	18594.000
796.614	18078.000
796.630	18252.000
796.645	17556.000
796.661	16974.000
796.676	16318.000
796.692	16136.000
796.708	15950.000
796.723	16078.000
796.739	15740.000
796.754	16134.000
796.770	16388.000
796.785	16662.000
796.801	16612.000
796.817	17064.000
796.832	17444.000
796.848	17702.000
796.863	17390.000
796.879	17576.000
796.894	17450.000
796.910	16706.000
796.925	16058.000
796.941	15840.000
796.957	15764.000
796.972	15456.000
796.988	15392.000
797.003	15336.000
797.019	15498.000
797.034	15730.000
797.050	15926.000
797.065	16110.000
797.081	16334.000
797.097	16518.000
797.112	16910.000
797.128	17112.000
797.143	16664.000
797.159	16372.000
797.174	15928.000
797.190	15704.000
797.205	15136.000
797.221	15318.000
797.236	15104.000
797.252	14792.000
797.267	15066.000
797.283	15214.000
797.299	15154.000
797.314	15220.000
797.330	15250.000
797.345	15748.000
797.361	15994.000
797.376	15922.000
797.392	16144.000
797.407	16152.000
797.423	15664.000
797.438	15380.000
797.454	14956.000
797.469	14482.000
797.485	14432.000
797.500	14482.000
797.516	14318.000
797.531	14478.000
797.547	14474.000
797.562	14530.000
797.578	14738.000
797.594	14668.000
797.609	15010.000
797.625	15238.000
797.640	15302.000
797.656	15300.000
797.671	15518.000
797.687	15284.000
797.702	14738.000
797.718	14384.000
797.733	14106.000
797.749	13860.000
797.764	13886.000
797.780	13688.000
797.795	13448.000
797.811	13708.000
797.826	13660.000
797.842	13964.000
797.857	13894.000
797.873	14100.000
797.888	14360.000
797.904	14758.000
797.919	14896.000
797.935	15030.000
797.950	14484.000
797.966	14308.000
797.981	13820.000
797.997	13682.000
798.012	13298.000
798.028	13270.000
798.043	13210.000
798.059	12992.000
798.074	13034.000
798.089	12956.000
798.105	13308.000
798.120	13402.000
798.136	13748.000
798.151	14004.000
798.167	14030.000
798.182	13838.000
798.198	13956.000
798.213	13794.000
798.229	13570.000
798.244	13192.000
798.260	13290.000
798.275	12638.000
798.291	12568.000
798.306	12418.000
798.322	12618.000
798.337	12474.000
798.353	12798.000
798.368	12580.000
798.383	12954.000
798.399	12996.000
798.414	13144.000
798.430	13264.000
798.445	13346.000
798.461	13216.000
798.476	13132.000
798.492	12876.000
798.507	12680.000
798.523	12334.000
798.538	12266.000
798.554	12024.000
798.569	12056.000
798.584	12162.000
798.600	12024.000
798.615	12062.000
798.631	12210.000
798.646	12382.000
798.662	12494.000
798.677	12424.000
798.693	12656.000
798.708	12746.000
798.724	12780.000
798.739	12706.000
798.754	12412.000
798.770	12184.000
798.785	11910.000
798.801	11828.000
798.816	11648.000
798.832	11384.000
798.847	11512.000
798.862	11470.000
798.878	11732.000
798.893	11520.000
798.909	11842.000
798.924	11730.000
798.940	11910.000
798.955	11812.000
798.970	12178.000
798.986	12292.000
799.001	11998.000
799.017	11954.000
799.032	11834.000
799.048	11338.000
799.063	11422.000
799.078	11250.000
799.094	11050.000
799.109	11040.000
799.125	10882.000
799.140	10892.000
799.156	11186.000
799.171	11022.000
799.186	11236.000
799.202	11512.000
799.217	11588.000
799.233	11796.000
799.248	11620.000
799.263	11472.000
799.279	11420.000
799.294	11050.000
799.310	11108.000
799.325	10970.000
799.341	10776.000
799.356	10596.000
799.371	10650.000
799.387	10490.000
799.402	10492.000
799.418	10374.000
799.433	10630.000
799.448	10658.000
799.464	10840.000
799.479	10838.000
799.495	11086.000
799.510	10996.000
799.525	11172.000
799.541	10846.000
799.556	10762.000
799.571	10512.000
799.587	10080.000
799.602	10076.000
799.618	10004.000
799.633	9880.000
799.648	10004.000
799.664	10028.000
799.679	10146.000
799.695	10092.000
799.710	10368.000
799.725	10282.000
799.741	10322.000
799.756	10568.000
799.771	10468.000
799.787	10506.000
799.802	10482.000
799.818	10224.000
799.833	10120.000
799.848	9890.000
799.864	9846.000
799.879	9616.000
799.894	9482.000
799.910	9478.000
799.925	9672.000
799.941	9688.000
799.956	9506.000
799.971	9618.000
799.987	9476.000
800.002	9932.000
800.017	9602.000
800.033	9714.000
800.048	10108.000
800.063	9732.000
800.079	9736.000
800.094	9570.000
800.110	9444.000
800.125	9320.000
800.140	9332.000
800.156	9044.000
800.171	9116.000
800.186	9200.000
800.202	9186.000
800.217	8988.000
800.232	9108.000
800.248	9098.000
800.263	9284.000
800.278	9250.000
800.294	9200.000
800.309	9448.000
800.324	9396.000
800.340	9346.000
800.355	9190.000
800.370	9082.000
800.386	8948.000
800.401	8938.000
800.417	8692.000
800.432	8608.000
800.447	8564.000
800.463	8734.000
800.478	8638.000
800.493	8486.000
800.509	8836.000
800.524	8656.000
800.539	8654.000
800.555	8970.000
800.570	8848.000
800.585	9138.000
800.600	8928.000
800.616	9004.000
800.631	8834.000
800.646	8732.000
800.662	8500.000
800.677	8446.000
800.692	8318.000
800.708	8278.000
800.723	8244.000
800.738	8014.000
800.754	8116.000
800.769	8278.000
800.784	8180.000
800.800	8284.000
800.815	8456.000
800.830	8332.000
800.846	8696.000
800.861	8396.000
800.876	8536.000
800.891	8448.000
800.907	8366.000
800.922	8106.000
800.937	7830.000
800.953	8010.000
800.968	7844.000
800.983	7764.000
800.999	7906.000
801.014	7918.000
801.029	7982.000
801.045	7830.000
801.060	7906.000
801.075	8028.000
801.090	8126.000
801.106	8124.000
801.121	8078.000
801.136	8306.000
801.152	7798.000
801.167	7866.000
801.182	7690.000
801.197	7512.000
801.213	7548.000
801.228	7334.000
801.243	7332.000
801.259	7360.000
801.274	7564.000
801.289	7438.000
801.304	7560.000
801.320	7652.000
801.335	7486.000
801.350	7798.000
801.366	7620.000
801.381	7544.000
801.396	7674.000
801.411	7602.000
801.427	7472.000
801.442	7270.000
801.457	7304.000
801.472	7238.000
801.488	7084.000
801.503	7070.000
801.518	7170.000
801.534	7128.000
801.549	7190.000
801.564	7210.000
801.579	7240.000
801.595	7334.000
801.610	7208.000
801.625	7128.000
801.640	7284.000
801.656	7318.000
801.671	7218.000
801.686	7266.000
801.701	7072.000
801.717	7038.000
801.732	7006.000
801.747	6882.000
801.762	6882.000
801.778	6956.000
801.793	6824.000
801.808	6770.000
801.823	6756.000
801.839	6904.000
801.854	6772.000
801.869	6720.000
801.884	6626.000
801.900	6750.000
801.915	6980.000
801.930	6906.000
801.945	6920.000
801.961	6736.000
801.976	6686.000
801.991	6754.000
802.006	6638.000
802.022	6538.000
802.037	6366.000
802.052	6366.000
802.067	6510.000
802.082	6396.000
802.098	6450.000
802.113	6420.000
802.128	6386.000
802.143	6500.000
802.159	6536.000
802.174	6490.000
802.189	6550.000
802.204	6554.000
802.220	6506.000
802.235	6426.000
802.250	6416.000
802.265	6270.000
802.280	6132.000
802.296	6188.000
802.311	5956.000
802.326	6068.000
802.341	6102.000
802.356	6006.000
802.372	6146.000
802.387	6138.000
802.402	6110.000
802.417	6254.000
802.433	6246.000
802.448	6364.000
802.463	6330.000
802.478	6420.000
802.493	6242.000
802.509	6058.000
802.524	5996.000
802.539	6000.000
802.554	5858.000
802.569	5750.000
802.585	5768.000
802.600	5652.000
802.615	5716.000
802.630	5828.000
802.645	5850.000
802.661	5828.000
802.676	6036.000
802.691	5878.000
802.706	6078.000
802.721	5802.000
802.736	6068.000
802.752	6084.000
802.767	5876.000
802.782	5878.000
802.797	5624.000
802.812	5512.000
802.828	5548.000
802.843	5428.000
802.858	5514.000
802.873	5442.000
802.888	5366.000
802.903	5544.000
802.919	5474.000
802.934	5666.000
802.949	5542.000
802.964	5586.000
802.979	5746.000
802.995	5790.000
803.010	5892.000
803.025	5654.000
803.040	5530.000
803.055	5384.000
803.070	5360.000
803.086	5286.000
803.101	5318.000
803.116	5186.000
803.131	5340.000
803.146	5212.000
803.161	5260.000
803.177	5158.000
803.192	5174.000
803.207	5270.000
803.222	5250.000
803.237	5284.000
803.252	5370.000
803.267	5444.000
803.283	5524.000
803.298	5456.000
803.313	5362.000
803.328	5064.000
803.343	5204.000
803.358	5018.000
803.374	4912.000
803.389	5048.000
803.404	5026.000
803.419	4934.000
803.434	4994.000
803.449	4980.000
803.464	5004.000
803.480	4962.000
803.495	5128.000
803.510	5068.000
803.525	5098.000
803.540	5138.000
803.555	5172.000
803.570	5174.000
803.585	5100.000
803.601	4934.000
803.616	4886.000
803.631	4896.000
803.646	4762.000
803.661	4840.000
803.676	4598.000
803.691	4710.000
803.706	4672.000
803.722	4762.000
803.737	4682.000
803.752	4840.000
803.767	4816.000
803.782	4884.000
803.797	4976.000
803.812	4904.000
803.827	4882.000
803.843	4884.000
803.858	4786.000
803.873	4646.000
803.888	4538.000
803.903	4586.000
803.918	4590.000
803.933	4638.000
803.948	4410.000
803.963	4558.000
803.979	4448.000
803.994	4632.000
804.009	4572.000
804.024	4636.000
804.039	4686.000
804.054	4646.000
804.069	4740.000
804.084	4736.000
804.099	4844.000
804.115	4706.000
804.130	4620.000
804.145	4456.000
804.160	4390.000
804.175	4368.000
804.190	4330.000
804.205	4252.000
804.220	4262.000
804.235	4406.000
804.250	4324.000
804.265	4364.000
804.281	4428.000
804.296	4378.000
804.311	4406.000
804.326	4428.000
804.341	4460.000
804.356	4424.000
804.371	4386.000
804.386	4454.000
804.401	4182.000
804.416	4254.000
804.431	4172.000
804.446	4110.000
804.461	4126.000
804.477	4088.000
804.492	4156.000
804.507	4186.000
804.522	4148.000
804.537	4162.000
804.552	4278.000
804.567	4124.000
804.582	4284.000
804.597	4202.000
804.612	4288.000
804.627	4250.000
804.642	4278.000
804.657	4152.000
804.672	4140.000
804.688	3908.000
804.703	4070.000
804.718	3992.000
804.733	3968.000
804.748	3948.000
804.763	4026.000
804.778	3980.000
804.793	3866.000
804.808	4004.000
804.823	4092.000
804.838	3926.000
804.853	4028.000
804.868	4086.000
804.883	4038.000
804.898	3974.000
804.913	4098.000
804.928	4012.000
804.943	3888.000
804.958	3846.000
804.973	3782.000
804.989	3800.000
805.004	3832.000
805.019	3788.000
805.034	3826.000
805.049	3744.000
805.064	3826.000
805.079	3810.000
805.094	3740.000
805.109	3884.000
805.124	3826.000
805.139	3864.000
805.154	3866.000
805.169	3834.000
805.184	3856.000
805.199	3860.000
805.214	3740.000
805.229	3732.000
805.244	3752.000
805.259	3594.000
805.274	3656.000
805.289	3586.000
805.304	3616.000
805.319	3518.000
805.334	3518.000
805.349	3768.000
805.364	3666.000
805.379	3690.000
805.394	3716.000
805.409	3834.000
805.424	3820.000
805.439	3750.000
805.454	3832.000
805.469	3624.000
805.484	3618.000
805.499	3622.000
805.514	3432.000
805.529	3548.000
805.544	3450.000
805.559	3416.000
805.574	3402.000
805.589	3606.000
805.604	3558.000
805.619	3480.000
805.634	3504.000
805.649	3588.000
805.664	3666.000
805.679	3744.000
805.694	3632.000
805.709	3642.000
805.724	3708.000
805.739	3538.000
805.754	3594.000
805.769	3376.000
805.784	3406.000
805.799	3244.000
805.814	3336.000
805.829	3418.000
805.844	3398.000
805.859	3412.000
805.874	3520.000
805.889	3422.000
805.904	3492.000
805.919	3456.000
805.934	3356.000
805.949	3544.000
805.964	3476.000
805.979	3512.000
805.994	3504.000
806.009	3538.000
806.024	3436.000
806.039	3358.000
806.054	3368.000
806.069	3310.000
806.084	3280.000
806.099	3390.000
806.114	3252.000
806.129	3310.000
806.144	3236.000
806.159	3266.000
806.174	3304.000
806.188	3270.000
806.203	3316.000
806.218	3276.000
806.233	3346.000
806.248	3306.000
806.263	3428.000
806.278	3298.000
806.293	3266.000
806.308	3274.000
806.323	3190.000
806.338	3270.000
806.353	3300.000
806.368	3186.000
806.383	3202.000
806.398	3084.000
806.413	3264.000
806.428	3170.000
806.443	3150.000
806.458	3178.000
806.473	3158.000
806.487	3174.000
806.502	3190.000
806.517	3198.000
806.532	3162.000
806.547	3274.000
806.562	3088.000
806.577	3090.000
806.592	3114.000
806.607	3062.000
806.622	3008.000
806.637	3096.000
806.652	3014.000
806.667	3020.000
806.682	3012.000
806.697	2982.000
806.711	2990.000
806.726	2970.000
806.741	2910.000
806.756	3010.000
806.771	3098.000
806.786	3084.000
806.801	3082.000
806.816	3026.000
806.831	3052.000
806.846	3044.000
806.861	2906.000
806.876	2894.000
806.890	2866.000
806.905	2880.000
806.920	2788.000
806.935	2844.000
806.950	2870.000
806.965	2922.000
806.980	2974.000
806.995	2892.000
807.010	2946.000
807.025	2864.000
807.040	2900.000
807.054	2888.000
807.069	2934.000
807.084	2922.000
807.099	2888.000
807.114	2930.000
807.129	2744.000
807.144	2822.000
807.159	2690.000
807.174	2670.000
807.189	2750.000
807.203	2734.000
807.218	2854.000
807.233	2768.000
807.248	2834.000
807.263	2808.000
807.278	2778.000
807.293	2704.000
807.308	2742.000
807.323	2810.000
807.337	2804.000
807.352	2758.000
807.367	2776.000
807.382	2746.000
807.397	2808.000
807.412	2734.000
807.427	2722.000
807.442	2664.000
807.456	2690.000
807.471	2640.000
807.486	2698.000
807.501	2650.000
807.516	2666.000
807.531	2678.000
807.546	2642.000
807.561	2672.000
807.575	2710.000
807.590	2590.000
807.605	2588.000
807.620	2722.000
807.635	2670.000
807.650	2666.000
807.665	2616.000
807.679	2560.000
807.694	2554.000
807.709	2572.000
807.724	2434.000
807.739	2426.000
807.754	2536.000
807.769	2560.000
807.783	2516.000
807.798	2544.000
807.813	2520.000
807.828	2520.000
807.843	2494.000
807.858	2550.000
807.872	2546.000
807.887	2566.000
807.902	2570.000
807.917	2572.000
807.932	2624.000
807.947	2544.000
807.962	2466.000
807.976	2574.000
807.991	2432.000
808.006	2444.000
808.021	2358.000
808.036	2442.000
808.051	2442.000
808.065	2392.000
808.080	2460.000
808.095	2552.000
808.110	2454.000
808.125	2446.000
808.140	2380.000
808.154	2458.000
808.169	2546.000
808.184	2648.000
808.199	2398.000
808.214	2452.000
808.228	2340.000
808.243	2320.000
808.258	2378.000
808.273	2388.000
808.288	2332.000
808.303	2256.000
808.317	2406.000
808.332	2222.000
808.347	2480.000
808.362	2356.000
808.377	2308.000
808.391	2360.000
808.406	2352.000
808.421	2358.000
808.436	2468.000
808.451	2430.000
808.465	2426.000
808.480	2350.000
808.495	2384.000
808.510	2348.000
808.525	2322.000
808.540	2236.000
808.554	2352.000
808.569	2268.000
808.584	2300.000
808.599	2376.000
808.613	2342.000
808.628	2312.000
808.643	2324.000
808.658	2342.000
808.673	2360.000
808.687	2332.000
808.702	2340.000
808.717	2366.000
808.732	2394.000
808.747	2326.000
808.761	2198.000
808.776	2250.000
808.791	2294.000
808.806	2190.000
808.821	2300.000
808.835	2250.000
808.850	2256.000
808.865	2206.000
808.880	2288.000
808.894	2252.000
808.909	2250.000
808.924	2216.000
808.939	2240.000
808.953	2184.000
808.968	2336.000
808.983	2342.000
808.998	2224.000
809.013	2254.000
809.027	2322.000
809.042	2248.000
809.057	2176.000
809.072	2210.000
809.086	2214.000
809.101	2128.000
809.116	2142.000
809.131	2178.000
809.145	2262.000
809.160	2174.000
809.175	2160.000
809.190	2060.000
809.204	2158.000
809.219	2172.000
809.234	2218.000
809.249	2202.000
809.263	2284.000
809.278	2198.000
809.293	2220.000
809.308	2154.000
809.322	2192.000
809.337	2128.000
809.352	2142.000
809.367	2114.000
809.381	2154.000
809.396	2090.000
809.411	2190.000
809.426	2170.000
809.440	2086.000
809.455	2126.000
809.470	2092.000
809.485	2140.000
809.499	2262.000
809.514	2234.000
809.529	2276.000
809.544	2234.000
809.558	2138.000
809.573	2152.000
809.588	2144.000
809.602	2118.000
809.618	2152.000
809.633	2048.000
809.648	2066.000
809.664	2070.000
809.679	2000.000
809.694	2048.000
809.710	2060.000
809.725	2080.000
809.740	2084.000
809.756	2046.000
809.771	2094.000
809.786	2110.000
809.802	2122.000
809.817	2126.000
809.832	2226.000
809.847	2080.000
809.863	2118.000
809.878	2036.000
809.893	2016.000
809.909	2032.000
809.924	1912.000
809.939	1962.000
809.955	1996.000
809.970	2008.000
809.985	1964.000
810.000	1958.000
810.016	2034.000
810.031	1970.000
810.046	2036.000
810.062	2016.000
810.077	2040.000
810.092	2102.000
810.108	2048.000
810.123	2064.000
810.138	2152.000
810.153	1906.000
810.169	2012.000
810.184	1936.000
810.199	1910.000
810.215	1970.000
810.230	1932.000
810.245	1892.000
810.260	1998.000
810.276	1940.000
810.291	1946.000
810.306	1946.000
810.321	1938.000
810.337	1944.000
810.352	1912.000
810.367	1900.000
810.383	1934.000
810.398	1972.000
810.413	2038.000
810.428	1968.000
810.444	1896.000
810.459	1902.000
810.474	1896.000
810.489	1824.000
810.505	1876.000
810.520	1832.000
810.535	1926.000
810.550	1928.000
810.566	1926.000
810.581	1948.000
810.596	1910.000
810.612	1830.000
810.627	1856.000
810.642	1892.000
810.657	1894.000
810.673	1864.000
810.688	1938.000
810.703	1892.000
810.718	1958.000
810.734	1820.000
810.749	1832.000
810.764	1828.000
810.779	1768.000
810.795	1864.000
810.810	1862.000
810.825	1826.000
810.840	1792.000
810.856	1854.000
810.871	1840.000
810.886	1822.000
810.901	1870.000
810.916	1852.000
810.932	1888.000
810.947	1816.000
810.962	1870.000
810.977	1872.000
810.993	1790.000
811.008	1744.000
811.023	1722.000
811.038	1746.000
811.054	1740.000
811.069	1664.000
811.084	1674.000
811.099	1704.000
811.114	1764.000
811.130	1822.000
811.145	1800.000
811.160	1684.000
811.175	1722.000
811.191	1780.000
811.206	1738.000
811.221	1734.000
811.236	1734.000
811.251	1782.000
811.267	1728.000
811.282	1732.000
811.297	1716.000
811.312	1678.000
811.328	1736.000
811.343	1720.000
811.358	1718.000
811.373	1724.000
811.388	1818.000
811.404	1704.000
811.419	1648.000
811.434	1722.000
811.449	1678.000
811.464	1732.000
811.480	1766.000
811.495	1680.000
811.510	1722.000
811.525	1700.000
811.540	1714.000
811.556	1600.000
811.571	1678.000
811.586	1626.000
811.601	1620.000
811.616	1656.000
811.632	1644.000
811.647	1642.000
811.662	1650.000
811.677	1690.000
811.692	1632.000
811.708	1574.000
811.723	1700.000
811.738	1684.000
811.753	1678.000
811.768	1666.000
811.783	1684.000
811.799	1572.000
811.814	1660.000
811.829	1574.000
811.844	1664.000
811.859	1578.000
811.875	1578.000
811.890	1556.000
811.905	1622.000
811.920	1716.000
811.935	1646.000
811.950	1626.000
811.966	1632.000
811.981	1598.000
811.996	1594.000
812.011	1564.000
812.026	1612.000
812.041	1626.000
812.057	1608.000
812.072	1574.000
812.087	1586.000
812.102	1594.000
812.117	1582.000
812.132	1610.000
812.148	1574.000
812.163	1530.000
812.178	1660.000
812.193	1544.000
812.208	1598.000
812.223	1542.000
812.239	1644.000
812.254	1480.000
812.269	1658.000
812.284	1558.000
812.299	1606.000
812.314	1522.000
812.329	1652.000
812.345	1658.000
812.360	1564.000
812.375	1566.000
812.390	1558.000
812.405	1536.000
812.420	1502.000
812.435	1474.000
812.451	1514.000
812.466	1544.000
812.481	1532.000
812.496	1464.000
812.511	1550.000
812.526	1582.000
812.541	1534.000
812.557	1500.000
812.572	1524.000
812.587	1574.000
812.602	1502.000
812.617	1560.000
812.632	1520.000
812.647	1486.000
812.662	1556.000
812.678	1522.000
812.693	1544.000
812.708	1496.000
812.723	1500.000
812.738	1522.000
812.753	1424.000
812.768	1532.000
812.783	1566.000
812.799	1482.000
812.814	1450.000
812.829	1604.000
812.844	1584.000
812.859	1542.000
812.874	1568.000
812.889	1578.000
812.904	1598.000
812.919	1620.000
812.935	1612.000
812.950	1576.000
812.965	1538.000
812.980	1542.000
812.995	1580.000
813.010	1598.000
813.025	1662.000
813.040	1650.000
813.055	1716.000
813.071	1754.000
813.086	1784.000
813.101	1760.000
813.116	1838.000
813.131	1726.000
813.146	1728.000
813.161	1726.000
813.176	1670.000
813.191	1694.000
813.206	1656.000
813.222	1688.000
813.237	1672.000
813.252	1632.000
813.267	1548.000
813.282	1592.000
813.297	1526.000
813.312	1596.000
813.327	1622.000
813.342	1604.000
813.357	1506.000
813.372	1552.000
813.387	1540.000
813.403	1462.000
813.418	1544.000
813.433	1508.000
813.448	1452.000
813.463	1540.000
813.478	1482.000
813.493	1498.000
813.508	1450.000
813.523	1486.000
813.538	1512.000
813.553	1416.000
813.568	1504.000
813.583	1494.000
813.598	1452.000
813.614	1412.000
813.629	1352.000
813.644	1426.000
813.659	1442.000
813.674	1392.000
813.689	1422.000
813.704	1414.000
813.719	1434.000
813.734	1424.000
813.749	1424.000
813.764	1376.000
813.779	1472.000
813.794	1462.000
813.809	1406.000
813.824	1410.000
813.839	1394.000
813.854	1398.000
813.870	1364.000
813.885	1492.000
813.900	1434.000
813.915	1418.000
813.930	1452.000
813.945	1492.000
813.960	1458.000
813.975	1470.000
813.990	1490.000
814.005	1510.000
814.020	1484.000
814.035	1488.000
814.050	1546.000
814.065	1522.000
814.080	1532.000
814.095	1454.000
814.110	1550.000
814.125	1472.000
814.140	1568.000
814.155	1554.000
814.170	1552.000
814.185	1668.000
814.200	1664.000
814.215	1670.000
814.230	1748.000
814.245	1746.000
814.260	1814.000
814.275	1960.000
814.291	1910.000
814.306	2054.000
814.321	2174.000
814.336	2210.000
814.351	2254.000
814.366	2352.000
814.381	2404.000
814.396	2574.000
814.411	2630.000
814.426	2780.000
814.441	2866.000
814.456	2978.000
814.471	2942.000
814.486	3026.000
814.501	3012.000
814.516	3014.000
814.531	2930.000
814.546	2918.000
814.561	2882.000
814.576	2832.000
814.591	2738.000
814.606	2520.000
814.621	2496.000
814.636	2402.000
814.651	2262.000
814.666	2204.000
814.681	2074.000
814.696	2004.000
814.711	1950.000
814.726	1882.000
814.741	1852.000
814.756	1854.000
814.771	1752.000
814.786	1788.000
814.801	1682.000
814.816	1684.000
814.831	1596.000
814.846	1732.000
814.861	1600.000
814.876	1576.000
814.891	1568.000
814.906	1598.000
814.921	1512.000
814.936	1528.000
814.951	1450.000
814.966	1488.000
814.980	1374.000
814.995	1412.000
815.010	1488.000
815.025	1374.000
815.040	1408.000
815.055	1466.000
815.070	1386.000
815.085	1438.000
815.100	1420.000
815.115	1276.000
815.130	1372.000
815.145	1368.000
815.160	1342.000
815.175	1360.000
815.190	1354.000
815.205	1306.000
815.220	1248.000
815.235	1264.000
815.250	1246.000
815.265	1238.000
815.280	1324.000
815.295	1250.000
815.310	1238.000
815.325	1242.000
815.340	1240.000
815.355	1202.000
815.370	1226.000
815.384	1194.000
815.399	1194.000
815.414	1182.000
815.429	1198.000
815.444	1252.000
815.459	1190.000
815.474	1214.000
815.489	1108.000
815.504	1118.000
815.519	1144.000
815.534	1134.000
815.549	1096.000
815.564	1088.000
815.579	1120.000
815.594	1086.000
815.609	1094.000
815.624	1122.000
815.638	1146.000
815.653	1114.000
815.668	1126.000
815.683	1104.000
815.698	1110.000
815.713	1134.000
815.728	1100.000
815.743	1084.000
815.758	1108.000
815.773	1012.000
815.788	1060.000
815.803	1062.000
815.818	1026.000
815.833	1002.000
815.847	1020.000
815.862	1070.000
815.877	1038.000
815.892	1112.000
815.907	1034.000
815.922	1058.000
815.937	1084.000
815.952	994.000
815.967	1036.000
815.982	1070.000
815.997	1050.000
816.012	1028.000
816.026	998.000
816.041	1016.000
816.056	984.000
816.071	956.000
816.086	996.000
816.101	988.000
816.116	990.000
816.131	936.000
816.146	1020.000
816.161	1016.000
816.175	968.000
816.190	960.000
816.205	990.000
816.220	998.000
816.235	952.000
816.250	932.000
816.265	948.000
816.280	984.000
816.295	952.000
816.309	1006.000
816.324	950.000
816.339	972.000
816.354	878.000
816.369	950.000
816.384	948.000
816.399	962.000
816.414	924.000
816.429	896.000
816.443	946.000
816.458	930.000
816.473	912.000
816.488	930.000
816.503	972.000
816.518	978.000
816.533	984.000
816.548	952.000
816.562	906.000
816.577	918.000
816.592	926.000
816.607	868.000
816.622	906.000
816.637	904.000
816.652	874.000
816.667	960.000
816.681	950.000
816.696	900.000
816.711	908.000
816.726	932.000
816.741	898.000
816.756	900.000
816.771	876.000
816.785	920.000
816.800	902.000
816.815	918.000
816.830	922.000
816.845	934.000
816.860	886.000
816.875	864.000
816.889	920.000
816.904	922.000
816.919	886.000
816.934	862.000
816.949	876.000
816.964	826.000
816.978	862.000
816.993	934.000
817.008	886.000
817.023	904.000
817.038	862.000
817.053	890.000
817.068	820.000
817.082	870.000
817.097	888.000
817.112	860.000
817.127	862.000
817.142	874.000
817.157	838.000
817.171	854.000
817.186	828.000
817.201	844.000
817.216	834.000
817.231	786.000
817.246	798.000
817.260	848.000
817.275	838.000
817.290	858.000
817.305	850.000
817.320	852.000
817.334	770.000
817.349	888.000
817.364	854.000
817.379	810.000
817.394	850.000
817.409	860.000
817.423	906.000
817.438	824.000
817.453	806.000
817.468	812.000
817.483	816.000
817.497	856.000
817.512	802.000
817.527	820.000
817.542	822.000
817.557	818.000
817.571	858.000
817.586	752.000
817.601	844.000
817.616	800.000
817.631	802.000
817.645	766.000
817.660	800.000
817.675	836.000
817.690	864.000
817.705	786.000
817.719	826.000
817.734	792.000
817.749	776.000
817.764	774.000
817.779	798.000
817.793	798.000
817.808	762.000
817.823	786.000
817.838	802.000
817.853	794.000
817.867	768.000
817.882	742.000
817.897	804.000
817.912	794.000
817.926	788.000
817.941	820.000
817.956	796.000
817.971	738.000
817.986	804.000
818.000	766.000
818.015	810.000
818.030	782.000
818.045	742.000
818.059	752.000
818.074	762.000
818.089	728.000
818.104	718.000
818.119	738.000
818.133	768.000
818.148	746.000
818.163	782.000
818.178	720.000
818.192	738.000
818.207	742.000
818.222	762.000
818.237	728.000
818.251	726.000
818.266	744.000
818.281	700.000
818.296	766.000
818.310	748.000
818.325	726.000
818.340	708.000
818.355	704.000
818.369	714.000
818.384	748.000
818.399	730.000
818.414	706.000
818.428	690.000
818.443	740.000
818.458	718.000
818.473	762.000
818.487	700.000
818.502	762.000
818.517	714.000
818.532	740.000
818.546	692.000
818.561	768.000
818.576	744.000
818.591	712.000
818.605	668.000
818.620	714.000
818.635	688.000
818.649	740.000
818.664	694.000
818.679	712.000
818.694	734.000
818.708	706.000
818.723	690.000
818.738	742.000
818.753	684.000
818.767	676.000
818.782	678.000
818.797	742.000
818.811	728.000
818.826	718.000
818.841	696.000
818.856	684.000
818.870	664.000
818.885	690.000
818.900	706.000
818.914	714.000
818.929	706.000
818.944	736.000
818.959	728.000
818.973	670.000
818.988	650.000
819.003	674.000
819.017	718.000
819.032	716.000
819.047	698.000
819.062	678.000
819.076	678.000
819.091	730.000
819.106	724.000
819.120	676.000
819.135	664.000
819.150	670.000
819.164	636.000
819.179	694.000
819.194	678.000
819.209	646.000
819.223	706.000
819.238	644.000
819.253	698.000
819.267	658.000
819.282	632.000
819.297	708.000
819.311	656.000
819.326	686.000
819.341	646.000
819.355	708.000
819.370	674.000
819.385	652.000
819.399	668.000
819.414	680.000
819.429	698.000
819.444	666.000
819.458	670.000
819.473	632.000
819.488	636.000
819.502	600.000
819.517	632.000
819.532	638.000
819.546	644.000
819.561	648.000
819.576	678.000
819.590	628.000
819.605	652.000
819.620	676.000
819.634	646.000
819.649	636.000
819.664	718.000
819.678	668.000
819.693	668.000
819.708	634.000
819.722	618.000
819.737	664.000
819.752	636.000
819.766	666.000
819.781	618.000
819.795	618.000
819.810	648.000
819.825	688.000
819.839	622.000
819.854	672.000
819.869	662.000
819.883	644.000
819.898	634.000
819.913	672.000
819.927	628.000
819.942	686.000
819.957	630.000
819.971	614.000
819.986	640.000
820.001	660.000
820.015	612.000
820.030	664.000
820.044	650.000
820.059	620.000
820.074	656.000
820.088	608.000
820.103	636.000
820.118	632.000
820.132	680.000
820.147	640.000
820.161	656.000
820.176	626.000
820.191	648.000
820.205	644.000
820.220	630.000
820.235	654.000
820.249	648.000
820.264	572.000
820.278	606.000
820.293	664.000
820.308	606.000
820.322	562.000
820.337	618.000
820.352	606.000
820.366	634.000
820.381	596.000
820.395	634.000
820.410	642.000
820.425	636.000
820.439	606.000
820.454	640.000
820.468	636.000
820.483	634.000
820.498	640.000
820.512	646.000
820.527	602.000
820.541	606.000
820.556	596.000
820.571	552.000
820.585	566.000
820.600	576.000
820.614	574.000
820.629	582.000
820.644	570.000
820.658	620.000
820.673	548.000
820.687	588.000
820.702	592.000
820.717	592.000
820.731	606.000
820.746	610.000
820.760	618.000
820.775	656.000
820.790	634.000
820.804	600.000
820.819	626.000
820.833	574.000
820.848	600.000
820.862	586.000
820.877	598.000
820.892	582.000
820.906	590.000
820.921	622.000
820.935	510.000
820.950	560.000
820.964	592.000
820.979	552.000
820.994	600.000
821.008	580.000
821.023	646.000
821.037	578.000
821.052	568.000
821.066	604.000
821.081	626.000
821.096	630.000
821.110	592.000
821.125	564.000
821.139	584.000
821.154	588.000
821.168	578.000
821.183	612.000
821.197	500.000
821.212	546.000
821.227	572.000
821.241	576.000
821.256	534.000
821.270	550.000
821.285	502.000
821.299	562.000
821.314	584.000
821.328	562.000
821.343	576.000
821.357	578.000
821.372	558.000
821.387	558.000
821.401	578.000
821.416	584.000
821.430	574.000
821.445	540.000
821.459	576.000
821.474	542.000
821.488	534.000
821.503	556.000
821.517	540.000
821.532	562.000
821.546	538.000
821.561	550.000
821.576	548.000
821.590	554.000
821.605	580.000
821.619	568.000
821.634	576.000
821.648	544.000
821.663	548.000
821.677	582.000
821.692	548.000
821.706	552.000
821.721	562.000
821.735	506.000
821.750	550.000
821.764	516.000
821.779	520.000
821.793	554.000
821.808	518.000
821.822	560.000
821.837	554.000
821.851	526.000
821.866	516.000
821.880	580.000
821.895	558.000
821.909	562.000
821.924	534.000
821.938	550.000
821.953	552.000
821.967	556.000
821.982	578.000
821.996	598.000
822.011	500.000
822.025	558.000
822.040	524.000
822.054	576.000
822.069	558.000
822.083	508.000
822.098	526.000
822.112	554.000
822.127	518.000
822.141	486.000
822.156	516.000
822.170	532.000
822.185	514.000
822.199	500.000
822.214	532.000
822.228	516.000
822.243	496.000
822.257	534.000
822.272	528.000
822.286	546.000
822.301	534.000
822.315	528.000
822.330	500.000
822.344	468.000
822.359	516.000
822.373	514.000
822.388	490.000
822.402	530.000
822.416	494.000
822.431	536.000
822.445	498.000
822.460	458.000
822.474	504.000
822.489	516.000
822.503	524.000
822.518	498.000
822.532	500.000
822.547	480.000
822.561	520.000
822.576	524.000
822.590	490.000
822.605	510.000
822.619	460.000
822.633	502.000
822.648	496.000
822.662	468.000
822.677	498.000
822.691	478.000
822.706	502.000
822.720	492.000
822.735	514.000
822.749	490.000
822.763	526.000
822.778	510.000
822.792	538.000
822.807	510.000
822.821	504.000
822.836	522.000
822.850	476.000
822.865	464.000
822.879	516.000
822.893	494.000
822.908	520.000
822.922	512.000
822.937	510.000
822.951	506.000
822.966	500.000
822.980	494.000
822.994	520.000
823.009	490.000
823.023	498.000
823.038	470.000
823.052	510.000
823.067	464.000
823.081	494.000
823.095	464.000
823.110	480.000
823.124	490.000
823.139	474.000
823.153	508.000
823.168	510.000
823.182	462.000
823.196	516.000
823.211	494.000
823.225	486.000
823.240	510.000
823.254	486.000
823.268	504.000
823.283	488.000
823.297	476.000
823.312	496.000
823.326	532.000
823.340	490.000
823.355	510.000
823.369	510.000
823.384	502.000
823.398	488.000
823.412	452.000
823.427	456.000
823.441	466.000
823.456	468.000
823.470	456.000
823.484	514.000
823.499	464.000
823.513	432.000
823.528	468.000
823.542	448.000
823.556	476.000
823.571	458.000
823.585	498.000
823.600	472.000
823.614	488.000
823.628	450.000
823.643	440.000
823.657	466.000
823.671	486.000
823.686	500.000
823.700	490.000
823.715	484.000
823.729	446.000
823.743	426.000
823.758	474.000
823.772	488.000
823.786	520.000
823.801	490.000
823.815	490.000
823.830	466.000
823.844	432.000
823.858	460.000
823.873	440.000
823.887	500.000
823.901	460.000
823.916	444.000
823.930	442.000
823.945	478.000
823.959	452.000
823.973	520.000
823.988	470.000
824.002	494.000
824.016	468.000
824.031	462.000
824.045	468.000
824.059	424.000
824.074	488.000
824.088	476.000
824.102	488.000
824.117	480.000
824.131	488.000
824.145	456.000
824.160	464.000
824.174	476.000
824.188	464.000
824.203	472.000
824.217	498.000
824.232	476.000
824.246	484.000
824.260	466.000
824.275	466.000
824.289	480.000
824.303	458.000
824.318	474.000
824.332	456.000
824.346	472.000
824.361	418.000
824.375	424.000
824.389	490.000
824.404	440.000
824.418	432.000
824.432	472.000
824.446	492.000
824.461	476.000
824.475	470.000
824.489	460.000
824.504	514.000
824.518	516.000
824.532	466.000
824.547	434.000
824.561	502.000
824.575	476.000
824.590	440.000
824.604	478.000
824.618	444.000
824.633	424.000
824.647	456.000
824.661	436.000
824.676	448.000
824.690	496.000
824.704	470.000
824.718	480.000
824.733	440.000
824.747	446.000
824.761	434.000
824.776	444.000
824.791	438.000
824.806	472.000
824.821	504.000
824.836	400.000
824.851	454.000
824.866	526.000
824.880	462.000
824.895	458.000
824.910	470.000
824.925	454.000
824.940	494.000
824.955	468.000
824.970	474.000
824.985	434.000
825.000	454.000
825.014	482.000
825.029	454.000
825.044	450.000
825.059	454.000
825.074	456.000
825.089	484.000
825.104	462.000
825.119	446.000
825.134	476.000
825.148	458.000
825.163	442.000
825.178	466.000
825.193	470.000
825.208	426.000
825.223	460.000
825.238	486.000
825.253	472.000
825.267	446.000
825.282	470.000
825.297	448.000
825.312	440.000
825.327	442.000
825.342	480.000
825.357	452.000
825.372	438.000
825.386	462.000
825.401	458.000
825.416	450.000
825.431	428.000
825.446	466.000
825.461	406.000
825.476	498.000
825.490	464.000
825.505	476.000
825.520	410.000
825.535	426.000
825.550	454.000
825.565	434.000
825.580	444.000
825.594	460.000
825.609	442.000
825.624	502.000
825.639	458.000
825.654	420.000
825.669	436.000
825.683	446.000
825.698	448.000
825.713	422.000
825.728	474.000
825.743	440.000
825.758	422.000
825.773	436.000
825.787	400.000
825.802	444.000
825.817	442.000
825.832	438.000
825.847	480.000
825.862	444.000
825.876	414.000
825.891	406.000
825.906	442.000
825.921	428.000
825.936	426.000
825.951	412.000
825.965	470.000
825.980	424.000
825.995	446.000
826.010	400.000
826.025	434.000
826.039	408.000
826.054	440.000
826.069	454.000
826.084	424.000
826.099	448.000
826.114	406.000
826.128	438.000
826.143	436.000
826.158	458.000
826.173	450.000
826.188	428.000
826.202	462.000
826.217	478.000
826.232	434.000
826.247	452.000
826.262	404.000
826.276	454.000
826.291	462.000
826.306	430.000
826.321	426.000
826.336	436.000
826.351	424.000
826.365	414.000
826.380	454.000
826.395	420.000
826.410	400.000
826.425	412.000
826.439	394.000
826.454	424.000
826.469	408.000
826.484	410.000
826.498	450.000
826.513	464.000
826.528	442.000
826.543	380.000
826.558	388.000
826.572	414.000
826.587	436.000
826.602	402.000
826.617	434.000
826.632	402.000
826.646	402.000
826.661	402.000
826.676	420.000
826.691	400.000
826.705	382.000
826.720	420.000
826.735	400.000
826.750	418.000
826.765	410.000
826.779	418.000
826.794	426.000
826.809	432.000
826.824	406.000
826.838	414.000
826.853	416.000
826.868	386.000
826.883	442.000
826.897	392.000
826.912	428.000
826.927	388.000
826.942	388.000
826.957	408.000
826.971	414.000
826.986	410.000
827.001	412.000
827.016	410.000
827.030	426.000
827.045	390.000
827.060	374.000
827.075	388.000
827.089	382.000
827.104	382.000
827.119	414.000
827.134	416.000
827.148	396.000
827.163	412.000
827.178	396.000
827.193	420.000
827.207	374.000
827.222	392.000
827.237	386.000
827.252	398.000
827.266	398.000
827.281	418.000
827.296	398.000
827.311	418.000
827.325	364.000
827.340	414.000
827.355	390.000
827.369	404.000
827.384	390.000
827.399	414.000
827.414	372.000
827.428	428.000
827.443	406.000
827.458	384.000
827.473	408.000
827.487	414.000
827.502	410.000
827.517	392.000
827.531	352.000
827.546	400.000
827.561	380.000
827.576	412.000
827.590	404.000
827.605	374.000
827.620	410.000
827.634	396.000
827.649	402.000
827.664	424.000
827.679	366.000
827.693	392.000
827.708	448.000
827.723	410.000
827.737	412.000
827.752	426.000
827.767	398.000
827.782	442.000
827.796	388.000
827.811	414.000
827.826	462.000
827.840	440.000
827.855	410.000
827.870	390.000
827.885	396.000
827.899	380.000
827.914	396.000
827.929	392.000
827.943	388.000
827.958	390.000
827.973	430.000
827.987	380.000
828.002	412.000
828.017	388.000
828.031	400.000
828.046	424.000
828.061	420.000
828.076	420.000
828.090	392.000
828.105	382.000
828.120	410.000
828.134	400.000
828.149	390.000
828.164	388.000
828.178	394.000
828.193	372.000
828.208	366.000
828.222	394.000
828.237	450.000
828.252	394.000
828.266	392.000
828.281	376.000
828.296	408.000
828.310	376.000
828.325	370.000
828.340	396.000
828.354	372.000
828.369	384.000
828.384	388.000
828.398	430.000
828.413	366.000
828.428	440.000
828.442	372.000
828.457	404.000
828.472	382.000
828.486	400.000
828.501	384.000
828.516	394.000
828.530	404.000
828.545	412.000
828.560	404.000
828.574	406.000
828.589	392.000
828.604	380.000
828.618	348.000
828.633	396.000
828.648	378.000
828.662	364.000
828.677	406.000
828.691	340.000
828.706	376.000
828.721	392.000
828.735	368.000
828.750	354.000
828.765	402.000
828.779	356.000
828.794	350.000
828.809	356.000
828.823	340.000
828.838	374.000
828.853	400.000
828.867	354.000
828.882	390.000
828.896	362.000
828.911	392.000
828.926	386.000
828.940	408.000
828.955	450.000
828.970	360.000
828.984	346.000
828.999	368.000
829.013	396.000
829.028	356.000
829.043	380.000
829.057	378.000
829.072	412.000
829.087	356.000
829.101	406.000
829.116	386.000
829.130	384.000
829.145	336.000
829.160	414.000
829.174	370.000
829.189	384.000
829.203	388.000
829.218	370.000
829.233	392.000
829.247	370.000
829.262	396.000
829.276	400.000
829.291	350.000
829.306	374.000
829.320	362.000
829.335	362.000
829.349	360.000
829.364	352.000
829.379	338.000
829.393	356.000
829.408	332.000
829.422	354.000
829.437	356.000
829.452	336.000
829.466	336.000
829.481	386.000
829.495	376.000
829.510	380.000
829.525	370.000
829.539	368.000
829.554	356.000
829.568	350.000
829.583	336.000
829.598	376.000
829.612	326.000
829.627	398.000
829.641	370.000
829.656	372.000
829.670	372.000
829.685	386.000
829.700	368.000
829.714	344.000
829.729	402.000
829.743	394.000
829.758	368.000
829.772	384.000
829.787	400.000
829.802	376.000
829.816	344.000
829.831	344.000
829.845	354.000
829.860	326.000
829.874	352.000
829.889	352.000
829.904	342.000
829.918	390.000
829.933	356.000
829.947	384.000
829.962	360.000
829.976	344.000
829.991	336.000
830.005	306.000
830.020	336.000
830.035	352.000
830.049	332.000
830.064	346.000
830.078	342.000
830.093	348.000
830.107	356.000
830.122	342.000
830.136	360.000
830.151	362.000
830.166	410.000
830.180	342.000
830.195	380.000
830.209	350.000
830.224	364.000
830.238	352.000
830.253	364.000
830.267	354.000
830.282	358.000
830.296	346.000
830.311	372.000
830.325	364.000
830.340	320.000
830.355	358.000
830.369	308.000
830.384	378.000
830.398	354.000
830.413	348.000
830.427	330.000
830.442	328.000
830.456	350.000
830.471	340.000
830.485	352.000
830.500	336.000
830.514	382.000
830.529	352.000
830.543	360.000
830.558	312.000
830.572	326.000
830.587	336.000
830.601	310.000
830.616	332.000
830.630	340.000
830.645	348.000
830.659	324.000
830.674	330.000
830.688	338.000
830.703	320.000
830.718	322.000
830.732	314.000
830.747	340.000
830.761	336.000
830.776	300.000
830.790	344.000
830.805	322.000
830.819	324.000
830.834	326.000
830.848	322.000
830.863	318.000
830.877	330.000
830.892	334.000
830.906	292.000
830.921	378.000
830.935	354.000
830.949	326.000
830.964	322.000
830.978	346.000
830.993	342.000
831.007	332.000
831.022	304.000
831.036	318.000
831.051	264.000
831.065	360.000
831.080	310.000
831.094	322.000
831.109	320.000
831.123	292.000
831.138	322.000
831.152	294.000
831.167	326.000
831.181	310.000
831.196	306.000
831.210	354.000
831.225	334.000
831.239	324.000
831.254	322.000
831.268	320.000
831.283	344.000
831.297	326.000
831.311	294.000
831.326	318.000
831.340	324.000
831.355	338.000
831.369	292.000
831.384	302.000
831.398	286.000
831.413	300.000
831.427	334.000
831.442	304.000
831.456	308.000
831.471	306.000
831.485	326.000
831.499	308.000
831.514	320.000
831.528	280.000
831.543	304.000
831.557	312.000
831.572	310.000
831.586	294.000
831.601	318.000
831.615	310.000
831.629	302.000
831.644	304.000
831.658	310.000
831.673	306.000
831.687	324.000
831.702	312.000
831.716	340.000
831.731	320.000
831.745	300.000
831.759	324.000
831.774	286.000
831.788	298.000
831.803	334.000
831.817	288.000
831.832	300.000
831.846	334.000
831.860	292.000
831.875	320.000
831.889	310.000
831.904	294.000
831.918	290.000
831.933	288.000
831.947	300.000
831.961	304.000
831.976	290.000
831.990	298.000
832.005	328.000
832.019	314.000
832.033	276.000
832.048	296.000
832.062	290.000
832.077	290.000
832.091	282.000
832.106	308.000
832.120	308.000
832.134	284.000
832.149	284.000
832.163	286.000
832.178	290.000
832.192	286.000
832.206	294.000
832.221	282.000
832.235	300.000
832.250	318.000
832.264	270.000
832.278	264.000
832.293	272.000
832.307	268.000
832.322	292.000
832.336	342.000
832.350	316.000
832.365	298.000
832.379	298.000
832.394	296.000
832.408	292.000
832.422	314.000
832.437	318.000
832.451	290.000
832.465	302.000
832.480	300.000
832.494	266.000
832.509	294.000
832.523	268.000
832.537	284.000
832.552	296.000
832.566	276.000
832.581	280.000
832.595	326.000
832.609	284.000
832.624	282.000
832.638	254.000
832.652	270.000
832.667	262.000
832.681	268.000
832.696	284.000
832.710	306.000
832.724	310.000
832.739	296.000
832.753	244.000
832.767	250.000
832.782	278.000
832.796	282.000
832.810	264.000
832.825	250.000
832.839	290.000
832.853	276.000
832.868	278.000
832.882	276.000
832.897	266.000
832.911	272.000
832.925	304.000
832.940	268.000
832.954	290.000
832.968	302.000
832.983	284.000
832.997	286.000
833.011	286.000
833.026	282.000
833.040	334.000
833.054	272.000
833.069	266.000
833.083	280.000
833.097	306.000
833.112	276.000
833.126	286.000
833.140	288.000
833.155	290.000
833.169	262.000
833.183	282.000
833.198	262.000
833.212	288.000
833.226	284.000
833.241	322.000
833.255	268.000
833.269	232.000
833.284	268.000
833.298	260.000
833.312	272.000
833.327	256.000
833.341	284.000
833.355	288.000
833.370	256.000
833.384	288.000
833.398	268.000
833.413	246.000
833.427	266.000
833.441	284.000
833.456	266.000
833.470	274.000
833.484	252.000
833.499	292.000
833.513	270.000
833.527	304.000
833.542	284.000
833.556	292.000
833.570	264.000
833.584	282.000
833.599	274.000
833.613	268.000
833.627	246.000
833.642	270.000
833.656	292.000
833.670	274.000
833.685	266.000
833.699	254.000
833.713	268.000
833.727	264.000
833.742	338.000
833.756	244.000
833.770	260.000
833.785	280.000
833.799	264.000
833.813	266.000
833.827	286.000
833.842	292.000
833.856	262.000
833.870	256.000
833.885	258.000
833.899	272.000
833.913	288.000
833.927	260.000
833.942	276.000
833.956	292.000
833.970	270.000
833.985	260.000
833.999	250.000
834.013	294.000
834.027	266.000
834.042	262.000
834.056	268.000
834.070	278.000
834.085	222.000
834.099	234.000
834.113	242.000
834.127	242.000
834.142	236.000
834.156	266.000
834.170	250.000
834.184	286.000
834.199	252.000
834.213	250.000
834.227	270.000
834.241	260.000
834.256	256.000
834.270	284.000
834.284	260.000
834.298	274.000
834.313	266.000
834.327	244.000
834.341	208.000
834.355	272.000
834.370	278.000
834.384	250.000
834.398	236.000
834.412	228.000
834.427	288.000
834.441	250.000
834.455	262.000
834.469	268.000
834.484	282.000
834.498	252.000
834.512	240.000
834.526	242.000
834.541	220.000
834.555	240.000
834.569	262.000
834.583	272.000
834.598	260.000
834.612	260.000
834.626	242.000
834.640	262.000
834.655	252.000
834.669	284.000
834.683	280.000
834.697	268.000
834.711	256.000
834.726	232.000
834.740	266.000
834.754	244.000
834.768	226.000
834.783	254.000
834.797	282.000
834.811	274.000
834.825	292.000
834.839	266.000
834.854	260.000
834.868	222.000
834.882	266.000
834.896	230.000
834.910	244.000
834.925	230.000
834.939	272.000
834.953	236.000
834.967	234.000
834.982	254.000
834.996	252.000
835.010	276.000
835.024	250.000
835.038	244.000
835.053	224.000
835.067	232.000
835.081	242.000
835.095	266.000
835.109	268.000
835.124	252.000
835.138	244.000
835.152	266.000
835.166	246.000
835.180	274.000
835.195	240.000
835.209	220.000
835.223	246.000
835.237	244.000
835.251	258.000
835.265	256.000
835.280	248.000
835.294	234.000
835.308	244.000
835.322	232.000
835.336	234.000
835.351	254.000
835.365	242.000
835.379	238.000
835.393	258.000
835.407	258.000
835.421	242.000
835.436	258.000
835.450	264.000
835.464	264.000
835.478	252.000
835.492	262.000
835.506	232.000
835.521	210.000
835.535	242.000
835.549	264.000
835.563	240.000
835.577	230.000
835.591	260.000
835.606	252.000
835.620	238.000
835.634	236.000
835.648	248.000
835.662	246.000
835.676	258.000
835.691	264.000
835.705	258.000
835.719	250.000
835.733	266.000
835.747	270.000
835.761	240.000
835.775	272.000
835.790	240.000
835.804	246.000
835.818	266.000
835.832	236.000
835.846	246.000
835.860	258.000
835.874	250.000
835.889	244.000
835.903	228.000
835.917	252.000
835.931	234.000
835.945	242.000
835.959	240.000
835.973	248.000
835.988	248.000
836.002	232.000
836.016	238.000
836.030	238.000
836.044	250.000
836.058	244.000
836.072	248.000
836.086	224.000
836.101	238.000
836.115	232.000
836.129	246.000
836.143	234.000
836.157	256.000
836.171	236.000
836.185	244.000
836.199	248.000
836.214	260.000
836.228	252.000
836.242	226.000
836.256	192.000
836.270	250.000
836.284	254.000
836.298	236.000
836.312	242.000
836.326	218.000
836.341	266.000
836.355	244.000
836.369	216.000
836.383	258.000
836.397	266.000
836.411	230.000
836.425	232.000
836.439	234.000
836.453	258.000
836.468	242.000
836.482	276.000
836.496	254.000
836.510	236.000
836.524	236.000
836.538	254.000
836.552	274.000
836.566	244.000
836.580	216.000
836.594	208.000
836.608	222.000
836.623	234.000
836.637	208.000
836.651	216.000
836.665	220.000
836.679	242.000
836.693	254.000
836.707	258.000
836.721	230.000
836.735	226.000
836.749	218.000
836.763	244.000
836.777	248.000
836.792	240.000
836.806	222.000
836.820	222.000
836.834	220.000
836.848	226.000
836.862	236.000
836.876	264.000
836.890	224.000
836.904	246.000
836.918	240.000
836.932	234.000
836.946	244.000
836.960	200.000
836.974	222.000
836.988	228.000
837.003	250.000
837.017	228.000
837.031	266.000
837.045	210.000
837.059	216.000
837.073	236.000
837.087	246.000
837.101	234.000
837.115	232.000
837.129	216.000
837.143	228.000
837.157	222.000
837.171	232.000
837.185	248.000
837.199	216.000
837.213	244.000
837.227	218.000
837.241	260.000
837.255	260.000
837.269	218.000
837.283	202.000
837.298	198.000
837.312	232.000
837.326	202.000
837.340	216.000
837.354	236.000
837.368	250.000
837.382	230.000
837.396	220.000
837.410	236.000
837.424	222.000
837.438	212.000
837.452	236.000
837.466	228.000
837.480	262.000
837.494	230.000
837.508	218.000
837.522	202.000
837.536	240.000
837.550	248.000
837.564	220.000
837.578	214.000
837.592	234.000
837.606	228.000
837.620	230.000
837.634	216.000
837.648	220.000
837.662	202.000
837.676	230.000
837.690	224.000
837.704	236.000
837.718	220.000
837.732	212.000
837.746	204.000
837.760	214.000
837.774	216.000
837.788	216.000
837.802	210.000
837.816	222.000
837.830	214.000
837.844	200.000
837.858	236.000
837.872	206.000
837.886	228.000
837.900	214.000
837.914	230.000
837.928	216.000
837.942	208.000
837.956	214.000
837.970	214.000
837.984	246.000
837.998	206.000
838.012	222.000
838.026	222.000
838.040	240.000
838.054	242.000
838.068	230.000
838.082	242.000
838.096	220.000
838.110	226.000
838.124	238.000
838.138	204.000
838.152	212.000
838.166	196.000
838.180	246.000
838.194	228.000
838.208	214.000
838.222	202.000
838.236	244.000
838.250	198.000
838.264	236.000
838.278	212.000
838.292	240.000
838.306	236.000
838.319	234.000
838.333	212.000
838.347	210.000
838.361	214.000
838.375	220.000
838.389	214.000
838.403	218.000
838.417	250.000
838.431	252.000
838.445	210.000
838.459	194.000
838.473	246.000
838.487	246.000
838.501	196.000
838.515	204.000
838.529	236.000
838.543	222.000
838.557	218.000
838.571	236.000
838.585	218.000
838.599	220.000
838.612	232.000
838.626	214.000
838.640	198.000
838.654	230.000
838.668	234.000
838.682	224.000
838.696	212.000
838.710	190.000
838.724	210.000
838.738	224.000
838.752	206.000
838.766	214.000
838.780	198.000
838.794	218.000
838.808	218.000
838.821	212.000
838.835	190.000
838.849	206.000
838.863	228.000
838.877	234.000
838.891	198.000
838.905	202.000
838.919	214.000
838.933	192.000
838.947	186.000
838.961	232.000
838.975	210.000
838.988	214.000
839.002	208.000
839.016	214.000
839.030	208.000
839.044	198.000
839.058	216.000
839.072	208.000
839.086	216.000
839.100	216.000
839.114	202.000
839.128	214.000
839.141	208.000
839.155	210.000
839.169	236.000
839.183	214.000
839.197	238.000
839.211	204.000
839.225	220.000
839.239	192.000
839.253	224.000
839.266	194.000
839.280	224.000
839.294	204.000
839.308	218.000
839.322	236.000
839.336	220.000
839.350	276.000
839.364	204.000
839.378	206.000
839.391	194.000
839.405	218.000
839.419	230.000
839.433	246.000
839.447	208.000
839.461	186.000
839.475	200.000
839.489	232.000
839.502	196.000
