794.000	30406.000
794.016	29858.000
794.031	29306.000
794.047	28266.000
794.063	27042.000
794.079	26116.000
794.094	25400.000
794.110	25272.000
794.126	25076.000
794.142	25048.000
794.157	25188.000
794.173	25002.000
794.189	25398.000
794.204	25992.000
794.220	26660.000
794.236	27842.000
794.252	28334.000
794.267	28700.000
794.283	28570.000
794.299	27514.000
794.314	26668.000
794.330	25672.000
794.346	25184.000
794.362	24578.000
794.377	24182.000
794.393	24122.000
794.409	24134.000
794.424	24204.000
794.440	24396.000
794.456	24466.000
794.472	25250.000
794.487	26342.000
794.503	27232.000
794.519	27504.000
794.534	27702.000
794.550	27282.000
794.566	26256.000
794.581	24952.000
794.597	24370.000
794.613	23622.000
794.629	23364.000
794.644	22858.000
794.660	22896.000
794.676	22976.000
794.691	23124.000
794.707	23690.000
794.723	23918.000
794.738	24866.000
794.754	25772.000
794.770	26384.000
794.785	26406.000
794.801	26338.000
794.817	25564.000
794.832	24650.000
794.848	23884.000
794.864	22938.000
794.880	22378.000
794.895	21886.000
794.911	22198.000
794.927	22038.000
794.942	22188.000
794.958	22222.000
794.974	22724.000
794.989	23276.000
795.005	24006.000
795.021	24642.000
795.036	25212.000
795.052	25362.000
795.068	24944.000
795.083	24378.000
795.099	23452.000
795.115	22614.000
795.130	21894.000
795.146	21628.000
795.162	21508.000
795.177	21442.000
795.193	21416.000
795.209	21536.000
795.224	21662.000
795.240	22000.000
795.256	22310.000
795.271	23156.000
795.287	23204.000
795.303	23654.000
795.318	23654.000
795.334	22992.000
795.350	22978.000
795.365	22204.000
795.381	21544.000
795.396	21190.000
795.412	20654.000
795.428	20700.000
795.443	20902.000
795.459	20824.000
795.475	20614.000
795.490	20918.000
795.506	20820.000
795.522	21386.000
795.537	22394.000
795.553	22192.000
795.569	22600.000
795.584	22620.000
795.600	22398.000
795.615	21834.000
795.631	21290.000
795.647	20610.000
795.662	20212.000
795.678	19960.000
795.694	20034.000
795.709	19694.000
795.725	19936.000
795.741	19790.000
795.756	19924.000
795.772	20232.000
795.787	20572.000
795.803	21088.000
795.819	21796.000
795.834	21928.000
795.850	21624.000
795.866	21888.000
795.881	20960.000
795.897	20626.000
795.912	19904.000
795.928	19518.000
795.944	19460.000
795.959	19114.000
795.975	18878.000
795.990	18934.000
796.006	19048.000
796.022	19148.000
796.037	19440.000
796.053	19882.000
796.068	20326.000
796.084	20726.000
796.100	20894.000
796.115	21134.000
796.131	20742.000
796.147	20178.000
796.162	19334.000
796.178	18994.000
796.193	18634.000
796.209	18556.000
796.225	18322.000
796.240	18348.000
796.256	18114.000
796.271	18284.000
796.287	18452.000
796.303	18944.000
796.318	19230.000
796.334	19800.000
796.349	20294.000
796.365	20046.000
796.380	19990.000
796.396	19756.000
796.412	19160.000
796.427	18202.000
796.443	18044.000
796.458	17798.000
796.474	17718.000
796.490	17344.000
796.505	17532.000
796.521	17624.000
796.536	17784.000
796.552	18374.000
796.567	18220.000
796.583	18516.000
796.599	18942.000
796.614	19238.000
796.630	19704.000
796.645	19386.000
796.661	18544.000
796.676	18342.000
796.692	17550.000
796.708	17350.000
796.723	17014.000
796.739	16682.000
796.754	16708.000
796.770	16900.000
796.785	17012.000
796.801	17150.000
796.817	17294.000
796.832	17764.000
796.848	17880.000
796.863	18284.000
796.879	18456.000
796.894	18184.000
796.910	18120.000
796.925	18108.000
796.941	17402.000
796.957	16918.000
796.972	16776.000
796.988	16416.000
797.003	16210.000
797.019	16292.000
797.034	16360.000
797.050	16586.000
797.065	16482.000
797.081	16632.000
797.097	16522.000
797.112	17076.000
797.128	17174.000
797.143	17412.000
797.159	17330.000
797.174	17342.000
797.190	17084.000
797.205	16762.000
797.221	16604.000
797.236	16150.000
797.252	15832.000
797.267	15722.000
797.283	15758.000
797.299	15868.000
797.314	15582.000
797.330	15784.000
797.345	15752.000
797.361	16082.000
797.376	16048.000
797.392	16604.000
797.407	16840.000
797.423	16764.000
797.438	16920.000
797.454	16322.000
797.469	15768.000
797.485	15656.000
797.500	15274.000
797.516	15262.000
797.531	15236.000
797.547	14998.000
797.562	15192.000
797.578	14920.000
797.594	14998.000
797.609	15446.000
797.625	15186.000
797.640	15478.000
797.656	15924.000
797.671	16252.000
797.687	16280.000
797.702	15952.000
797.718	15736.000
797.733	15546.000
797.749	15250.000
797.764	14584.000
797.780	14724.000
797.795	14600.000
797.811	14300.000
797.826	14252.000
797.842	14420.000
797.857	14396.000
797.873	14624.000
797.888	14644.000
797.904	14706.000
797.919	15082.000
797.935	15328.000
797.950	15468.000
797.966	15522.000
797.981	15246.000
797.997	14770.000
798.012	14592.000
798.028	14226.000
798.043	13914.000
798.059	13714.000
798.074	13776.000
798.089	13774.000
798.105	13806.000
798.120	13816.000
798.136	13902.000
798.151	14130.000
798.167	13900.000
798.182	14344.000
798.198	14420.000
798.213	14476.000
798.229	14520.000
798.244	14382.000
798.260	14258.000
798.275	13806.000
798.291	13588.000
798.306	13244.000
798.322	13188.000
798.337	13248.000
798.353	13442.000
798.368	13294.000
798.383	13430.000
798.399	13404.000
798.414	13504.000
798.430	13622.000
798.445	13798.000
798.461	13902.000
798.476	13890.000
798.492	14128.000
798.507	13732.000
798.523	13488.000
798.538	13012.000
798.554	13044.000
798.569	12802.000
798.584	12718.000
798.600	12576.000
798.615	12494.000
798.631	12712.000
798.646	12602.000
798.662	12740.000
798.677	12814.000
798.693	12864.000
798.708	12952.000
798.724	13172.000
798.739	13094.000
798.754	13238.000
798.770	13240.000
798.785	13182.000
798.801	12900.000
798.816	12652.000
798.832	12312.000
798.847	12158.000
798.862	12142.000
798.878	12080.000
798.893	11928.000
798.909	12156.000
798.924	12136.000
798.940	12150.000
798.955	12350.000
798.970	12390.000
798.986	12814.000
799.001	12596.000
799.017	12496.000
799.032	12518.000
799.048	12590.000
799.063	12370.000
799.078	11956.000
799.094	11700.000
799.109	11650.000
799.125	11702.000
799.140	11422.000
799.156	11702.000
799.171	11498.000
799.186	11638.000
799.202	11800.000
799.217	11684.000
799.233	11558.000
799.248	11970.000
799.263	11894.000
799.279	11968.000
799.294	11878.000
799.310	12020.000
799.325	11532.000
799.341	11366.000
799.356	11306.000
799.371	11112.000
799.387	11092.000
799.402	11098.000
799.418	11190.000
799.433	10968.000
799.448	10972.000
799.464	11028.000
799.479	11180.000
799.495	11132.000
799.510	11406.000
799.525	11408.000
799.541	11508.000
799.556	11398.000
799.571	11452.000
799.587	11134.000
799.602	10956.000
799.618	10782.000
799.633	10554.000
799.648	10536.000
799.664	10446.000
799.679	10388.000
799.695	10468.000
799.710	10586.000
799.725	10670.000
799.741	10578.000
799.756	10624.000
799.771	10770.000
799.787	10778.000
799.802	10924.000
799.818	10928.000
799.833	10854.000
799.848	10770.000
799.864	10542.000
799.879	10338.000
799.894	10184.000
799.910	10018.000
799.925	9962.000
799.941	10106.000
799.956	9926.000
799.971	9978.000
799.987	9966.000
800.002	10060.000
800.017	10044.000
800.033	10064.000
800.048	10090.000
800.063	10234.000
800.079	10252.000
800.094	10112.000
800.110	10234.000
800.125	10260.000
800.140	10094.000
800.156	9800.000
800.171	9766.000
800.186	9650.000
800.202	9550.000
800.217	9616.000
800.232	9590.000
800.248	9198.000
800.263	9428.000
800.278	9598.000
800.294	9746.000
800.309	9580.000
800.324	9696.000
800.340	9734.000
800.355	9938.000
800.370	9700.000
800.386	9648.000
800.401	9618.000
800.417	9318.000
800.432	9182.000
800.447	9120.000
800.463	9038.000
800.478	9230.000
800.493	8970.000
800.509	9122.000
800.524	9112.000
800.539	8934.000
800.555	9002.000
800.570	9136.000
800.585	9116.000
800.600	9212.000
800.616	9234.000
800.631	9310.000
800.646	9308.000
800.662	9180.000
800.677	8938.000
800.692	8982.000
800.708	8698.000
800.723	8540.000
800.738	8602.000
800.754	8470.000
800.769	8510.000
800.784	8530.000
800.800	8478.000
800.815	8714.000
800.830	8840.000
800.846	8916.000
800.861	8870.000
800.876	8778.000
800.891	8838.000
800.907	8736.000
800.922	8634.000
800.937	8606.000
800.953	8508.000
800.968	8398.000
800.983	8224.000
800.999	8104.000
801.014	8172.000
801.029	8234.000
801.045	8070.000
801.060	8250.000
801.075	8136.000
801.090	8266.000
801.106	8268.000
801.121	8392.000
801.136	8312.000
801.152	8300.000
801.167	8342.000
801.182	8412.000
801.197	8088.000
801.213	8118.000
801.228	8038.000
801.243	8082.000
801.259	7976.000
801.274	7702.000
801.289	7842.000
801.304	7938.000
801.320	8020.000
801.335	7852.000
801.350	8168.000
801.366	7960.000
801.381	7910.000
801.396	8000.000
801.411	7732.000
801.427	7802.000
801.442	7866.000
801.457	7746.000
801.472	7616.000
801.488	7548.000
801.503	7562.000
801.518	7598.000
801.534	7532.000
801.549	7346.000
801.564	7258.000
801.579	7508.000
801.595	7312.000
801.610	7408.000
801.625	7188.000
801.640	7350.000
801.656	7542.000
801.671	7552.000
801.686	7748.000
801.701	7738.000
801.717	7636.000
801.732	7518.000
801.747	7276.000
801.762	7328.000
801.778	7050.000
801.793	7078.000
801.808	7060.000
801.823	6850.000
801.839	6946.000
801.854	6904.000
801.869	7082.000
801.884	6990.000
801.900	7048.000
801.915	7114.000
801.930	7188.000
801.945	7192.000
801.961	7292.000
801.976	7258.000
801.991	7266.000
802.006	7224.000
802.022	7038.000
802.037	6792.000
802.052	6920.000
802.067	6778.000
802.082	6746.000
802.098	6530.000
802.113	6610.000
802.128	6708.000
802.143	6630.000
802.159	6804.000
802.174	6780.000
802.189	6652.000
802.204	6756.000
802.220	6944.000
802.235	6994.000
802.250	6828.000
802.265	6920.000
802.280	6760.000
802.296	6594.000
802.311	6514.000
802.326	6420.000
802.341	6386.000
802.356	6270.000
802.372	6348.000
802.387	6210.000
802.402	6378.000
802.417	6406.000
802.433	6390.000
802.448	6540.000
802.463	6396.000
802.478	6712.000
802.493	6722.000
802.509	6586.000
802.524	6686.000
802.539	6346.000
802.554	6288.000
802.569	6094.000
802.585	5960.000
802.600	5956.000
802.615	6002.000
802.630	6062.000
802.645	6030.000
802.661	6020.000
802.676	6018.000
802.691	6202.000
802.706	6074.000
802.721	6068.000
802.736	6162.000
802.752	6306.000
802.767	6280.000
802.782	6292.000
802.797	6212.000
802.812	5944.000
802.828	6002.000
802.843	5810.000
802.858	5652.000
802.873	5662.000
802.888	5556.000
802.903	5668.000
802.919	5790.000
802.934	5800.000
802.949	5856.000
802.964	5904.000
802.979	5758.000
802.995	5886.000
803.010	5962.000
803.025	6040.000
803.040	5684.000
803.055	5902.000
803.070	6020.000
803.086	5670.000
803.101	5558.000
803.116	5710.000
803.131	5496.000
803.146	5506.000
803.161	5512.000
803.177	5382.000
803.192	5442.000
803.207	5276.000
803.222	5448.000
803.237	5442.000
803.252	5524.000
803.267	5492.000
803.283	5636.000
803.298	5592.000
803.313	5592.000
803.328	5592.000
803.343	5444.000
803.358	5522.000
803.374	5296.000
803.389	5404.000
803.404	5180.000
803.419	5218.000
803.434	5146.000
803.449	5174.000
803.464	5222.000
803.480	5190.000
803.495	5236.000
803.510	5182.000
803.525	5298.000
803.540	5260.000
803.555	5294.000
803.570	5382.000
803.585	5422.000
803.601	5310.000
803.616	5158.000
803.631	5036.000
803.646	5182.000
803.661	5046.000
803.676	4930.000
803.691	4884.000
803.706	4958.000
803.722	4954.000
803.737	4852.000
803.752	5072.000
803.767	4946.000
803.782	4970.000
803.797	5018.000
803.812	5208.000
803.827	5118.000
803.843	5086.000
803.858	5048.000
803.873	5048.000
803.888	4908.000
803.903	4846.000
803.918	4782.000
803.933	4644.000
803.948	4520.000
803.963	4760.000
803.979	4516.000
803.994	4792.000
804.009	4634.000
804.024	4958.000
804.039	4776.000
804.054	4736.000
804.069	4888.000
804.084	4892.000
804.099	4812.000
804.115	4924.000
804.130	4840.000
804.145	4848.000
804.160	4704.000
804.175	4616.000
804.190	4638.000
804.205	4480.000
804.220	4468.000
804.235	4580.000
804.250	4546.000
804.265	4470.000
804.281	4590.000
804.296	4528.000
804.311	4628.000
804.326	4574.000
804.341	4572.000
804.356	4668.000
804.371	4624.000
804.386	4660.000
804.401	4588.000
804.416	4494.000
804.431	4548.000
804.446	4516.000
804.461	4386.000
804.477	4314.000
804.492	4392.000
804.507	4332.000
804.522	4342.000
804.537	4516.000
804.552	4298.000
804.567	4294.000
804.582	4448.000
804.597	4300.000
804.612	4346.000
804.627	4406.000
804.642	4362.000
804.657	4482.000
804.672	4404.000
804.688	4234.000
804.703	4316.000
804.718	4258.000
804.733	4138.000
804.748	4152.000
804.763	4030.000
804.778	4036.000
804.793	4070.000
804.808	4142.000
804.823	4074.000
804.838	4166.000
804.853	4150.000
804.868	4154.000
804.883	4232.000
804.898	4128.000
804.913	4182.000
804.928	4310.000
804.943	4154.000
804.958	4208.000
804.973	4234.000
804.989	4108.000
805.004	4032.000
805.019	3882.000
805.034	3900.000
805.049	3934.000
805.064	3968.000
805.079	3920.000
805.094	3914.000
805.109	3922.000
805.124	3914.000
805.139	3958.000
805.154	3972.000
805.169	4174.000
805.184	3952.000
805.199	3980.000
805.214	4096.000
805.229	3954.000
805.244	3876.000
805.259	3892.000
805.274	3850.000
805.289	3772.000
805.304	3854.000
805.319	3780.000
805.334	3804.000
805.349	3836.000
805.364	3876.000
805.379	3932.000
805.394	3882.000
805.409	3838.000
805.424	3892.000
805.439	3846.000
805.454	3936.000
805.469	3972.000
805.484	3896.000
805.499	3752.000
805.514	3728.000
805.529	3692.000
805.544	3642.000
805.559	3658.000
805.574	3586.000
805.589	3624.000
805.604	3778.000
805.619	3750.000
805.634	3762.000
805.649	3760.000
805.664	3594.000
805.679	3682.000
805.694	3716.000
805.709	3680.000
805.724	3714.000
805.739	3874.000
805.754	3650.000
805.769	3694.000
805.784	3706.000
805.799	3648.000
805.814	3612.000
805.829	3514.000
805.844	3582.000
805.859	3552.000
805.874	3544.000
805.889	3662.000
805.904	3592.000
805.919	3550.000
805.934	3448.000
805.949	3550.000
805.964	3586.000
805.979	3592.000
805.994	3594.000
806.009	3714.000
806.024	3526.000
806.039	3674.000
806.054	3492.000
806.069	3476.000
806.084	3596.000
806.099	3384.000
806.114	3450.000
806.129	3514.000
806.144	3546.000
806.159	3454.000
806.174	3382.000
806.188	3422.000
806.203	3468.000
806.218	3532.000
806.233	3484.000
806.248	3500.000
806.263	3518.000
806.278	3480.000
806.293	3470.000
806.308	3516.000
806.323	3502.000
806.338	3460.000
806.353	3326.000
806.368	3362.000
806.383	3332.000
806.398	3378.000
806.413	3286.000
806.428	3366.000
806.443	3296.000
806.458	3190.000
806.473	3226.000
806.487	3346.000
806.502	3388.000
806.517	3354.000
806.532	3328.000
806.547	3294.000
806.562	3364.000
806.577	3282.000
806.592	3352.000
806.607	3246.000
806.622	3286.000
806.637	3234.000
806.652	3170.000
806.667	3182.000
806.682	3086.000
806.697	3100.000
806.711	3048.000
806.726	3180.000
806.741	3208.000
806.756	3172.000
806.771	3122.000
806.786	3170.000
806.801	3228.000
806.816	3152.000
806.831	3196.000
806.846	3214.000
806.861	3182.000
806.876	3158.000
806.890	3016.000
806.905	3112.000
806.920	3078.000
806.935	3018.000
806.950	3000.000
806.965	3008.000
806.980	2982.000
806.995	3036.000
807.010	3024.000
807.025	3024.000
807.040	3016.000
807.054	3084.000
807.069	3026.000
807.084	3054.000
807.099	3084.000
807.114	3002.000
807.129	3150.000
807.144	2926.000
807.159	2966.000
807.174	2974.000
807.189	2880.000
807.203	2980.000
807.218	2790.000
807.233	2912.000
807.248	3022.000
807.263	2944.000
807.278	2870.000
807.293	2976.000
807.308	2900.000
807.323	2904.000
807.337	2882.000
807.352	2980.000
807.367	2898.000
807.382	2826.000
807.397	2932.000
807.412	2954.000
807.427	2882.000
807.442	2804.000
807.456	2872.000
807.471	2794.000
807.486	2790.000
807.501	2764.000
807.516	2746.000
807.531	2790.000
807.546	2822.000
807.561	2752.000
807.575	2702.000
807.590	2810.000
807.605	2710.000
807.620	2774.000
807.635	2830.000
807.650	2776.000
807.665	2800.000
807.679	2806.000
807.694	2778.000
807.709	2732.000
807.724	2764.000
807.739	2680.000
807.754	2652.000
807.769	2680.000
807.783	2736.000
807.798	2658.000
807.813	2744.000
807.828	2686.000
807.843	2738.000
807.858	2632.000
807.872	2598.000
807.887	2674.000
807.902	2782.000
807.917	2742.000
807.932	2698.000
807.947	2778.000
807.962	2696.000
807.976	2764.000
807.991	2652.000
808.006	2602.000
808.021	2544.000
808.036	2550.000
808.051	2524.000
808.065	2566.000
808.080	2558.000
808.095	2594.000
808.110	2642.000
808.125	2468.000
808.140	2640.000
808.154	2654.000
808.169	2716.000
808.184	2608.000
808.199	2652.000
808.214	2676.000
808.228	2612.000
808.243	2570.000
808.258	2616.000
808.273	2564.000
808.288	2540.000
808.303	2546.000
808.317	2582.000
808.332	2536.000
808.347	2486.000
808.362	2512.000
808.377	2562.000
808.391	2576.000
808.406	2558.000
808.421	2406.000
808.436	2580.000
808.451	2452.000
808.465	2602.000
808.480	2492.000
808.495	2550.000
808.510	2486.000
808.525	2492.000
808.540	2468.000
808.554	2426.000
808.569	2390.000
808.584	2388.000
808.599	2400.000
808.613	2438.000
808.628	2506.000
808.643	2412.000
808.658	2424.000
808.673	2412.000
808.687	2430.000
808.702	2412.000
808.717	2466.000
808.732	2498.000
808.747	2378.000
808.761	2474.000
808.776	2458.000
808.791	2336.000
808.806	2424.000
808.821	2338.000
808.835	2388.000
808.850	2392.000
808.865	2308.000
808.880	2372.000
808.894	2344.000
808.909	2348.000
808.924	2388.000
808.939	2368.000
808.953	2468.000
808.968	2382.000
808.983	2402.000
808.998	2400.000
809.013	2394.000
809.027	2370.000
809.042	2358.000
809.057	2412.000
809.072	2358.000
809.086	2320.000
809.101	2368.000
809.116	2264.000
809.131	2284.000
809.145	2282.000
809.160	2332.000
809.175	2302.000
809.190	2324.000
809.204	2330.000
809.219	2330.000
809.234	2208.000
809.249	2336.000
809.263	2326.000
809.278	2316.000
809.293	2392.000
809.308	2286.000
809.322	2390.000
809.337	2272.000
809.352	2344.000
809.367	2296.000
809.381	2196.000
809.396	2202.000
809.411	2284.000
809.426	2282.000
809.440	2218.000
809.455	2222.000
809.470	2302.000
809.485	2272.000
809.499	2262.000
809.514	2264.000
809.529	2242.000
809.544	2218.000
809.558	2288.000
809.573	2234.000
809.588	2234.000
809.602	2246.000
809.618	2252.000
809.633	2268.000
809.648	2264.000
809.664	2170.000
809.679	2150.000
809.694	2202.000
809.710	2164.000
809.725	2154.000
809.740	2098.000
809.756	2144.000
809.771	2140.000
809.786	2262.000
809.802	2148.000
809.817	2172.000
809.832	2240.000
809.847	2290.000
809.863	2230.000
809.878	2272.000
809.893	2236.000
809.909	2254.000
809.924	2136.000
809.939	2114.000
809.955	2058.000
809.970	2166.000
809.985	2078.000
810.000	2188.000
810.016	2150.000
810.031	2086.000
810.046	2182.000
810.062	2092.000
810.077	2252.000
810.092	2104.000
810.108	2168.000
810.123	2198.000
810.138	2138.000
810.153	2178.000
810.169	2192.000
810.184	2122.000
810.199	2144.000
810.215	2144.000
810.230	2046.000
810.245	2084.000
810.260	2048.000
810.276	2130.000
810.291	2090.000
810.306	2038.000
810.321	2090.000
810.337	2096.000
810.352	2098.000
810.367	2042.000
810.383	2070.000
810.398	2104.000
810.413	2104.000
810.428	2142.000
810.444	2030.000
810.459	2064.000
810.474	2062.000
810.489	2048.000
810.505	1992.000
810.520	2012.000
810.535	1994.000
810.550	2108.000
810.566	1970.000
810.581	1966.000
810.596	2052.000
810.612	2092.000
810.627	1980.000
810.642	2018.000
810.657	1962.000
810.673	2050.000
810.688	2030.000
810.703	2022.000
810.718	1996.000
810.734	2020.000
810.749	1958.000
810.764	2020.000
810.779	1964.000
810.795	1906.000
810.810	1954.000
810.825	2006.000
810.840	1876.000
810.856	1918.000
810.871	1916.000
810.886	1980.000
810.901	1964.000
810.916	1930.000
810.932	1894.000
810.947	1930.000
810.962	1972.000
810.977	1934.000
810.993	1974.000
811.008	1968.000
811.023	1968.000
811.038	1922.000
811.054	1852.000
811.069	1902.000
811.084	1924.000
811.099	1884.000
811.114	1880.000
811.130	2012.000
811.145	1938.000
811.160	1962.000
811.175	1934.000
811.191	1904.000
811.206	1854.000
811.221	1896.000
811.236	1932.000
811.251	1900.000
811.267	1910.000
811.282	1838.000
811.297	1912.000
811.312	1866.000
811.328	1872.000
811.343	1894.000
811.358	1880.000
811.373	1828.000
811.388	1810.000
811.404	1822.000
811.419	1816.000
811.434	1878.000
811.449	1830.000
811.464	1856.000
811.480	1834.000
811.495	1862.000
811.510	1926.000
811.525	1810.000
811.540	1872.000
811.556	1874.000
811.571	1812.000
811.586	1854.000
811.601	1752.000
811.616	1784.000
811.632	1852.000
811.647	1842.000
811.662	1814.000
811.677	1888.000
811.692	1804.000
811.708	1842.000
811.723	1888.000
811.738	1806.000
811.753	1832.000
811.768	1794.000
811.783	1792.000
811.799	1800.000
811.814	1870.000
811.829	1782.000
811.844	1852.000
811.859	1848.000
811.875	1838.000
811.890	1758.000
811.905	1722.000
811.920	1834.000
811.935	1806.000
811.950	1732.000
811.966	1870.000
811.981	1760.000
811.996	1774.000
812.011	1722.000
812.026	1808.000
812.041	1870.000
812.057	1812.000
812.072	1790.000
812.087	1810.000
812.102	1780.000
812.117	1862.000
812.132	1868.000
812.148	1828.000
812.163	1786.000
812.178	1764.000
812.193	1718.000
812.208	1794.000
812.223	1804.000
812.239	1820.000
812.254	1678.000
812.269	1714.000
812.284	1660.000
812.299	1778.000
812.314	1798.000
812.329	1772.000
812.345	1826.000
812.360	1762.000
812.375	1816.000
812.390	1834.000
812.405	1738.000
812.420	1816.000
812.435	1792.000
812.451	1732.000
812.466	1800.000
812.481	1714.000
812.496	1722.000
812.511	1736.000
812.526	1732.000
812.541	1782.000
812.557	1786.000
812.572	1698.000
812.587	1828.000
812.602	1796.000
812.617	1836.000
812.632	1832.000
812.647	1842.000
812.662	1840.000
812.678	1832.000
812.693	1820.000
812.708	1768.000
812.723	1766.000
812.738	1834.000
812.753	1754.000
812.768	1798.000
812.783	1860.000
812.799	1792.000
812.814	1886.000
812.829	1924.000
812.844	1952.000
812.859	1942.000
812.874	1906.000
812.889	1990.000
812.904	1992.000
812.919	1970.000
812.935	2086.000
812.950	2032.000
812.965	2078.000
812.980	2224.000
812.995	2166.000
813.010	2238.000
813.025	2260.000
813.040	2332.000
813.055	2410.000
813.071	2396.000
813.086	2450.000
813.101	2490.000
813.116	2434.000
813.131	2598.000
813.146	2524.000
813.161	2506.000
813.176	2572.000
813.191	2418.000
813.206	2428.000
813.222	2430.000
813.237	2358.000
813.252	2402.000
813.267	2274.000
813.282	2260.000
813.297	2234.000
813.312	2260.000
813.327	2200.000
813.342	2118.000
813.357	2194.000
813.372	2126.000
813.387	2208.000
813.403	2092.000
813.418	2132.000
813.433	2108.000
813.448	2186.000
813.463	2132.000
813.478	2062.000
813.493	1948.000
813.508	1982.000
813.523	2066.000
813.538	1998.000
813.553	1948.000
813.568	1958.000
813.583	1948.000
813.598	1956.000
813.614	1976.000
813.629	1954.000
813.644	1968.000
813.659	1900.000
813.674	1884.000
813.689	1902.000
813.704	1984.000
813.719	2018.000
813.734	1914.000
813.749	1948.000
813.764	2072.000
813.779	1958.000
813.794	1906.000
813.809	1996.000
813.824	1972.000
813.839	1968.000
813.854	1998.000
813.870	1990.000
813.885	2080.000
813.900	2004.000
813.915	2044.000
813.930	2004.000
813.945	2090.000
813.960	2116.000
813.975	2066.000
813.990	2146.000
814.005	2186.000
814.020	2240.000
814.035	2302.000
814.050	2344.000
814.065	2294.000
814.080	2218.000
814.095	2370.000
814.110	2456.000
814.125	2448.000
814.140	2528.000
814.155	2608.000
814.170	2624.000
814.185	2684.000
814.200	2846.000
814.215	2866.000
814.230	3084.000
814.245	3270.000
814.260	3240.000
814.275	3426.000
814.291	3542.000
814.306	3938.000
814.321	4098.000
814.336	4142.000
814.351	4448.000
814.366	4582.000
814.381	4912.000
814.396	4990.000
814.411	5296.000
814.426	5458.000
814.441	5738.000
814.456	6100.000
814.471	6010.000
814.486	6204.000
814.501	6270.000
814.516	6248.000
814.531	6262.000
814.546	5958.000
814.561	6018.000
814.576	5634.000
814.591	5496.000
814.606	5460.000
814.621	5158.000
814.636	5076.000
814.651	4766.000
814.666	4600.000
814.681	4370.000
814.696	4318.000
814.711	4046.000
814.726	3964.000
814.741	3766.000
814.756	3658.000
814.771	3538.000
814.786	3438.000
814.801	3456.000
814.816	3270.000
814.831	3162.000
814.846	3124.000
814.861	3060.000
814.876	2994.000
814.891	2932.000
814.906	2824.000
814.921	2850.000
814.936	2852.000
814.951	2806.000
814.966	2664.000
814.980	2582.000
814.995	2654.000
815.010	2574.000
815.025	2616.000
815.040	2498.000
815.055	2556.000
815.070	2468.000
815.085	2428.000
815.100	2420.000
815.115	2332.000
815.130	2480.000
815.145	2352.000
815.160	2338.000
815.175	2284.000
815.190	2208.000
815.205	2138.000
815.220	2214.000
815.235	2206.000
815.250	2044.000
815.265	1998.000
815.280	2034.000
815.295	2060.000
815.310	2044.000
815.325	2016.000
815.340	1988.000
815.355	2000.000
815.370	1912.000
815.384	1886.000
815.399	1860.000
815.414	1840.000
815.429	1874.000
815.444	1842.000
815.459	1836.000
815.474	1822.000
815.489	1718.000
815.504	1666.000
815.519	1690.000
815.534	1664.000
815.549	1606.000
815.564	1636.000
815.579	1590.000
815.594	1608.000
815.609	1578.000
815.624	1584.000
815.638	1608.000
815.653	1536.000
815.668	1546.000
815.683	1532.000
815.698	1550.000
815.713	1550.000
815.728	1500.000
815.743	1578.000
815.758	1492.000
815.773	1474.000
815.788	1502.000
815.803	1396.000
815.818	1408.000
815.833	1390.000
815.847	1306.000
815.862	1384.000
815.877	1362.000
815.892	1338.000
815.907	1332.000
815.922	1288.000
815.937	1278.000
815.952	1248.000
815.967	1316.000
815.982	1342.000
815.997	1326.000
816.012	1288.000
816.026	1308.000
816.041	1288.000
816.056	1300.000
816.071	1276.000
816.086	1276.000
816.101	1240.000
816.116	1184.000
816.131	1188.000
816.146	1236.000
816.161	1220.000
816.175	1200.000
816.190	1190.000
816.205	1218.000
816.220	1180.000
816.235	1158.000
816.250	1178.000
816.265	1178.000
816.280	1154.000
816.295	1162.000
816.309	1170.000
816.324	1144.000
816.339	1184.000
816.354	1156.000
816.369	1150.000
816.384	1094.000
816.399	1076.000
816.414	1054.000
816.429	1146.000
816.443	1160.000
816.458	1108.000
816.473	1084.000
816.488	1070.000
816.503	1128.000
816.518	1138.000
816.533	1196.000
816.548	1096.000
816.562	1150.000
816.577	1114.000
816.592	1058.000
816.607	1148.000
816.622	1008.000
816.637	1030.000
816.652	1084.000
816.667	1066.000
816.681	1030.000
816.696	1020.000
816.711	1068.000
816.726	1086.000
816.741	1042.000
816.756	1020.000
816.771	1060.000
816.785	1034.000
816.800	1080.000
816.815	1072.000
816.830	1062.000
816.845	1080.000
816.860	1042.000
816.875	990.000
816.889	1052.000
816.904	1008.000
816.919	958.000
816.934	1004.000
816.949	996.000
816.964	1010.000
816.978	1032.000
816.993	1008.000
817.008	1002.000
817.023	978.000
817.038	1024.000
817.053	1020.000
817.068	1006.000
817.082	988.000
817.097	1010.000
817.112	928.000
817.127	988.000
817.142	980.000
817.157	958.000
817.171	946.000
817.186	940.000
817.201	956.000
817.216	850.000
817.231	928.000
817.246	914.000
817.260	892.000
817.275	976.000
817.290	962.000
817.305	900.000
817.320	892.000
817.334	900.000
817.349	942.000
817.364	972.000
817.379	950.000
817.394	900.000
817.409	930.000
817.423	896.000
817.438	954.000
817.453	888.000
817.468	898.000
817.483	910.000
817.497	920.000
817.512	918.000
817.527	898.000
817.542	916.000
817.557	906.000
817.571	824.000
817.586	884.000
817.601	950.000
817.616	886.000
817.631	888.000
817.645	886.000
817.660	846.000
817.675	894.000
817.690	894.000
817.705	922.000
817.719	852.000
817.734	902.000
817.749	924.000
817.764	892.000
817.779	898.000
817.793	906.000
817.808	834.000
817.823	886.000
817.838	842.000
817.853	860.000
817.867	806.000
817.882	858.000
817.897	858.000
817.912	832.000
817.926	798.000
817.941	842.000
817.956	852.000
817.971	840.000
817.986	832.000
818.000	876.000
818.015	860.000
818.030	838.000
818.045	860.000
818.059	814.000
818.074	840.000
818.089	844.000
818.104	842.000
818.119	810.000
818.133	814.000
818.148	844.000
818.163	826.000
818.178	808.000
818.192	844.000
818.207	822.000
818.222	798.000
818.237	818.000
818.251	798.000
818.266	850.000
818.281	798.000
818.296	804.000
818.310	848.000
818.325	798.000
818.340	870.000
818.355	836.000
818.369	768.000
818.384	828.000
818.399	746.000
818.414	758.000
818.428	780.000
818.443	838.000
818.458	810.000
818.473	808.000
818.487	812.000
818.502	820.000
818.517	814.000
818.532	816.000
818.546	804.000
818.561	834.000
818.576	818.000
818.591	760.000
818.605	764.000
818.620	780.000
818.635	776.000
818.649	760.000
818.664	790.000
818.679	742.000
818.694	808.000
818.708	768.000
818.723	754.000
818.738	786.000
818.753	808.000
818.767	782.000
818.782	756.000
818.797	786.000
818.811	764.000
818.826	736.000
818.841	818.000
818.856	738.000
818.870	752.000
818.885	758.000
818.900	794.000
818.914	748.000
818.929	724.000
818.944	800.000
818.959	750.000
818.973	780.000
818.988	708.000
819.003	740.000
819.017	726.000
819.032	704.000
819.047	760.000
819.062	772.000
819.076	728.000
819.091	700.000
819.106	756.000
819.120	748.000
819.135	780.000
819.150	730.000
819.164	834.000
819.179	760.000
819.194	752.000
819.209	752.000
819.223	740.000
819.238	708.000
819.253	754.000
819.267	740.000
819.282	704.000
819.297	750.000
819.311	780.000
819.326	704.000
819.341	734.000
819.355	716.000
819.370	744.000
819.385	846.000
819.399	810.000
819.414	716.000
819.429	754.000
819.444	738.000
819.458	754.000
819.473	754.000
819.488	680.000
819.502	764.000
819.517	748.000
819.532	730.000
819.546	704.000
819.561	720.000
819.576	726.000
819.590	760.000
819.605	720.000
819.620	754.000
819.634	742.000
819.649	740.000
819.664	728.000
819.678	732.000
819.693	742.000
819.708	728.000
819.722	770.000
819.737	704.000
819.752	712.000
819.766	706.000
819.781	718.000
819.795	688.000
819.810	672.000
819.825	718.000
819.839	738.000
819.854	750.000
819.869	742.000
819.883	692.000
819.898	752.000
819.913	752.000
819.927	684.000
819.942	732.000
819.957	708.000
819.971	734.000
819.986	746.000
820.001	698.000
820.015	708.000
820.030	712.000
820.044	722.000
820.059	698.000
820.074	692.000
820.088	730.000
820.103	664.000
820.118	684.000
820.132	694.000
820.147	718.000
820.161	644.000
820.176	704.000
820.191	672.000
820.205	658.000
820.220	692.000
820.235	692.000
820.249	716.000
820.264	698.000
820.278	716.000
820.293	676.000
820.308	650.000
820.322	626.000
820.337	684.000
820.352	676.000
820.366	670.000
820.381	674.000
820.395	658.000
820.410	664.000
820.425	702.000
820.439	710.000
820.454	662.000
820.468	644.000
820.483	694.000
820.498	670.000
820.512	664.000
820.527	652.000
820.541	714.000
820.556	704.000
820.571	674.000
820.585	706.000
820.600	712.000
820.614	636.000
820.629	644.000
820.644	686.000
820.658	654.000
820.673	710.000
820.687	656.000
820.702	656.000
820.717	628.000
820.731	672.000
820.746	694.000
820.760	644.000
820.775	646.000
820.790	684.000
820.804	654.000
820.819	676.000
820.833	670.000
820.848	684.000
820.862	736.000
820.877	648.000
820.892	676.000
820.906	648.000
820.921	606.000
820.935	664.000
820.950	650.000
820.964	658.000
820.979	662.000
820.994	674.000
821.008	674.000
821.023	606.000
821.037	626.000
821.052	678.000
821.066	656.000
821.081	680.000
821.096	654.000
821.110	682.000
821.125	652.000
821.139	658.000
821.154	636.000
821.168	678.000
821.183	574.000
821.197	674.000
821.212	624.000
821.227	672.000
821.241	634.000
821.256	624.000
821.270	670.000
821.285	590.000
821.299	602.000
821.314	640.000
821.328	632.000
821.343	620.000
821.357	660.000
821.372	590.000
821.387	582.000
821.401	618.000
821.416	610.000
821.430	620.000
821.445	644.000
821.459	606.000
821.474	592.000
821.488	656.000
821.503	646.000
821.517	626.000
821.532	586.000
821.546	604.000
821.561	638.000
821.576	632.000
821.590	590.000
821.605	626.000
821.619	644.000
821.634	614.000
821.648	644.000
821.663	578.000
821.677	608.000
821.692	624.000
821.706	628.000
821.721	616.000
821.735	614.000
821.750	600.000
821.764	588.000
821.779	596.000
821.793	594.000
821.808	632.000
821.822	602.000
821.837	580.000
821.851	590.000
821.866	636.000
821.880	572.000
821.895	602.000
821.909	608.000
821.924	632.000
821.938	596.000
821.953	608.000
821.967	616.000
821.982	580.000
821.996	610.000
822.011	628.000
822.025	636.000
822.040	556.000
822.054	574.000
822.069	592.000
822.083	604.000
822.098	576.000
822.112	598.000
822.127	578.000
822.141	588.000
822.156	576.000
822.170	586.000
822.185	572.000
822.199	550.000
822.214	614.000
822.228	576.000
822.243	578.000
822.257	600.000
822.272	624.000
822.286	616.000
822.301	592.000
822.315	582.000
822.330	602.000
822.344	596.000
822.359	558.000
822.373	584.000
822.388	624.000
822.402	608.000
822.416	592.000
822.431	598.000
822.445	632.000
822.460	586.000
822.474	544.000
822.489	592.000
822.503	600.000
822.518	550.000
822.532	574.000
822.547	594.000
822.561	590.000
822.576	554.000
822.590	596.000
822.605	566.000
822.619	602.000
822.633	606.000
822.648	520.000
822.662	584.000
822.677	586.000
822.691	590.000
822.706	560.000
822.720	538.000
822.735	562.000
822.749	616.000
822.763	552.000
822.778	542.000
822.792	614.000
822.807	516.000
822.821	574.000
822.836	590.000
822.850	610.000
822.865	616.000
822.879	586.000
822.893	608.000
822.908	578.000
822.922	576.000
822.937	630.000
822.951	560.000
822.966	606.000
822.980	608.000
822.994	590.000
823.009	596.000
823.023	540.000
823.038	564.000
823.052	610.000
823.067	596.000
823.081	554.000
823.095	540.000
823.110	600.000
823.124	576.000
823.139	528.000
823.153	580.000
823.168	564.000
823.182	554.000
823.196	574.000
823.211	572.000
823.225	562.000
823.240	534.000
823.254	566.000
823.268	594.000
823.283	510.000
823.297	570.000
823.312	586.000
823.326	562.000
823.340	548.000
823.355	554.000
823.369	542.000
823.384	568.000
823.398	598.000
823.412	544.000
823.427	604.000
823.441	566.000
823.456	588.000
823.470	560.000
823.484	582.000
823.499	572.000
823.513	588.000
823.528	580.000
823.542	548.000
823.556	542.000
823.571	500.000
823.585	554.000
823.600	538.000
823.614	566.000
823.628	546.000
823.643	570.000
823.657	552.000
823.671	566.000
823.686	558.000
823.700	558.000
823.715	610.000
823.729	566.000
823.743	574.000
823.758	560.000
823.772	550.000
823.786	574.000
823.801	570.000
823.815	576.000
823.830	568.000
823.844	530.000
823.858	516.000
823.873	552.000
823.887	536.000
823.901	588.000
823.916	536.000
823.930	610.000
823.945	562.000
823.959	538.000
823.973	566.000
823.988	576.000
824.002	564.000
824.016	588.000
824.031	552.000
824.045	572.000
824.059	536.000
824.074	524.000
824.088	566.000
824.102	520.000
824.117	566.000
824.131	556.000
824.145	488.000
824.160	510.000
824.174	570.000
824.188	552.000
824.203	534.000
824.217	624.000
824.232	574.000
824.246	516.000
824.260	570.000
824.275	580.000
824.289	574.000
824.303	544.000
824.318	560.000
824.332	530.000
824.346	582.000
824.361	574.000
824.375	546.000
824.389	540.000
824.404	574.000
824.418	584.000
824.432	536.000
824.446	584.000
824.461	580.000
824.475	596.000
824.489	588.000
824.504	582.000
824.518	536.000
824.532	562.000
824.547	560.000
824.561	588.000
824.575	540.000
824.590	552.000
824.604	622.000
824.618	576.000
824.633	556.000
824.647	534.000
824.661	586.000
824.676	582.000
824.690	600.000
824.704	556.000
824.718	582.000
824.733	600.000
824.747	546.000
824.761	550.000
824.776	594.000
824.791	584.000
824.806	572.000
824.821	644.000
824.836	544.000
824.851	582.000
824.866	624.000
824.880	598.000
824.895	604.000
824.910	580.000
824.925	570.000
824.940	622.000
824.955	580.000
824.970	596.000
824.985	598.000
825.000	562.000
825.014	616.000
825.029	586.000
825.044	592.000
825.059	570.000
825.074	590.000
825.089	600.000
825.104	544.000
825.119	598.000
825.134	580.000
825.148	572.000
825.163	550.000
825.178	576.000
825.193	542.000
825.208	628.000
825.223	594.000
825.238	578.000
825.253	596.000
825.267	550.000
825.282	582.000
825.297	588.000
825.312	552.000
825.327	622.000
825.342	626.000
825.357	594.000
825.372	612.000
825.386	644.000
825.401	612.000
825.416	586.000
825.431	630.000
825.446	556.000
825.461	570.000
825.476	558.000
825.490	574.000
825.505	566.000
825.520	582.000
825.535	572.000
825.550	598.000
825.565	610.000
825.580	554.000
825.594	554.000
825.609	558.000
825.624	590.000
825.639	582.000
825.654	596.000
825.669	620.000
825.683	548.000
825.698	584.000
825.713	574.000
825.728	624.000
825.743	594.000
825.758	584.000
825.773	620.000
825.787	566.000
825.802	524.000
825.817	592.000
825.832	606.000
825.847	612.000
825.862	610.000
825.876	584.000
825.891	562.000
825.906	576.000
825.921	586.000
825.936	586.000
825.951	594.000
825.965	564.000
825.980	580.000
825.995	592.000
826.010	562.000
826.025	554.000
826.039	574.000
826.054	554.000
826.069	546.000
826.084	620.000
826.099	574.000
826.114	566.000
826.128	590.000
826.143	620.000
826.158	586.000
826.173	598.000
826.188	548.000
826.202	576.000
826.217	588.000
826.232	544.000
826.247	606.000
826.262	592.000
826.276	610.000
826.291	588.000
826.306	580.000
826.321	566.000
826.336	548.000
826.351	574.000
826.365	618.000
826.380	608.000
826.395	588.000
826.410	546.000
826.425	576.000
826.439	584.000
826.454	604.000
826.469	558.000
826.484	588.000
826.498	594.000
826.513	632.000
826.528	580.000
826.543	580.000
826.558	546.000
826.572	588.000
826.587	564.000
826.602	580.000
826.617	618.000
826.632	570.000
826.646	554.000
826.661	584.000
826.676	578.000
826.691	574.000
826.705	556.000
826.720	602.000
826.735	590.000
826.750	550.000
826.765	520.000
826.779	612.000
826.794	562.000
826.809	568.000
826.824	568.000
826.838	586.000
826.853	598.000
826.868	586.000
826.883	508.000
826.897	572.000
826.912	580.000
826.927	614.000
826.942	578.000
826.957	604.000
826.971	622.000
826.986	588.000
827.001	624.000
827.016	572.000
827.030	640.000
827.045	582.000
827.060	590.000
827.075	578.000
827.089	604.000
827.104	582.000
827.119	604.000
827.134	636.000
827.148	602.000
827.163	578.000
827.178	600.000
827.193	586.000
827.207	590.000
827.222	610.000
827.237	604.000
827.252	606.000
827.266	596.000
827.281	572.000
827.296	598.000
827.311	550.000
827.325	538.000
827.340	634.000
827.355	604.000
827.369	574.000
827.384	564.000
827.399	604.000
827.414	590.000
827.428	610.000
827.443	558.000
827.458	600.000
827.473	630.000
827.487	570.000
827.502	596.000
827.517	642.000
827.531	594.000
827.546	582.000
827.561	608.000
827.576	558.000
827.590	550.000
827.605	620.000
827.620	566.000
827.634	616.000
827.649	614.000
827.664	592.000
827.679	572.000
827.693	632.000
827.708	616.000
827.723	586.000
827.737	608.000
827.752	618.000
827.767	632.000
827.782	600.000
827.796	636.000
827.811	562.000
827.826	648.000
827.840	614.000
827.855	618.000
827.870	678.000
827.885	614.000
827.899	618.000
827.914	614.000
827.929	600.000
827.943	664.000
827.958	614.000
827.973	598.000
827.987	592.000
828.002	650.000
828.017	614.000
828.031	594.000
828.046	594.000
828.061	620.000
828.076	588.000
828.090	620.000
828.105	588.000
828.120	586.000
828.134	612.000
828.149	604.000
828.164	592.000
828.178	576.000
828.193	606.000
828.208	612.000
828.222	604.000
828.237	642.000
828.252	616.000
828.266	620.000
828.281	620.000
828.296	640.000
828.310	610.000
828.325	674.000
828.340	604.000
828.354	602.000
828.369	602.000
828.384	624.000
828.398	616.000
828.413	620.000
828.428	648.000
828.442	620.000
828.457	606.000
828.472	668.000
828.486	624.000
828.501	660.000
828.516	606.000
828.530	650.000
828.545	708.000
828.560	656.000
828.574	620.000
828.589	582.000
828.604	628.000
828.618	656.000
828.633	646.000
828.648	596.000
828.662	630.000
828.677	622.000
828.691	606.000
828.706	654.000
828.721	628.000
828.735	632.000
828.750	606.000
828.765	642.000
828.779	630.000
828.794	618.000
828.809	650.000
828.823	642.000
828.838	634.000
828.853	616.000
828.867	650.000
828.882	648.000
828.896	656.000
828.911	634.000
828.926	656.000
828.940	664.000
828.955	676.000
828.970	672.000
828.984	668.000
828.999	660.000
829.013	656.000
829.028	658.000
829.043	644.000
829.057	650.000
829.072	658.000
829.087	638.000
829.101	660.000
829.116	684.000
829.130	672.000
829.145	692.000
829.160	684.000
829.174	700.000
829.189	620.000
829.203	670.000
829.218	704.000
829.233	674.000
829.247	690.000
829.262	676.000
829.276	648.000
829.291	670.000
829.306	660.000
829.320	662.000
829.335	628.000
829.349	666.000
829.364	650.000
829.379	646.000
829.393	692.000
829.408	694.000
829.422	648.000
829.437	666.000
829.452	676.000
829.466	652.000
829.481	692.000
829.495	648.000
829.510	698.000
829.525	644.000
829.539	712.000
829.554	712.000
829.568	612.000
829.583	696.000
829.598	692.000
829.612	674.000
829.627	684.000
829.641	630.000
829.656	672.000
829.670	668.000
829.685	686.000
829.700	688.000
829.714	660.000
829.729	708.000
829.743	652.000
829.758	684.000
829.772	686.000
829.787	708.000
829.802	650.000
829.816	754.000
829.831	682.000
829.845	674.000
829.860	706.000
829.874	700.000
829.889	746.000
829.904	712.000
829.918	702.000
829.933	656.000
829.947	684.000
829.962	680.000
829.976	704.000
829.991	672.000
830.005	660.000
830.020	672.000
830.035	732.000
830.049	650.000
830.064	622.000
830.078	664.000
830.093	730.000
830.107	696.000
830.122	666.000
830.136	650.000
830.151	688.000
830.166	620.000
830.180	690.000
830.195	616.000
830.209	650.000
830.224	680.000
830.238	694.000
830.253	648.000
830.267	664.000
830.282	694.000
830.296	654.000
830.311	608.000
830.325	652.000
830.340	658.000
830.355	682.000
830.369	668.000
830.384	672.000
830.398	676.000
830.413	632.000
830.427	670.000
830.442	616.000
830.456	614.000
830.471	624.000
830.485	630.000
830.500	574.000
830.514	656.000
830.529	632.000
830.543	644.000
830.558	616.000
830.572	648.000
830.587	626.000
830.601	634.000
830.616	644.000
830.630	634.000
830.645	626.000
830.659	656.000
830.674	630.000
830.688	644.000
830.703	676.000
830.718	670.000
830.732	634.000
830.747	618.000
830.761	626.000
830.776	658.000
830.790	594.000
830.805	622.000
830.819	594.000
830.834	630.000
830.848	632.000
830.863	588.000
830.877	592.000
830.892	616.000
830.906	610.000
830.921	650.000
830.935	608.000
830.949	610.000
830.964	636.000
830.978	604.000
830.993	584.000
831.007	616.000
831.022	616.000
831.036	588.000
831.051	582.000
831.065	620.000
831.080	616.000
831.094	592.000
831.109	614.000
831.123	618.000
831.138	556.000
831.152	596.000
831.167	604.000
831.181	610.000
831.196	560.000
831.210	626.000
831.225	568.000
831.239	600.000
831.254	598.000
831.268	578.000
831.283	642.000
831.297	614.000
831.311	588.000
831.326	632.000
831.340	554.000
831.355	582.000
831.369	564.000
831.384	568.000
831.398	544.000
831.413	612.000
831.427	556.000
831.442	584.000
831.456	528.000
831.471	578.000
831.485	586.000
831.499	572.000
831.514	556.000
831.528	576.000
831.543	554.000
831.557	562.000
831.572	528.000
831.586	522.000
831.601	532.000
831.615	576.000
831.629	574.000
831.644	570.000
831.658	578.000
831.673	564.000
831.687	504.000
831.702	550.000
831.716	512.000
831.731	550.000
831.745	578.000
831.759	554.000
831.774	560.000
831.788	544.000
831.803	502.000
831.817	558.000
831.832	512.000
831.846	546.000
831.860	542.000
831.875	530.000
831.889	526.000
831.904	540.000
831.918	482.000
831.933	524.000
831.947	556.000
831.961	558.000
831.976	512.000
831.990	546.000
832.005	530.000
832.019	522.000
832.033	546.000
832.048	496.000
832.062	502.000
832.077	494.000
832.091	510.000
832.106	534.000
832.120	478.000
832.134	514.000
832.149	496.000
832.163	520.000
832.178	466.000
832.192	536.000
832.206	492.000
832.221	544.000
832.235	528.000
832.250	516.000
832.264	510.000
832.278	494.000
832.293	490.000
832.307	554.000
832.322	502.000
832.336	516.000
832.350	480.000
832.365	480.000
832.379	482.000
832.394	466.000
832.408	502.000
832.422	508.000
832.437	454.000
832.451	532.000
832.465	496.000
832.480	494.000
832.494	514.000
832.509	504.000
832.523	458.000
832.537	510.000
832.552	518.000
832.566	490.000
832.581	506.000
832.595	498.000
832.609	494.000
832.624	532.000
832.638	498.000
832.652	478.000
832.667	498.000
832.681	476.000
832.696	500.000
832.710	502.000
832.724	508.000
832.739	500.000
832.753	492.000
832.767	492.000
832.782	500.000
832.796	500.000
832.810	448.000
832.825	476.000
832.839	504.000
832.853	454.000
832.868	484.000
832.882	494.000
832.897	472.000
832.911	452.000
832.925	488.000
832.940	486.000
832.954	458.000
832.968	484.000
832.983	506.000
832.997	482.000
833.011	472.000
833.026	478.000
833.040	500.000
833.054	498.000
833.069	472.000
833.083	490.000
833.097	514.000
833.112	486.000
833.126	484.000
833.140	476.000
833.155	518.000
833.169	476.000
833.183	496.000
833.198	452.000
833.212	454.000
833.226	488.000
833.241	484.000
833.255	434.000
833.269	450.000
833.284	420.000
833.298	472.000
833.312	474.000
833.327	450.000
833.341	480.000
833.355	442.000
833.370	478.000
833.384	472.000
833.398	420.000
833.413	472.000
833.427	462.000
833.441	484.000
833.456	440.000
833.470	450.000
833.484	468.000
833.499	484.000
833.513	420.000
833.527	450.000
833.542	446.000
833.556	482.000
833.570	478.000
833.584	440.000
833.599	480.000
833.613	472.000
833.627	452.000
833.642	460.000
833.656	444.000
833.670	464.000
833.685	462.000
833.699	462.000
833.713	448.000
833.727	444.000
833.742	464.000
833.756	460.000
833.770	482.000
833.785	484.000
833.799	446.000
833.813	454.000
833.827	432.000
833.842	424.000
833.856	454.000
833.870	474.000
833.885	472.000
833.899	452.000
833.913	498.000
833.927	456.000
833.942	446.000
833.956	432.000
833.970	468.000
833.985	472.000
833.999	452.000
834.013	462.000
834.027	454.000
834.042	442.000
834.056	494.000
834.070	420.000
834.085	426.000
834.099	464.000
834.113	432.000
834.127	454.000
834.142	474.000
834.156	464.000
834.170	432.000
834.184	448.000
834.199	430.000
834.213	422.000
834.227	452.000
834.241	468.000
834.256	440.000
834.270	450.000
834.284	462.000
834.298	474.000
834.313	402.000
834.327	446.000
834.341	424.000
834.355	478.000
834.370	462.000
834.384	452.000
834.398	440.000
834.412	450.000
834.427	422.000
834.441	408.000
834.455	438.000
834.469	468.000
834.484	432.000
834.498	454.000
834.512	444.000
834.526	448.000
834.541	450.000
834.555	446.000
834.569	452.000
834.583	430.000
834.598	438.000
834.612	434.000
834.626	412.000
834.640	432.000
834.655	454.000
834.669	410.000
834.683	426.000
834.697	420.000
834.711	376.000
834.726	432.000
834.740	432.000
834.754	442.000
834.768	424.000
834.783	400.000
834.797	420.000
834.811	454.000
834.825	436.000
834.839	426.000
834.854	442.000
834.868	446.000
834.882	396.000
834.896	436.000
834.910	396.000
834.925	432.000
834.939	434.000
834.953	432.000
834.967	440.000
834.982	422.000
834.996	418.000
835.010	414.000
835.024	428.000
835.038	418.000
835.053	402.000
835.067	424.000
835.081	440.000
835.095	430.000
835.109	450.000
835.124	428.000
835.138	432.000
835.152	436.000
835.166	430.000
835.180	406.000
835.195	398.000
835.209	420.000
835.223	400.000
835.237	444.000
835.251	434.000
835.265	428.000
835.280	424.000
835.294	414.000
835.308	440.000
835.322	448.000
835.336	442.000
835.351	444.000
835.365	410.000
835.379	422.000
835.393	404.000
835.407	426.000
835.421	460.000
835.436	442.000
835.450	448.000
835.464	406.000
835.478	414.000
835.492	444.000
835.506	414.000
835.521	348.000
835.535	406.000
835.549	442.000
835.563	438.000
835.577	426.000
835.591	402.000
835.606	412.000
835.620	398.000
835.634	448.000
835.648	440.000
835.662	436.000
835.676	416.000
835.691	422.000
835.705	454.000
835.719	436.000
835.733	442.000
835.747	410.000
835.761	394.000
835.775	400.000
835.790	420.000
835.804	428.000
835.818	402.000
835.832	370.000
835.846	394.000
835.860	414.000
835.874	402.000
835.889	402.000
835.903	406.000
835.917	430.000
835.931	420.000
835.945	410.000
835.959	420.000
835.973	438.000
835.988	404.000
836.002	396.000
836.016	430.000
836.030	394.000
836.044	426.000
836.058	438.000
836.072	434.000
836.086	420.000
836.101	410.000
836.115	406.000
836.129	408.000
836.143	384.000
836.157	424.000
836.171	406.000
836.185	406.000
836.199	408.000
836.214	396.000
836.228	406.000
836.242	416.000
836.256	392.000
836.270	426.000
836.284	400.000
836.298	406.000
836.312	412.000
836.326	386.000
836.341	428.000
836.355	388.000
836.369	412.000
836.383	394.000
836.397	410.000
836.411	402.000
836.425	386.000
836.439	374.000
836.453	406.000
836.468	414.000
836.482	376.000
836.496	430.000
836.510	434.000
836.524	390.000
836.538	390.000
836.552	442.000
836.566	444.000
836.580	414.000
836.594	398.000
836.608	406.000
836.623	400.000
836.637	420.000
836.651	424.000
836.665	394.000
836.679	378.000
836.693	420.000
836.707	388.000
836.721	406.000
836.735	372.000
836.749	404.000
836.763	388.000
836.777	430.000
836.792	370.000
836.806	412.000
836.820	400.000
836.834	422.000
836.848	348.000
836.862	404.000
836.876	396.000
836.890	384.000
836.904	400.000
836.918	398.000
836.932	422.000
836.946	390.000
836.960	366.000
836.974	370.000
836.988	420.000
837.003	414.000
837.017	386.000
837.031	394.000
837.045	364.000
837.059	384.000
837.073	406.000
837.087	398.000
837.101	406.000
837.115	398.000
837.129	404.000
837.143	416.000
837.157	374.000
837.171	402.000
837.185	386.000
837.199	378.000
837.213	400.000
837.227	358.000
837.241	374.000
837.255	404.000
837.269	384.000
837.283	380.000
837.298	402.000
837.312	354.000
837.326	342.000
837.340	400.000
837.354	394.000
837.368	384.000
837.382	366.000
837.396	390.000
837.410	392.000
837.424	394.000
837.438	414.000
837.452	392.000
837.466	360.000
837.480	430.000
837.494	380.000
837.508	416.000
837.522	362.000
837.536	384.000
837.550	374.000
837.564	376.000
837.578	386.000
837.592	384.000
837.606	374.000
837.620	398.000
837.634	386.000
837.648	378.000
837.662	404.000
837.676	380.000
837.690	388.000
837.704	374.000
837.718	438.000
837.732	422.000
837.746	416.000
837.760	368.000
837.774	396.000
837.788	380.000
837.802	426.000
837.816	364.000
837.830	380.000
837.844	402.000
837.858	404.000
837.872	392.000
837.886	366.000
837.900	372.000
837.914	378.000
837.928	372.000
837.942	352.000
837.956	352.000
837.970	368.000
837.984	386.000
837.998	382.000
838.012	374.000
838.026	360.000
838.040	388.000
838.054	380.000
838.068	364.000
838.082	398.000
838.096	354.000
838.110	360.000
838.124	348.000
838.138	382.000
838.152	350.000
838.166	358.000
838.180	384.000
838.194	376.000
838.208	360.000
838.222	362.000
838.236	364.000
838.250	394.000
838.264	398.000
838.278	350.000
838.292	388.000
838.306	400.000
838.319	386.000
838.333	380.000
838.347	338.000
838.361	378.000
838.375	368.000
838.389	354.000
838.403	354.000
838.417	370.000
838.431	342.000
838.445	338.000
838.459	382.000
838.473	344.000
838.487	362.000
838.501	374.000
838.515	374.000
838.529	358.000
838.543	340.000
838.557	380.000
838.571	404.000
838.585	366.000
838.599	384.000
838.612	310.000
838.626	376.000
838.640	364.000
838.654	362.000
838.668	336.000
838.682	406.000
838.696	354.000
838.710	356.000
838.724	364.000
838.738	364.000
838.752	366.000
838.766	398.000
838.780	380.000
838.794	386.000
838.808	382.000
838.821	362.000
838.835	360.000
838.849	320.000
838.863	382.000
838.877	352.000
838.891	352.000
838.905	372.000
838.919	344.000
838.933	362.000
838.947	352.000
838.961	372.000
838.975	386.000
838.988	352.000
839.002	358.000
839.016	366.000
839.030	352.000
839.044	370.000
839.058	368.000
839.072	372.000
839.086	340.000
839.100	364.000
839.114	380.000
839.128	352.000
839.141	370.000
839.155	360.000
839.169	368.000
839.183	358.000
839.197	332.000
839.211	362.000
839.225	364.000
839.239	344.000
839.253	340.000
839.266	348.000
839.280	344.000
839.294	354.000
839.308	344.000
839.322	358.000
839.336	334.000
839.350	400.000
839.364	378.000
839.378	334.000
839.391	368.000
839.405	364.000
839.419	374.000
839.433	410.000
839.447	370.000
839.461	364.000
839.475	326.000
839.489	322.000
839.502	362.000
