794.000	17068.000
794.016	17965.000
794.031	18186.000
794.047	17682.000
794.063	16500.000
794.079	14550.000
794.094	12705.000
794.110	11520.000
794.126	10815.000
794.142	10444.000
794.157	10370.000
794.173	10445.000
794.189	10606.000
794.204	11009.000
794.220	11718.000
794.236	13033.000
794.252	14756.000
794.267	16317.000
794.283	16966.000
794.299	16863.000
794.314	16179.000
794.330	14900.000
794.346	13040.000
794.362	11433.000
794.377	10635.000
794.393	10037.000
794.409	9845.000
794.424	9753.000
794.440	9856.000
794.456	10186.000
794.472	10690.000
794.487	11572.000
794.503	12804.000
794.519	14456.000
794.534	15604.000
794.550	15898.000
794.566	15714.000
794.581	14857.000
794.597	13382.000
794.613	11818.000
794.629	10574.000
794.644	9788.000
794.660	9401.000
794.676	9308.000
794.691	9238.000
794.707	9427.000
794.723	9742.000
794.738	10316.000
794.754	11257.000
794.770	12514.000
794.785	14032.000
794.801	14837.000
794.817	14983.000
794.832	14511.000
794.848	13602.000
794.864	12188.000
794.880	10814.000
794.895	9790.000
794.911	9122.000
794.927	8848.000
794.942	8766.000
794.958	8849.000
794.974	9061.000
794.989	9326.000
795.005	9979.000
795.021	10822.000
795.036	11945.000
795.052	13213.000
795.068	13740.000
795.083	13776.000
795.099	13323.000
795.115	12316.000
795.130	11030.000
795.146	9955.000
795.162	9147.000
795.177	8563.000
795.193	8474.000
795.209	8446.000
795.224	8621.000
795.240	8714.000
795.256	8951.000
795.271	9530.000
795.287	10445.000
795.303	11513.000
795.318	12404.000
795.334	12739.000
795.350	12675.000
795.365	12212.000
795.381	11248.000
795.396	10167.000
795.412	9188.000
795.428	8512.000
795.443	8206.000
795.459	8093.000
795.475	7989.000
795.490	8131.000
795.506	8316.000
795.522	8627.000
795.537	9155.000
795.553	9968.000
795.569	11005.000
795.584	11797.000
795.600	12004.000
795.615	11860.000
795.631	11398.000
795.647	10511.000
795.662	9426.000
795.678	8590.000
795.694	8008.000
795.709	7731.000
795.725	7625.000
795.741	7611.000
795.756	7694.000
795.772	7884.000
795.787	8216.000
795.803	8770.000
795.819	9570.000
795.834	10419.000
795.850	11059.000
795.866	11297.000
795.881	11118.000
795.897	10604.000
795.912	9802.000
795.928	8835.000
795.944	8086.000
795.959	7571.000
795.975	7308.000
795.990	7240.000
796.006	7250.000
796.022	7313.000
796.037	7455.000
796.053	7856.000
796.068	8331.000
796.084	9146.000
796.100	9934.000
796.115	10481.000
796.131	10668.000
796.147	10390.000
796.162	9898.000
796.178	9100.000
796.193	8253.000
796.209	7619.000
796.225	7122.000
796.240	7002.000
796.256	6903.000
796.271	6926.000
796.287	7061.000
796.303	7290.000
796.318	7538.000
796.334	8081.000
796.349	8704.000
796.365	9295.000
796.380	9854.000
796.396	9916.000
796.412	9624.000
796.427	9172.000
796.443	8455.000
796.458	7694.000
796.474	7130.000
796.490	6809.000
796.505	6613.000
796.521	6555.000
796.536	6646.000
796.552	6736.000
796.567	6970.000
796.583	7235.000
796.599	7641.000
796.614	8231.000
796.630	8822.000
796.645	9270.000
796.661	9230.000
796.676	9036.000
796.692	8582.000
796.708	7875.000
796.723	7266.000
796.739	6696.000
796.754	6448.000
796.770	6328.000
796.785	6278.000
796.801	6327.000
796.817	6390.000
796.832	6568.000
796.848	6798.000
796.863	7158.000
796.879	7704.000
796.894	8242.000
796.910	8597.000
796.925	8651.000
796.941	8456.000
796.957	8088.000
796.972	7545.000
796.988	6985.000
797.003	6496.000
797.019	6184.000
797.034	6034.000
797.050	6014.000
797.065	6022.000
797.081	6065.000
797.097	6189.000
797.112	6383.000
797.128	6836.000
797.143	7304.000
797.159	7757.000
797.174	8062.000
797.190	8214.000
797.205	8012.000
797.221	7616.000
797.236	7183.000
797.252	6557.000
797.267	6134.000
797.283	5857.000
797.299	5772.000
797.314	5696.000
797.330	5682.000
797.345	5826.000
797.361	5914.000
797.376	6144.000
797.392	6472.000
797.407	6880.000
797.423	7435.000
797.438	7679.000
797.454	7763.000
797.469	7559.000
797.485	7292.000
797.500	6779.000
797.516	6223.000
797.531	5794.000
797.547	5524.000
797.562	5464.000
797.578	5424.000
797.594	5450.000
797.609	5569.000
797.625	5678.000
797.640	5842.000
797.656	6117.000
797.671	6545.000
797.687	6999.000
797.702	7262.000
797.718	7312.000
797.733	7163.000
797.749	6943.000
797.764	6426.000
797.780	5948.000
797.795	5604.000
797.811	5347.000
797.826	5223.000
797.842	5190.000
797.857	5211.000
797.873	5246.000
797.888	5305.000
797.904	5532.000
797.919	5776.000
797.935	6106.000
797.950	6474.000
797.966	6800.000
797.981	6841.000
797.997	6811.000
798.012	6500.000
798.028	6138.000
798.043	5680.000
798.059	5378.000
798.074	5190.000
798.089	5002.000
798.105	5011.000
798.120	5076.000
798.136	5067.000
798.151	5170.000
798.167	5238.000
798.182	5445.000
798.198	5736.000
798.213	6011.000
798.229	6288.000
798.244	6374.000
798.260	6367.000
798.275	6172.000
798.291	5913.000
798.306	5502.000
798.322	5158.000
798.337	4956.000
798.353	4836.000
798.368	4818.000
798.383	4793.000
798.399	4872.000
798.414	4877.000
798.430	4998.000
798.445	5063.000
798.461	5335.000
798.476	5678.000
798.492	5930.000
798.507	6142.000
798.523	6134.000
798.538	5912.000
798.554	5670.000
798.569	5344.000
798.584	4963.000
798.600	4754.000
798.615	4665.000
798.631	4608.000
798.646	4574.000
798.662	4550.000
798.677	4624.000
798.693	4677.000
798.708	4846.000
798.724	5080.000
798.739	5302.000
798.754	5599.000
798.770	5761.000
798.785	5840.000
798.801	5739.000
798.816	5538.000
798.832	5212.000
798.847	4896.000
798.862	4639.000
798.878	4514.000
798.893	4360.000
798.909	4362.000
798.924	4350.000
798.940	4390.000
798.955	4449.000
798.970	4582.000
798.986	4836.000
799.001	5067.000
799.017	5312.000
799.032	5526.000
799.048	5572.000
799.063	5485.000
799.078	5291.000
799.094	5006.000
799.109	4773.000
799.125	4441.000
799.140	4323.000
799.156	4194.000
799.171	4181.000
799.186	4210.000
799.202	4242.000
799.217	4319.000
799.233	4438.000
799.248	4518.000
799.263	4764.000
799.279	5057.000
799.294	5220.000
799.310	5308.000
799.325	5258.000
799.341	5124.000
799.356	4831.000
799.371	4561.000
799.387	4313.000
799.402	4189.000
799.418	4132.000
799.433	4012.000
799.448	4038.000
799.464	4071.000
799.479	4136.000
799.495	4163.000
799.510	4356.000
799.525	4478.000
799.541	4676.000
799.556	4899.000
799.571	5005.000
799.587	4974.000
799.602	4880.000
799.618	4720.000
799.633	4466.000
799.648	4217.000
799.664	4044.000
799.679	3916.000
799.695	3872.000
799.710	3849.000
799.725	3872.000
799.741	3914.000
799.756	3962.000
799.771	4052.000
799.787	4149.000
799.802	4308.000
799.818	4558.000
799.833	4674.000
799.848	4732.000
799.864	4721.000
799.879	4573.000
799.894	4352.000
799.910	4113.000
799.925	3938.000
799.941	3817.000
799.956	3755.000
799.971	3695.000
799.987	3684.000
800.002	3662.000
800.017	3711.000
800.033	3744.000
800.048	3829.000
800.063	4023.000
800.079	4191.000
800.094	4320.000
800.110	4451.000
800.125	4452.000
800.140	4350.000
800.156	4229.000
800.171	3984.000
800.186	3831.000
800.202	3693.000
800.217	3568.000
800.232	3495.000
800.248	3496.000
800.263	3511.000
800.278	3560.000
800.294	3552.000
800.309	3648.000
800.324	3767.000
800.340	3894.000
800.355	4108.000
800.370	4223.000
800.386	4268.000
800.401	4219.000
800.417	4078.000
800.432	3878.000
800.447	3700.000
800.463	3519.000
800.478	3444.000
800.493	3318.000
800.509	3268.000
800.524	3254.000
800.539	3295.000
800.555	3354.000
800.570	3423.000
800.585	3541.000
800.600	3639.000
800.616	3860.000
800.631	3991.000
800.646	4037.000
800.662	4040.000
800.677	3962.000
800.692	3778.000
800.708	3524.000
800.723	3378.000
800.738	3192.000
800.754	3172.000
800.769	3134.000
800.784	3113.000
800.800	3143.000
800.815	3159.000
800.830	3232.000
800.846	3295.000
800.861	3430.000
800.876	3579.000
800.891	3701.000
800.907	3854.000
800.922	3810.000
800.937	3801.000
800.953	3636.000
800.968	3482.000
800.983	3284.000
800.999	3160.000
801.014	3048.000
801.029	2990.000
801.045	2972.000
801.060	2995.000
801.075	3064.000
801.090	3023.000
801.106	3114.000
801.121	3209.000
801.136	3310.000
801.152	3441.000
801.167	3528.000
801.182	3647.000
801.197	3586.000
801.213	3544.000
801.228	3357.000
801.243	3190.000
801.259	3033.000
801.274	2953.000
801.289	2915.000
801.304	2898.000
801.320	2886.000
801.335	2891.000
801.350	2944.000
801.366	2936.000
801.381	2987.000
801.396	3100.000
801.411	3212.000
801.427	3320.000
801.442	3416.000
801.457	3482.000
801.472	3447.000
801.488	3344.000
801.503	3202.000
801.518	3018.000
801.534	2896.000
801.549	2816.000
801.564	2757.000
801.579	2757.000
801.595	2754.000
801.610	2726.000
801.625	2810.000
801.640	2821.000
801.656	2900.000
801.671	2984.000
801.686	3149.000
801.701	3221.000
801.717	3328.000
801.732	3330.000
801.747	3294.000
801.762	3165.000
801.778	3000.000
801.793	2860.000
801.808	2764.000
801.823	2677.000
801.839	2609.000
801.854	2598.000
801.869	2651.000
801.884	2623.000
801.900	2676.000
801.915	2706.000
801.930	2799.000
801.945	2896.000
801.961	3078.000
801.976	3170.000
801.991	3167.000
802.006	3143.000
802.022	3080.000
802.037	2980.000
802.052	2804.000
802.067	2670.000
802.082	2586.000
802.098	2525.000
802.113	2530.000
802.128	2510.000
802.143	2522.000
802.159	2554.000
802.174	2580.000
802.189	2610.000
802.204	2726.000
802.220	2859.000
802.235	2920.000
802.250	3030.000
802.265	3009.000
802.280	2981.000
802.296	2842.000
802.311	2758.000
802.326	2644.000
802.341	2500.000
802.356	2445.000
802.372	2388.000
802.387	2416.000
802.402	2397.000
802.417	2454.000
802.433	2477.000
802.448	2523.000
802.463	2604.000
802.478	2706.000
802.493	2734.000
802.509	2836.000
802.524	2880.000
802.539	2891.000
802.554	2802.000
802.569	2727.000
802.585	2602.000
802.600	2458.000
802.615	2366.000
802.630	2325.000
802.645	2344.000
802.661	2358.000
802.676	2385.000
802.691	2324.000
802.706	2378.000
802.721	2432.000
802.736	2556.000
802.752	2622.000
802.767	2694.000
802.782	2740.000
802.797	2822.000
802.812	2761.000
802.828	2668.000
802.843	2608.000
802.858	2463.000
802.873	2379.000
802.888	2320.000
802.903	2285.000
802.919	2242.000
802.934	2271.000
802.949	2314.000
802.964	2308.000
802.979	2278.000
802.995	2350.000
803.010	2420.000
803.025	2501.000
803.040	2562.000
803.055	2648.000
803.070	2630.000
803.086	2688.000
803.101	2594.000
803.116	2474.000
803.131	2376.000
803.146	2320.000
803.161	2223.000
803.177	2207.000
803.192	2162.000
803.207	2182.000
803.222	2218.000
803.237	2216.000
803.252	2236.000
803.267	2304.000
803.283	2343.000
803.298	2425.000
803.313	2506.000
803.328	2534.000
803.343	2563.000
803.358	2510.000
803.374	2490.000
803.389	2367.000
803.404	2292.000
803.419	2198.000
803.434	2128.000
803.449	2116.000
803.464	2146.000
803.480	2124.000
803.495	2134.000
803.510	2176.000
803.525	2206.000
803.540	2222.000
803.555	2287.000
803.570	2339.000
803.585	2427.000
803.601	2488.000
803.616	2477.000
803.631	2460.000
803.646	2341.000
803.661	2252.000
803.676	2141.000
803.691	2078.000
803.706	2046.000
803.722	2022.000
803.737	2023.000
803.752	2034.000
803.767	2021.000
803.782	2057.000
803.797	2092.000
803.812	2138.000
803.827	2182.000
803.843	2256.000
803.858	2332.000
803.873	2346.000
803.888	2315.000
803.903	2295.000
803.918	2224.000
803.933	2121.000
803.948	2033.000
803.963	1956.000
803.979	1928.000
803.994	1948.000
804.009	1925.000
804.024	1934.000
804.039	1973.000
804.054	2018.000
804.069	2023.000
804.084	2044.000
804.099	2061.000
804.115	2135.000
804.130	2198.000
804.145	2215.000
804.160	2212.000
804.175	2161.000
804.190	2113.000
804.205	1980.000
804.220	1938.000
804.235	1918.000
804.250	1855.000
804.265	1842.000
804.281	1857.000
804.296	1862.000
804.311	1888.000
804.326	1901.000
804.341	1879.000
804.356	1965.000
804.371	1982.000
804.386	2023.000
804.401	2090.000
804.416	2091.000
804.431	2092.000
804.446	2039.000
804.461	1966.000
804.477	1901.000
804.492	1835.000
804.507	1780.000
804.522	1752.000
804.537	1780.000
804.552	1749.000
804.567	1768.000
804.582	1784.000
804.597	1778.000
804.612	1798.000
804.627	1871.000
804.642	1865.000
804.657	1936.000
804.672	1990.000
804.688	2022.000
804.703	2015.000
804.718	1965.000
804.733	1921.000
804.748	1811.000
804.763	1766.000
804.778	1697.000
804.793	1672.000
804.808	1663.000
804.823	1654.000
804.838	1694.000
804.853	1679.000
804.868	1706.000
804.883	1736.000
804.898	1766.000
804.913	1807.000
804.928	1845.000
804.943	1911.000
804.958	1933.000
804.973	1944.000
804.989	1864.000
805.004	1817.000
805.019	1740.000
805.034	1682.000
805.049	1634.000
805.064	1634.000
805.079	1611.000
805.094	1608.000
805.109	1622.000
805.124	1634.000
805.139	1638.000
805.154	1660.000
805.169	1683.000
805.184	1719.000
805.199	1789.000
805.214	1783.000
805.229	1832.000
805.244	1816.000
805.259	1818.000
805.274	1750.000
805.289	1686.000
805.304	1610.000
805.319	1570.000
805.334	1556.000
805.349	1560.000
805.364	1526.000
805.379	1532.000
805.394	1586.000
805.409	1584.000
805.424	1609.000
805.439	1673.000
805.454	1660.000
805.469	1679.000
805.484	1739.000
805.499	1754.000
805.514	1746.000
805.529	1697.000
805.544	1657.000
805.559	1610.000
805.574	1548.000
805.589	1537.000
805.604	1490.000
805.619	1498.000
805.634	1505.000
805.649	1522.000
805.664	1513.000
805.679	1531.000
805.694	1550.000
805.709	1568.000
805.724	1591.000
805.739	1634.000
805.754	1629.000
805.769	1678.000
805.784	1684.000
805.799	1662.000
805.814	1623.000
805.829	1588.000
805.844	1530.000
805.859	1464.000
805.874	1477.000
805.889	1435.000
805.904	1430.000
805.919	1448.000
805.934	1449.000
805.949	1434.000
805.964	1458.000
805.979	1479.000
805.994	1524.000
806.009	1544.000
806.024	1581.000
806.039	1626.000
806.054	1658.000
806.069	1626.000
806.084	1574.000
806.099	1576.000
806.114	1479.000
806.129	1464.000
806.144	1415.000
806.159	1402.000
806.174	1388.000
806.188	1404.000
806.203	1382.000
806.218	1424.000
806.233	1424.000
806.248	1441.000
806.263	1452.000
806.278	1514.000
806.293	1522.000
806.308	1568.000
806.323	1556.000
806.338	1577.000
806.353	1551.000
806.368	1501.000
806.383	1462.000
806.398	1428.000
806.413	1370.000
806.428	1356.000
806.443	1378.000
806.458	1367.000
806.473	1394.000
806.487	1386.000
806.502	1384.000
806.517	1422.000
806.532	1438.000
806.547	1486.000
806.562	1523.000
806.577	1595.000
806.592	1594.000
806.607	1594.000
806.622	1578.000
806.637	1520.000
806.652	1457.000
806.667	1422.000
806.682	1358.000
806.697	1370.000
806.711	1362.000
806.726	1370.000
806.741	1390.000
806.756	1414.000
806.771	1410.000
806.786	1416.000
806.801	1495.000
806.816	1513.000
806.831	1542.000
806.846	1606.000
806.861	1610.000
806.876	1612.000
806.890	1624.000
806.905	1558.000
806.920	1506.000
806.935	1482.000
806.950	1448.000
806.965	1471.000
806.980	1445.000
806.995	1438.000
807.010	1456.000
807.025	1463.000
807.040	1469.000
807.054	1510.000
807.069	1506.000
807.084	1529.000
807.099	1563.000
807.114	1599.000
807.129	1621.000
807.144	1637.000
807.159	1638.000
807.174	1592.000
807.189	1558.000
807.203	1529.000
807.218	1523.000
807.233	1464.000
807.248	1452.000
807.263	1442.000
807.278	1445.000
807.293	1485.000
807.308	1434.000
807.323	1452.000
807.337	1480.000
807.352	1469.000
807.367	1511.000
807.382	1543.000
807.397	1567.000
807.412	1537.000
807.427	1528.000
807.442	1530.000
807.456	1490.000
807.471	1436.000
807.486	1384.000
807.501	1346.000
807.516	1335.000
807.531	1340.000
807.546	1322.000
807.561	1335.000
807.575	1327.000
807.590	1315.000
807.605	1336.000
807.620	1341.000
807.635	1390.000
807.650	1400.000
807.665	1425.000
807.679	1459.000
807.694	1464.000
807.709	1412.000
807.724	1370.000
807.739	1342.000
807.754	1317.000
807.769	1256.000
807.783	1235.000
807.798	1208.000
807.813	1198.000
807.828	1218.000
807.843	1222.000
807.858	1219.000
807.872	1213.000
807.887	1246.000
807.902	1268.000
807.917	1307.000
807.932	1338.000
807.947	1330.000
807.962	1332.000
807.976	1343.000
807.991	1286.000
808.006	1252.000
808.021	1209.000
808.036	1178.000
808.051	1154.000
808.065	1117.000
808.080	1101.000
808.095	1150.000
808.110	1148.000
808.125	1158.000
808.140	1161.000
808.154	1157.000
808.169	1190.000
808.184	1188.000
808.199	1226.000
808.214	1259.000
808.228	1250.000
808.243	1231.000
808.258	1248.000
808.273	1195.000
808.288	1142.000
808.303	1116.000
808.317	1092.000
808.332	1070.000
808.347	1088.000
808.362	1078.000
808.377	1078.000
808.391	1084.000
808.406	1095.000
808.421	1070.000
808.436	1118.000
808.451	1128.000
808.465	1149.000
808.480	1150.000
808.495	1160.000
808.510	1162.000
808.525	1160.000
808.540	1124.000
808.554	1086.000
808.569	1065.000
808.584	1045.000
808.599	1037.000
808.613	1000.000
808.628	1028.000
808.643	1019.000
808.658	1012.000
808.673	1034.000
808.687	1042.000
808.702	1042.000
808.717	1055.000
808.732	1073.000
808.747	1077.000
808.761	1094.000
808.776	1108.000
808.791	1122.000
808.806	1089.000
808.821	1049.000
808.835	1033.000
808.850	1010.000
808.865	1005.000
808.880	994.000
808.894	956.000
808.909	968.000
808.924	1000.000
808.939	983.000
808.953	982.000
808.968	994.000
808.983	978.000
808.998	1005.000
809.013	1028.000
809.027	1067.000
809.042	1064.000
809.057	1078.000
809.072	1074.000
809.086	1062.000
809.101	1017.000
809.116	994.000
809.131	971.000
809.145	950.000
809.160	937.000
809.175	934.000
809.190	936.000
809.204	956.000
809.219	974.000
809.234	970.000
809.249	965.000
809.263	960.000
809.278	1000.000
809.293	1012.000
809.308	1018.000
809.322	1031.000
809.337	1036.000
809.352	1016.000
809.367	990.000
809.381	996.000
809.396	955.000
809.411	928.000
809.426	942.000
809.440	897.000
809.455	919.000
809.470	902.000
809.485	938.000
809.499	969.000
809.514	973.000
809.529	966.000
809.544	962.000
809.558	983.000
809.573	1004.000
809.588	1014.000
809.602	1030.000
809.618	1054.000
809.633	1027.000
809.648	1039.000
809.664	1004.000
809.679	975.000
809.694	951.000
809.710	914.000
809.725	899.000
809.740	908.000
809.756	933.000
809.771	937.000
809.786	958.000
809.802	965.000
809.817	937.000
809.832	973.000
809.847	988.000
809.863	995.000
809.878	1014.000
809.893	1006.000
809.909	1000.000
809.924	1000.000
809.939	964.000
809.955	965.000
809.970	941.000
809.985	892.000
810.000	897.000
810.016	898.000
810.031	897.000
810.046	899.000
810.062	908.000
810.077	916.000
810.092	918.000
810.108	916.000
810.123	920.000
810.138	956.000
810.153	967.000
810.169	976.000
810.184	977.000
810.199	962.000
810.215	935.000
810.230	938.000
810.245	914.000
810.260	912.000
810.276	890.000
810.291	885.000
810.306	900.000
810.321	870.000
810.337	919.000
810.352	903.000
810.367	909.000
810.383	904.000
810.398	918.000
810.413	933.000
810.428	937.000
810.444	959.000
810.459	975.000
810.474	967.000
810.489	952.000
810.505	940.000
810.520	906.000
810.535	887.000
810.550	898.000
810.566	866.000
810.581	874.000
810.596	880.000
810.612	885.000
810.627	886.000
810.642	887.000
810.657	886.000
810.673	908.000
810.688	922.000
810.703	935.000
810.718	938.000
810.734	960.000
810.749	948.000
810.764	932.000
810.779	931.000
810.795	900.000
810.810	901.000
810.825	852.000
810.840	863.000
810.856	861.000
810.871	880.000
810.886	862.000
810.901	871.000
810.916	881.000
810.932	886.000
810.947	877.000
810.962	927.000
810.977	922.000
810.993	941.000
811.008	963.000
811.023	956.000
811.038	938.000
811.054	918.000
811.069	879.000
811.084	872.000
811.099	874.000
811.114	845.000
811.130	851.000
811.145	867.000
811.160	852.000
811.175	858.000
811.191	861.000
811.206	870.000
811.221	884.000
811.236	893.000
811.251	902.000
811.267	918.000
811.282	942.000
811.297	930.000
811.312	922.000
811.328	898.000
811.343	890.000
811.358	868.000
811.373	878.000
811.388	864.000
811.404	834.000
811.419	840.000
811.434	864.000
811.449	877.000
811.464	860.000
811.480	867.000
811.495	864.000
811.510	889.000
811.525	914.000
811.540	906.000
811.556	922.000
811.571	911.000
811.586	900.000
811.601	923.000
811.616	882.000
811.632	885.000
811.647	874.000
811.662	840.000
811.677	862.000
811.692	875.000
811.708	832.000
811.723	858.000
811.738	862.000
811.753	872.000
811.768	879.000
811.783	869.000
811.799	894.000
811.814	896.000
811.829	911.000
811.844	904.000
811.859	917.000
811.875	922.000
811.890	908.000
811.905	867.000
811.920	886.000
811.935	862.000
811.950	846.000
811.966	839.000
811.981	847.000
811.996	852.000
812.011	845.000
812.026	863.000
812.041	880.000
812.057	888.000
812.072	885.000
812.087	916.000
812.102	923.000
812.117	922.000
812.132	935.000
812.148	941.000
812.163	917.000
812.178	894.000
812.193	894.000
812.208	880.000
812.223	863.000
812.239	857.000
812.254	870.000
812.269	870.000
812.284	883.000
812.299	879.000
812.314	887.000
812.329	876.000
812.345	907.000
812.360	914.000
812.375	936.000
812.390	934.000
812.405	964.000
812.420	936.000
812.435	937.000
812.451	930.000
812.466	906.000
812.481	894.000
812.496	880.000
812.511	882.000
812.526	890.000
812.541	910.000
812.557	887.000
812.572	908.000
812.587	912.000
812.602	930.000
812.617	931.000
812.632	961.000
812.647	982.000
812.662	987.000
812.678	992.000
812.693	1003.000
812.708	972.000
812.723	972.000
812.738	966.000
812.753	938.000
812.768	960.000
812.783	940.000
812.799	940.000
812.814	949.000
812.829	956.000
812.844	986.000
812.859	984.000
812.874	973.000
812.889	1002.000
812.904	1012.000
812.919	1039.000
812.935	1050.000
812.950	1053.000
812.965	1068.000
812.980	1050.000
812.995	1052.000
813.010	1038.000
813.025	1012.000
813.040	1016.000
813.055	993.000
813.071	1014.000
813.086	1020.000
813.101	1012.000
813.116	1040.000
813.131	1038.000
813.146	1052.000
813.161	1075.000
813.176	1072.000
813.191	1099.000
813.206	1076.000
813.222	1107.000
813.237	1113.000
813.252	1130.000
813.267	1135.000
813.282	1101.000
813.297	1136.000
813.312	1114.000
813.327	1110.000
813.342	1100.000
813.357	1105.000
813.372	1109.000
813.387	1120.000
813.403	1137.000
813.418	1138.000
813.433	1147.000
813.448	1156.000
813.463	1189.000
813.478	1206.000
813.493	1251.000
813.508	1263.000
813.523	1268.000
813.538	1283.000
813.553	1270.000
813.568	1281.000
813.583	1272.000
813.598	1299.000
813.614	1298.000
813.629	1324.000
813.644	1324.000
813.659	1349.000
813.674	1411.000
813.689	1396.000
813.704	1433.000
813.719	1458.000
813.734	1505.000
813.749	1541.000
813.764	1585.000
813.779	1622.000
813.794	1670.000
813.809	1723.000
813.824	1738.000
813.839	1776.000
813.854	1795.000
813.870	1806.000
813.885	1845.000
813.900	1903.000
813.915	1986.000
813.930	2010.000
813.945	2086.000
813.960	2148.000
813.975	2221.000
813.990	2294.000
814.005	2383.000
814.020	2466.000
814.035	2522.000
814.050	2585.000
814.065	2669.000
814.080	2705.000
814.095	2734.000
814.110	2749.000
814.125	2776.000
814.140	2810.000
814.155	2763.000
814.170	2823.000
814.185	2782.000
814.200	2798.000
814.215	2762.000
814.230	2760.000
814.245	2748.000
814.260	2720.000
814.275	2715.000
814.291	2685.000
814.306	2703.000
814.321	2671.000
814.336	2658.000
814.351	2608.000
814.366	2616.000
814.381	2570.000
814.396	2560.000
814.411	2510.000
814.426	2438.000
814.441	2410.000
814.456	2406.000
814.471	2384.000
814.486	2341.000
814.501	2313.000
814.516	2306.000
814.531	2284.000
814.546	2278.000
814.561	2250.000
814.576	2262.000
814.591	2254.000
814.606	2234.000
814.621	2292.000
814.636	2260.000
814.651	2248.000
814.666	2235.000
814.681	2266.000
814.696	2256.000
814.711	2226.000
814.726	2226.000
814.741	2219.000
814.756	2233.000
814.771	2274.000
814.786	2284.000
814.801	2285.000
814.816	2320.000
814.831	2350.000
814.846	2384.000
814.861	2438.000
814.876	2512.000
814.891	2492.000
814.906	2586.000
814.921	2594.000
814.936	2638.000
814.951	2706.000
814.966	2730.000
814.980	2788.000
814.995	2841.000
815.010	2884.000
815.025	2982.000
815.040	3068.000
815.055	3164.000
815.070	3310.000
815.085	3432.000
815.100	3522.000
815.115	3630.000
815.130	3824.000
815.145	3973.000
815.160	4128.000
815.175	4344.000
815.190	4445.000
815.205	4656.000
815.220	4862.000
815.235	5050.000
815.250	5236.000
815.265	5406.000
815.280	5586.000
815.295	5783.000
815.310	6040.000
815.325	6192.000
815.340	6428.000
815.355	6587.000
815.370	6763.000
815.384	6944.000
815.399	7066.000
815.414	7200.000
815.429	7194.000
815.444	7321.000
815.459	7287.000
815.474	7207.000
815.489	7242.000
815.504	7201.000
815.519	7035.000
815.534	7028.000
815.549	6877.000
815.564	6760.000
815.579	6579.000
815.594	6451.000
815.609	6320.000
815.624	6170.000
815.638	5985.000
815.653	5778.000
815.668	5687.000
815.683	5486.000
815.698	5363.000
815.713	5195.000
815.728	5024.000
815.743	4898.000
815.758	4814.000
815.773	4628.000
815.788	4550.000
815.803	4384.000
815.818	4246.000
815.833	4218.000
815.847	4086.000
815.862	3932.000
815.877	3902.000
815.892	3788.000
815.907	3719.000
815.922	3618.000
815.937	3521.000
815.952	3459.000
815.967	3375.000
815.982	3277.000
815.997	3197.000
816.012	3153.000
816.026	3046.000
816.041	2975.000
816.056	2946.000
816.071	2847.000
816.086	2808.000
816.101	2718.000
816.116	2649.000
816.131	2564.000
816.146	2534.000
816.161	2451.000
816.175	2412.000
816.190	2306.000
816.205	2255.000
816.220	2226.000
816.235	2132.000
816.250	2147.000
816.265	2085.000
816.280	2032.000
816.295	2004.000
816.309	1954.000
816.324	1906.000
816.339	1860.000
816.354	1831.000
816.369	1747.000
816.384	1742.000
816.399	1688.000
816.414	1610.000
816.429	1587.000
816.443	1548.000
816.458	1507.000
816.473	1472.000
816.488	1455.000
816.503	1438.000
816.518	1401.000
816.533	1351.000
816.548	1330.000
816.562	1282.000
816.577	1296.000
816.592	1260.000
816.607	1229.000
816.622	1217.000
816.637	1162.000
816.652	1155.000
816.667	1117.000
816.681	1106.000
816.696	1060.000
816.711	1066.000
816.726	1048.000
816.741	1012.000
816.756	974.000
816.771	964.000
816.785	949.000
816.800	933.000
816.815	915.000
816.830	909.000
816.845	884.000
816.860	876.000
816.875	865.000
816.889	873.000
816.904	861.000
816.919	831.000
816.934	815.000
816.949	796.000
816.964	769.000
816.978	764.000
816.993	747.000
817.008	741.000
817.023	727.000
817.038	760.000
817.053	702.000
817.068	703.000
817.082	688.000
817.097	678.000
817.112	682.000
817.127	687.000
817.142	677.000
817.157	650.000
817.171	664.000
817.186	657.000
817.201	642.000
817.216	633.000
817.231	600.000
817.246	596.000
817.260	593.000
817.275	603.000
817.290	597.000
817.305	564.000
817.320	563.000
817.334	557.000
817.349	565.000
817.364	566.000
817.379	545.000
817.394	567.000
817.409	532.000
817.423	550.000
817.438	548.000
817.453	552.000
817.468	545.000
817.483	536.000
817.497	526.000
817.512	531.000
817.527	519.000
817.542	508.000
817.557	490.000
817.571	490.000
817.586	475.000
817.601	486.000
817.616	476.000
817.631	486.000
817.645	485.000
817.660	470.000
817.675	474.000
817.690	470.000
817.705	468.000
817.719	482.000
817.734	493.000
817.749	494.000
817.764	488.000
817.779	484.000
817.793	468.000
817.808	448.000
817.823	446.000
817.838	438.000
817.853	439.000
817.867	444.000
817.882	434.000
817.897	424.000
817.912	435.000
817.926	425.000
817.941	435.000
817.956	433.000
817.971	432.000
817.986	443.000
818.000	438.000
818.015	450.000
818.030	460.000
818.045	447.000
818.059	446.000
818.074	420.000
818.089	422.000
818.104	438.000
818.119	411.000
818.133	410.000
818.148	405.000
818.163	429.000
818.178	386.000
818.192	408.000
818.207	397.000
818.222	406.000
818.237	419.000
818.251	391.000
818.266	401.000
818.281	404.000
818.296	412.000
818.310	420.000
818.325	423.000
818.340	416.000
818.355	426.000
818.369	402.000
818.384	382.000
818.399	368.000
818.414	385.000
818.428	378.000
818.443	369.000
818.458	367.000
818.473	358.000
818.487	388.000
818.502	390.000
818.517	392.000
818.532	382.000
818.546	378.000
818.561	388.000
818.576	400.000
818.591	385.000
818.605	400.000
818.620	391.000
818.635	369.000
818.649	375.000
818.664	351.000
818.679	355.000
818.694	354.000
818.708	337.000
818.723	350.000
818.738	336.000
818.753	347.000
818.767	339.000
818.782	348.000
818.797	377.000
818.811	354.000
818.826	362.000
818.841	359.000
818.856	363.000
818.870	368.000
818.885	365.000
818.900	352.000
818.914	356.000
818.929	352.000
818.944	338.000
818.959	332.000
818.973	318.000
818.988	333.000
819.003	326.000
819.017	323.000
819.032	324.000
819.047	336.000
819.062	332.000
819.076	326.000
819.091	330.000
819.106	338.000
819.120	339.000
819.135	348.000
819.150	339.000
819.164	346.000
819.179	339.000
819.194	342.000
819.209	333.000
819.223	331.000
819.238	332.000
819.253	342.000
819.267	320.000
819.282	305.000
819.297	318.000
819.311	322.000
819.326	312.000
819.341	320.000
819.355	323.000
819.370	328.000
819.385	332.000
819.399	328.000
819.414	344.000
819.429	325.000
819.444	327.000
819.458	334.000
819.473	338.000
819.488	334.000
819.502	329.000
819.517	309.000
819.532	303.000
819.546	310.000
819.561	298.000
819.576	306.000
819.590	304.000
819.605	297.000
819.620	309.000
819.634	311.000
819.649	302.000
819.664	312.000
819.678	320.000
819.693	317.000
819.708	332.000
819.722	316.000
819.737	319.000
819.752	326.000
819.766	332.000
819.781	324.000
819.795	304.000
819.810	300.000
819.825	294.000
819.839	305.000
819.854	300.000
819.869	304.000
819.883	295.000
819.898	300.000
819.913	306.000
819.927	314.000
819.942	316.000
819.957	313.000
819.971	321.000
819.986	311.000
820.001	324.000
820.015	326.000
820.030	312.000
820.044	304.000
820.059	316.000
820.074	307.000
820.088	292.000
820.103	300.000
820.118	292.000
820.132	302.000
820.147	290.000
820.161	304.000
820.176	299.000
820.191	306.000
820.205	297.000
820.220	305.000
820.235	296.000
820.249	314.000
820.264	310.000
820.278	303.000
820.293	306.000
820.308	313.000
820.322	313.000
820.337	297.000
820.352	306.000
820.366	298.000
820.381	294.000
820.395	271.000
820.410	289.000
820.425	286.000
820.439	294.000
820.454	298.000
820.468	288.000
820.483	302.000
820.498	304.000
820.512	299.000
820.527	301.000
820.541	310.000
820.556	309.000
820.571	311.000
820.585	306.000
820.600	305.000
820.614	309.000
820.629	300.000
820.644	298.000
820.658	289.000
820.673	284.000
820.687	286.000
820.702	274.000
820.717	289.000
820.731	288.000
820.746	283.000
820.760	285.000
820.775	286.000
820.790	290.000
820.804	290.000
820.819	284.000
820.833	296.000
820.848	299.000
820.862	307.000
820.877	294.000
820.892	300.000
820.906	300.000
820.921	288.000
820.935	284.000
820.950	274.000
820.964	282.000
820.979	277.000
820.994	279.000
821.008	276.000
821.023	294.000
821.037	285.000
821.052	280.000
821.066	292.000
821.081	281.000
821.096	290.000
821.110	288.000
821.125	293.000
821.139	293.000
821.154	302.000
821.168	291.000
821.183	289.000
821.197	289.000
821.212	280.000
821.227	270.000
821.241	273.000
821.256	280.000
821.270	276.000
821.285	273.000
821.299	271.000
821.314	281.000
821.328	275.000
821.343	276.000
821.357	266.000
821.372	275.000
821.387	276.000
821.401	280.000
821.416	291.000
821.430	276.000
821.445	291.000
821.459	291.000
821.474	286.000
821.488	281.000
821.503	276.000
821.517	263.000
821.532	266.000
821.546	262.000
821.561	261.000
821.576	266.000
821.590	257.000
821.605	271.000
821.619	284.000
821.634	265.000
821.648	283.000
821.663	274.000
821.677	271.000
821.692	267.000
821.706	283.000
821.721	257.000
821.735	276.000
821.750	281.000
821.764	268.000
821.779	266.000
821.793	267.000
821.808	256.000
821.822	256.000
821.837	263.000
821.851	254.000
821.866	259.000
821.880	258.000
821.895	263.000
821.909	264.000
821.924	266.000
821.938	252.000
821.953	294.000
821.967	267.000
821.982	264.000
821.996	276.000
822.011	280.000
822.025	278.000
822.040	277.000
822.054	271.000
822.069	270.000
822.083	261.000
822.098	256.000
822.112	270.000
822.127	253.000
822.141	252.000
822.156	240.000
822.170	252.000
822.185	246.000
822.199	259.000
822.214	283.000
822.228	266.000
822.243	251.000
822.257	258.000
822.272	265.000
822.286	266.000
822.301	262.000
822.315	277.000
822.330	272.000
822.344	265.000
822.359	266.000
822.373	248.000
822.388	243.000
822.402	238.000
822.416	242.000
822.431	253.000
822.445	248.000
822.460	242.000
822.474	255.000
822.489	242.000
822.503	252.000
822.518	255.000
822.532	257.000
822.547	247.000
822.561	258.000
822.576	258.000
822.590	256.000
822.605	256.000
822.619	264.000
822.633	264.000
822.648	245.000
822.662	247.000
822.677	244.000
822.691	238.000
822.706	242.000
822.720	232.000
822.735	238.000
822.749	236.000
822.763	234.000
822.778	234.000
822.792	249.000
822.807	242.000
822.821	252.000
822.836	248.000
822.850	253.000
822.865	254.000
822.879	258.000
822.893	257.000
822.908	254.000
822.922	242.000
822.937	242.000
822.951	240.000
822.966	240.000
822.980	234.000
822.994	239.000
823.009	230.000
823.023	232.000
823.038	232.000
823.052	230.000
823.067	236.000
823.081	246.000
823.095	247.000
823.110	249.000
823.124	242.000
823.139	244.000
823.153	246.000
823.168	253.000
823.182	248.000
823.196	258.000
823.211	243.000
823.225	235.000
823.240	245.000
823.254	228.000
823.268	241.000
823.283	228.000
823.297	234.000
823.312	241.000
823.326	239.000
823.340	227.000
823.355	228.000
823.369	236.000
823.384	238.000
823.398	239.000
823.412	241.000
823.427	237.000
823.441	244.000
823.456	233.000
823.470	249.000
823.484	242.000
823.499	241.000
823.513	237.000
823.528	243.000
823.542	236.000
823.556	220.000
823.571	230.000
823.585	227.000
823.600	223.000
823.614	229.000
823.628	232.000
823.643	224.000
823.657	230.000
823.671	227.000
823.686	235.000
823.700	239.000
823.715	232.000
823.729	250.000
823.743	244.000
823.758	244.000
823.772	242.000
823.786	248.000
823.801	256.000
823.815	226.000
823.830	230.000
823.844	215.000
823.858	221.000
823.873	220.000
823.887	222.000
823.901	224.000
823.916	234.000
823.930	218.000
823.945	224.000
823.959	231.000
823.973	221.000
823.988	227.000
824.002	234.000
824.016	234.000
824.031	235.000
824.045	240.000
824.059	238.000
824.074	239.000
824.088	226.000
824.102	221.000
824.117	228.000
824.131	227.000
824.145	222.000
824.160	212.000
824.174	223.000
824.188	222.000
824.203	214.000
824.217	226.000
824.232	225.000
824.246	224.000
824.260	234.000
824.275	228.000
824.289	237.000
824.303	245.000
824.318	234.000
824.332	233.000
824.346	228.000
824.361	234.000
824.375	219.000
824.389	224.000
824.404	226.000
824.418	221.000
824.432	226.000
824.446	212.000
824.461	220.000
824.475	220.000
824.489	216.000
824.504	220.000
824.518	215.000
824.532	219.000
824.547	224.000
824.561	229.000
824.575	219.000
824.590	236.000
824.604	258.000
824.618	223.000
824.633	233.000
824.647	226.000
824.661	222.000
824.676	225.000
824.690	243.000
824.704	224.000
824.718	213.000
824.733	210.000
824.747	217.000
824.761	206.000
824.776	240.000
824.791	238.000
824.806	252.000
824.821	275.000
824.836	255.000
824.851	244.000
824.866	258.000
824.880	238.000
824.895	230.000
824.910	245.000
824.925	227.000
824.940	228.000
824.955	222.000
824.970	235.000
824.985	230.000
825.000	244.000
825.014	239.000
825.029	229.000
825.044	243.000
825.059	232.000
825.074	237.000
825.089	253.000
825.104	234.000
825.119	242.000
825.134	234.000
825.148	239.000
825.163	235.000
825.178	241.000
825.193	234.000
825.208	224.000
825.223	226.000
825.238	212.000
825.253	226.000
825.267	220.000
825.282	238.000
825.297	222.000
825.312	239.000
825.327	230.000
825.342	246.000
825.357	244.000
825.372	234.000
825.386	239.000
825.401	234.000
825.416	237.000
825.431	248.000
825.446	230.000
825.461	238.000
825.476	231.000
825.490	237.000
825.505	217.000
825.520	224.000
825.535	220.000
825.550	217.000
825.565	222.000
825.580	230.000
825.594	214.000
825.609	226.000
825.624	226.000
825.639	232.000
825.654	231.000
825.669	233.000
825.683	234.000
825.698	238.000
825.713	236.000
825.728	232.000
825.743	224.000
825.758	230.000
825.773	219.000
825.787	222.000
825.802	215.000
825.817	224.000
825.832	219.000
825.847	217.000
825.862	219.000
825.876	221.000
825.891	216.000
825.906	218.000
825.921	223.000
825.936	230.000
825.951	231.000
825.965	233.000
825.980	223.000
825.995	235.000
826.010	230.000
826.025	220.000
826.039	221.000
826.054	236.000
826.069	221.000
826.084	221.000
826.099	230.000
826.114	220.000
826.128	220.000
826.143	219.000
826.158	231.000
826.173	227.000
826.188	218.000
826.202	204.000
826.217	222.000
826.232	228.000
826.247	236.000
826.262	231.000
826.276	246.000
826.291	231.000
826.306	229.000
826.321	213.000
826.336	214.000
826.351	228.000
826.365	210.000
826.380	221.000
826.395	213.000
826.410	214.000
826.425	204.000
826.439	215.000
826.454	205.000
826.469	215.000
826.484	215.000
826.498	230.000
826.513	215.000
826.528	212.000
826.543	226.000
826.558	220.000
826.572	217.000
826.587	223.000
826.602	226.000
826.617	217.000
826.632	210.000
826.646	230.000
826.661	221.000
826.676	226.000
826.691	212.000
826.705	206.000
826.720	214.000
826.735	200.000
826.750	208.000
826.765	214.000
826.779	206.000
826.794	210.000
826.809	226.000
826.824	210.000
826.838	223.000
826.853	226.000
826.868	228.000
826.883	221.000
826.897	212.000
826.912	208.000
826.927	212.000
826.942	210.000
826.957	212.000
826.971	211.000
826.986	210.000
827.001	214.000
827.016	208.000
827.030	240.000
827.045	207.000
827.060	216.000
827.075	212.000
827.089	212.000
827.104	207.000
827.119	212.000
827.134	214.000
827.148	221.000
827.163	223.000
827.178	220.000
827.193	222.000
827.207	216.000
827.222	204.000
827.237	211.000
827.252	204.000
827.266	201.000
827.281	210.000
827.296	204.000
827.311	210.000
827.325	204.000
827.340	205.000
827.355	205.000
827.369	210.000
827.384	211.000
827.399	199.000
827.414	224.000
827.428	206.000
827.443	215.000
827.458	214.000
827.473	220.000
827.487	214.000
827.502	210.000
827.517	212.000
827.531	203.000
827.546	205.000
827.561	208.000
827.576	204.000
827.590	202.000
827.605	198.000
827.620	200.000
827.634	202.000
827.649	211.000
827.664	206.000
827.679	201.000
827.693	208.000
827.708	202.000
827.723	212.000
827.737	220.000
827.752	221.000
827.767	232.000
827.782	222.000
827.796	218.000
827.811	215.000
827.826	215.000
827.840	205.000
827.855	206.000
827.870	198.000
827.885	189.000
827.899	201.000
827.914	191.000
827.929	204.000
827.943	208.000
827.958	198.000
827.973	214.000
827.987	207.000
828.002	218.000
828.017	210.000
828.031	206.000
828.046	208.000
828.061	207.000
828.076	207.000
828.090	212.000
828.105	208.000
828.120	202.000
828.134	208.000
828.149	208.000
828.164	198.000
828.178	206.000
828.193	208.000
828.208	199.000
828.222	203.000
828.237	216.000
828.252	204.000
828.266	210.000
828.281	202.000
828.296	202.000
828.310	214.000
828.325	213.000
828.340	208.000
828.354	204.000
828.369	214.000
828.384	196.000
828.398	200.000
828.413	202.000
828.428	200.000
828.442	204.000
828.457	200.000
828.472	191.000
828.486	196.000
828.501	214.000
828.516	198.000
828.530	212.000
828.545	210.000
828.560	207.000
828.574	200.000
828.589	192.000
828.604	205.000
828.618	201.000
828.633	221.000
828.648	201.000
828.662	202.000
828.677	209.000
828.691	201.000
828.706	193.000
828.721	204.000
828.735	211.000
828.750	200.000
828.765	196.000
828.779	204.000
828.794	194.000
828.809	206.000
828.823	195.000
828.838	206.000
828.853	207.000
828.867	207.000
828.882	203.000
828.896	216.000
828.911	204.000
828.926	208.000
828.940	216.000
828.955	217.000
828.970	208.000
828.984	199.000
828.999	202.000
829.013	201.000
829.028	196.000
829.043	186.000
829.057	208.000
829.072	201.000
829.087	205.000
829.101	200.000
829.116	208.000
829.130	209.000
829.145	201.000
829.160	213.000
829.174	208.000
829.189	204.000
829.203	213.000
829.218	209.000
829.233	202.000
829.247	207.000
829.262	198.000
829.276	201.000
829.291	199.000
829.306	188.000
829.320	194.000
829.335	192.000
829.349	192.000
829.364	194.000
829.379	202.000
829.393	197.000
829.408	198.000
829.422	204.000
829.437	201.000
829.452	190.000
829.466	207.000
829.481	210.000
829.495	206.000
829.510	203.000
829.525	196.000
829.539	199.000
829.554	195.000
829.568	196.000
829.583	192.000
829.598	191.000
829.612	188.000
829.627	192.000
829.641	182.000
829.656	193.000
829.670	206.000
829.685	187.000
829.700	193.000
829.714	190.000
829.729	215.000
829.743	197.000
829.758	198.000
829.772	204.000
829.787	196.000
829.802	202.000
829.816	204.000
829.831	191.000
829.845	195.000
829.860	189.000
829.874	188.000
829.889	229.000
829.904	203.000
829.918	185.000
829.933	186.000
829.947	192.000
829.962	192.000
829.976	192.000
829.991	196.000
830.005	193.000
830.020	184.000
830.035	186.000
830.049	194.000
830.064	194.000
830.078	199.000
830.093	205.000
830.107	194.000
830.122	187.000
830.136	186.000
830.151	185.000
830.166	204.000
830.180	186.000
830.195	184.000
830.209	185.000
830.224	186.000
830.238	190.000
830.253	192.000
830.267	180.000
830.282	186.000
830.296	200.000
830.311	198.000
830.325	191.000
830.340	186.000
830.355	190.000
830.369	186.000
830.384	193.000
830.398	193.000
830.413	193.000
830.427	186.000
830.442	192.000
830.456	195.000
830.471	192.000
830.485	185.000
830.500	192.000
830.514	184.000
830.529	190.000
830.543	182.000
830.558	190.000
830.572	189.000
830.587	183.000
830.601	181.000
830.616	191.000
830.630	190.000
830.645	197.000
830.659	189.000
830.674	194.000
830.688	189.000
830.703	195.000
830.718	202.000
830.732	187.000
830.747	178.000
830.761	190.000
830.776	182.000
830.790	186.000
830.805	179.000
830.819	174.000
830.834	180.000
830.848	184.000
830.863	180.000
830.877	188.000
830.892	198.000
830.906	187.000
830.921	188.000
830.935	198.000
830.949	190.000
830.964	188.000
830.978	193.000
830.993	184.000
831.007	184.000
831.022	182.000
831.036	183.000
831.051	179.000
831.065	193.000
831.080	178.000
831.094	182.000
831.109	191.000
831.123	190.000
831.138	189.000
831.152	178.000
831.167	180.000
831.181	177.000
831.196	174.000
831.210	186.000
831.225	180.000
831.239	182.000
831.254	192.000
831.268	188.000
831.283	182.000
831.297	187.000
831.311	196.000
831.326	181.000
831.340	192.000
831.355	192.000
831.369	181.000
831.384	184.000
831.398	185.000
831.413	187.000
831.427	180.000
831.442	182.000
831.456	181.000
831.471	192.000
831.485	180.000
831.499	177.000
831.514	188.000
831.528	178.000
831.543	193.000
831.557	184.000
831.572	184.000
831.586	196.000
831.601	192.000
831.615	188.000
831.629	184.000
831.644	189.000
831.658	182.000
831.673	180.000
831.687	183.000
831.702	183.000
831.716	180.000
831.731	176.000
831.745	173.000
831.759	182.000
831.774	186.000
831.788	174.000
831.803	181.000
831.817	184.000
831.832	184.000
831.846	178.000
831.860	181.000
831.875	193.000
831.889	185.000
831.904	192.000
831.918	190.000
831.933	181.000
831.947	182.000
831.961	182.000
831.976	179.000
831.990	189.000
832.005	200.000
832.019	181.000
832.033	174.000
832.048	184.000
832.062	176.000
832.077	178.000
832.091	182.000
832.106	187.000
832.120	190.000
832.134	183.000
832.149	189.000
832.163	188.000
832.178	181.000
832.192	178.000
832.206	184.000
832.221	182.000
832.235	198.000
832.250	196.000
832.264	178.000
832.278	181.000
832.293	171.000
832.307	179.000
832.322	183.000
832.336	180.000
832.350	176.000
832.365	177.000
832.379	186.000
832.394	179.000
832.408	182.000
832.422	185.000
832.437	184.000
832.451	180.000
832.465	183.000
832.480	179.000
832.494	184.000
832.509	192.000
832.523	182.000
832.537	178.000
832.552	174.000
832.566	180.000
832.581	186.000
832.595	173.000
832.609	177.000
832.624	181.000
832.638	174.000
832.652	174.000
832.667	178.000
832.681	182.000
832.696	187.000
832.710	179.000
832.724	180.000
832.739	186.000
832.753	178.000
832.767	174.000
832.782	187.000
832.796	172.000
832.810	184.000
832.825	176.000
832.839	176.000
832.853	170.000
832.868	176.000
832.882	177.000
832.897	179.000
832.911	177.000
832.925	180.000
832.940	178.000
832.954	176.000
832.968	204.000
832.983	188.000
832.997	174.000
833.011	176.000
833.026	181.000
833.040	198.000
833.054	199.000
833.069	203.000
833.083	175.000
833.097	212.000
833.112	175.000
833.126	178.000
833.140	183.000
833.155	170.000
833.169	179.000
833.183	178.000
833.198	170.000
833.212	175.000
833.226	172.000
833.241	179.000
833.255	172.000
833.269	173.000
833.284	182.000
833.298	174.000
833.312	176.000
833.327	178.000
833.341	183.000
833.355	182.000
833.370	184.000
833.384	176.000
833.398	181.000
833.413	177.000
833.427	181.000
833.441	181.000
833.456	178.000
833.470	170.000
833.484	168.000
833.499	180.000
833.513	173.000
833.527	170.000
833.542	172.000
833.556	168.000
833.570	184.000
833.584	176.000
833.599	170.000
833.613	184.000
833.627	179.000
833.642	176.000
833.656	175.000
833.670	186.000
833.685	184.000
833.699	175.000
833.713	197.000
833.727	182.000
833.742	174.000
833.756	172.000
833.770	176.000
833.785	174.000
833.799	172.000
833.813	172.000
833.827	173.000
833.842	166.000
833.856	174.000
833.870	175.000
833.885	174.000
833.899	182.000
833.913	184.000
833.927	178.000
833.942	184.000
833.956	176.000
833.970	176.000
833.985	176.000
833.999	178.000
834.013	171.000
834.027	178.000
834.042	176.000
834.056	175.000
834.070	171.000
834.085	170.000
834.099	166.000
834.113	174.000
834.127	170.000
834.142	174.000
834.156	194.000
834.170	178.000
834.184	173.000
834.199	171.000
834.213	169.000
834.227	166.000
834.241	182.000
834.256	178.000
834.270	185.000
834.284	192.000
834.298	168.000
834.313	178.000
834.327	171.000
834.341	170.000
834.355	168.000
834.370	172.000
834.384	174.000
834.398	176.000
834.412	172.000
834.427	166.000
834.441	169.000
834.455	171.000
834.469	170.000
834.484	174.000
834.498	168.000
834.512	172.000
834.526	168.000
834.541	172.000
834.555	176.000
834.569	175.000
834.583	183.000
834.598	179.000
834.612	180.000
834.626	170.000
834.640	172.000
834.655	172.000
834.669	174.000
834.683	167.000
834.697	166.000
834.711	167.000
834.726	174.000
834.740	171.000
834.754	175.000
834.768	176.000
834.783	168.000
834.797	172.000
834.811	177.000
834.825	184.000
834.839	180.000
834.854	174.000
834.868	178.000
834.882	172.000
834.896	175.000
834.910	174.000
834.925	181.000
834.939	175.000
834.953	167.000
834.967	165.000
834.982	168.000
834.996	161.000
835.010	176.000
835.024	166.000
835.038	164.000
835.053	166.000
835.067	184.000
835.081	174.000
835.095	170.000
835.109	182.000
835.124	177.000
835.138	172.000
835.152	180.000
835.166	173.000
835.180	172.000
835.195	169.000
835.209	167.000
835.223	163.000
835.237	177.000
835.251	168.000
835.265	172.000
835.280	165.000
835.294	159.000
835.308	164.000
835.322	164.000
835.336	176.000
835.351	168.000
835.365	173.000
835.379	162.000
835.393	162.000
835.407	165.000
835.421	172.000
835.436	166.000
835.450	170.000
835.464	168.000
835.478	171.000
835.492	170.000
835.506	176.000
835.521	168.000
835.535	170.000
835.549	159.000
835.563	166.000
835.577	162.000
835.591	169.000
835.606	158.000
835.620	165.000
835.634	171.000
835.648	169.000
835.662	161.000
835.676	165.000
835.691	166.000
835.705	172.000
835.719	173.000
835.733	166.000
835.747	172.000
835.761	163.000
835.775	165.000
835.790	163.000
835.804	166.000
835.818	160.000
835.832	172.000
835.846	166.000
835.860	170.000
835.874	170.000
835.889	166.000
835.903	166.000
835.917	166.000
835.931	166.000
835.945	157.000
835.959	158.000
835.973	165.000
835.988	164.000
836.002	156.000
836.016	165.000
836.030	157.000
836.044	169.000
836.058	153.000
836.072	163.000
836.086	168.000
836.101	167.000
836.115	166.000
836.129	162.000
836.143	167.000
836.157	166.000
836.171	178.000
836.185	159.000
836.199	156.000
836.214	166.000
836.228	158.000
836.242	164.000
836.256	158.000
836.270	160.000
836.284	158.000
836.298	167.000
836.312	168.000
836.326	163.000
836.341	174.000
836.355	168.000
836.369	164.000
836.383	165.000
836.397	169.000
836.411	166.000
836.425	160.000
836.439	158.000
836.453	170.000
836.468	160.000
836.482	177.000
836.496	166.000
836.510	161.000
836.524	156.000
836.538	175.000
836.552	166.000
836.566	156.000
836.580	162.000
836.594	156.000
836.608	154.000
836.623	147.000
836.637	160.000
836.651	152.000
836.665	159.000
836.679	159.000
836.693	168.000
836.707	163.000
836.721	163.000
836.735	166.000
836.749	160.000
836.763	157.000
836.777	179.000
836.792	158.000
836.806	155.000
836.820	164.000
836.834	162.000
836.848	160.000
836.862	155.000
836.876	161.000
836.890	159.000
836.904	154.000
836.918	168.000
836.932	170.000
836.946	161.000
836.960	160.000
836.974	161.000
836.988	151.000
837.003	158.000
837.017	153.000
837.031	188.000
837.045	156.000
837.059	162.000
837.073	148.000
837.087	164.000
837.101	158.000
837.115	160.000
837.129	157.000
837.143	158.000
837.157	153.000
837.171	142.000
837.185	156.000
837.199	153.000
837.213	153.000
837.227	161.000
837.241	158.000
837.255	175.000
837.269	168.000
837.283	162.000
837.298	161.000
837.312	160.000
837.326	151.000
837.340	149.000
837.354	154.000
837.368	152.000
837.382	165.000
837.396	151.000
837.410	154.000
837.424	154.000
837.438	154.000
837.452	150.000
837.466	155.000
837.480	153.000
837.494	154.000
837.508	153.000
837.522	153.000
837.536	153.000
837.550	158.000
837.564	150.000
837.578	162.000
837.592	157.000
837.606	155.000
837.620	162.000
837.634	152.000
837.648	161.000
837.662	150.000
837.676	144.000
837.690	153.000
837.704	152.000
837.718	150.000
837.732	146.000
837.746	151.000
837.760	155.000
837.774	158.000
837.788	158.000
837.802	148.000
837.816	152.000
837.830	152.000
837.844	150.000
837.858	154.000
837.872	154.000
837.886	154.000
837.900	156.000
837.914	156.000
837.928	153.000
837.942	152.000
837.956	158.000
837.970	155.000
837.984	158.000
837.998	150.000
838.012	146.000
838.026	154.000
838.040	148.000
838.054	152.000
838.068	148.000
838.082	150.000
838.096	161.000
838.110	176.000
838.124	155.000
838.138	155.000
838.152	160.000
838.166	156.000
838.180	150.000
838.194	152.000
838.208	156.000
838.222	150.000
838.236	143.000
838.250	150.000
838.264	145.000
838.278	148.000
838.292	153.000
838.306	158.000
838.319	148.000
838.333	151.000
838.347	142.000
838.361	137.000
838.375	156.000
838.389	152.000
838.403	157.000
838.417	155.000
838.431	155.000
838.445	148.000
838.459	154.000
838.473	147.000
838.487	153.000
838.501	161.000
838.515	142.000
838.529	150.000
838.543	150.000
838.557	160.000
838.571	182.000
838.585	152.000
838.599	148.000
838.612	147.000
838.626	148.000
838.640	148.000
838.654	146.000
838.668	146.000
838.682	157.000
838.696	145.000
838.710	146.000
838.724	153.000
838.738	156.000
838.752	149.000
838.766	153.000
838.780	150.000
838.794	153.000
838.808	152.000
838.821	152.000
838.835	154.000
838.849	149.000
838.863	142.000
838.877	150.000
838.891	156.000
838.905	148.000
838.919	146.000
838.933	154.000
838.947	151.000
838.961	144.000
838.975	146.000
838.988	154.000
839.002	157.000
839.016	149.000
839.030	156.000
839.044	152.000
839.058	147.000
839.072	160.000
839.086	153.000
839.100	158.000
839.114	148.000
839.128	149.000
839.141	157.000
839.155	158.000
839.169	150.000
839.183	154.000
839.197	144.000
839.211	147.000
839.225	152.000
839.239	146.000
839.253	147.000
839.266	151.000
839.280	154.000
839.294	150.000
839.308	162.000
839.322	149.000
839.336	150.000
839.350	194.000
839.364	147.000
839.378	154.000
839.391	147.000
839.405	142.000
839.419	152.000
839.433	168.000
839.447	157.000
839.461	149.000
839.475	145.000
839.489	150.000
839.502	142.000
