794.000	21638.000
794.016	24939.000
794.031	29194.000
794.047	32031.000
794.063	32490.000
794.079	31848.000
794.094	30020.000
794.110	26344.000
794.126	23027.000
794.142	20938.000
794.157	19941.000
794.173	19396.000
794.189	19054.000
794.204	18643.000
794.220	18355.000
794.236	18356.000
794.252	19001.000
794.267	21002.000
794.283	24298.000
794.299	27790.000
794.314	29606.000
794.330	29490.000
794.346	28692.000
794.362	26420.000
794.377	23122.000
794.393	20575.000
794.409	19170.000
794.424	18368.000
794.440	18048.000
794.456	17770.000
794.472	17572.000
794.487	17250.000
794.503	17440.000
794.519	18442.000
794.534	20706.000
794.550	24062.000
794.566	26655.000
794.581	27672.000
794.597	27313.000
794.613	26229.000
794.629	23736.000
794.644	20888.000
794.660	18889.000
794.676	17840.000
794.691	17326.000
794.707	17025.000
794.723	16783.000
794.738	16607.000
794.754	16432.000
794.770	16897.000
794.785	18064.000
794.801	20565.000
794.817	23313.000
794.832	25160.000
794.848	25457.000
794.864	25046.000
794.880	23752.000
794.895	21308.000
794.911	18993.000
794.927	17455.000
794.942	16713.000
794.958	16326.000
794.974	16162.000
794.989	15872.000
795.005	15667.000
795.021	15706.000
795.036	16038.000
795.052	17324.000
795.068	19630.000
795.083	22226.000
795.099	23486.000
795.115	23601.000
795.130	23027.000
795.146	21485.000
795.162	19228.000
795.177	17334.000
795.193	16468.000
795.209	15825.000
795.224	15684.000
795.240	15427.000
795.256	15119.000
795.271	14964.000
795.287	14992.000
795.303	15358.000
795.318	16740.000
795.334	18831.000
795.350	20872.000
795.365	21708.000
795.381	21646.000
795.396	21000.000
795.412	19396.000
795.428	17640.000
795.443	16231.000
795.459	15423.000
795.475	15035.000
795.490	14810.000
795.506	14608.000
795.522	14356.000
795.537	14210.000
795.553	14280.000
795.569	14932.000
795.584	16444.000
795.600	18398.000
795.615	20004.000
795.631	20582.000
795.647	20493.000
795.662	19659.000
795.678	17996.000
795.694	16345.000
795.709	15207.000
795.725	14504.000
795.741	14170.000
795.756	13965.000
795.772	13737.000
795.787	13549.000
795.803	13502.000
795.819	13772.000
795.834	14429.000
795.850	15754.000
795.866	17682.000
795.881	19088.000
795.897	19477.000
795.912	19270.000
795.928	18400.000
795.944	16940.000
795.959	15402.000
795.975	14348.000
795.990	13760.000
796.006	13582.000
796.022	13434.000
796.037	13139.000
796.053	12854.000
796.068	12852.000
796.084	13154.000
796.100	13769.000
796.115	15018.000
796.131	16504.000
796.147	17710.000
796.162	18044.000
796.178	17673.000
796.193	16857.000
796.209	15678.000
796.225	14420.000
796.240	13603.000
796.256	13114.000
796.271	12834.000
796.287	12788.000
796.303	12525.000
796.318	12438.000
796.334	12431.000
796.349	12582.000
796.365	13180.000
796.380	14380.000
796.396	15600.000
796.412	16484.000
796.427	16727.000
796.443	16424.000
796.458	15659.000
796.474	14553.000
796.490	13363.000
796.505	12761.000
796.521	12431.000
796.536	12331.000
796.552	12207.000
796.567	12001.000
796.583	11895.000
796.599	11852.000
796.614	11911.000
796.630	12568.000
796.645	13617.000
796.661	14624.000
796.676	15422.000
796.692	15635.000
796.708	15345.000
796.723	14712.000
796.739	13828.000
796.754	12736.000
796.770	12167.000
796.785	12031.000
796.801	11711.000
796.817	11509.000
796.832	11418.000
796.848	11268.000
796.863	11133.000
796.879	11289.000
796.894	11883.000
796.910	12905.000
796.925	13885.000
796.941	14566.000
796.957	14832.000
796.972	14500.000
796.988	13910.000
797.003	13002.000
797.019	12074.000
797.034	11572.000
797.050	11315.000
797.065	11220.000
797.081	10970.000
797.097	10849.000
797.112	10650.000
797.128	10628.000
797.143	10728.000
797.159	11334.000
797.174	12156.000
797.190	13064.000
797.205	13740.000
797.221	13805.000
797.236	13636.000
797.252	13036.000
797.267	12204.000
797.283	11372.000
797.299	10994.000
797.314	10684.000
797.330	10594.000
797.345	10500.000
797.361	10464.000
797.376	10280.000
797.392	10336.000
797.407	10535.000
797.423	10969.000
797.438	11732.000
797.454	12582.000
797.469	13040.000
797.485	13164.000
797.500	12932.000
797.516	12404.000
797.531	11679.000
797.547	10948.000
797.562	10538.000
797.578	10390.000
797.594	10284.000
797.609	10241.000
797.625	10174.000
797.640	9988.000
797.656	9948.000
797.671	10182.000
797.687	10550.000
797.702	11081.000
797.718	11851.000
797.733	12440.000
797.749	12595.000
797.764	12273.000
797.780	11856.000
797.795	11121.000
797.811	10438.000
797.826	10056.000
797.842	9871.000
797.857	9787.000
797.873	9688.000
797.888	9538.000
797.904	9480.000
797.919	9394.000
797.935	9438.000
797.950	9777.000
797.966	10340.000
797.981	11079.000
797.997	11567.000
798.012	11779.000
798.028	11620.000
798.043	11242.000
798.059	10696.000
798.074	10077.000
798.089	9661.000
798.105	9496.000
798.120	9349.000
798.136	9300.000
798.151	9171.000
798.167	9018.000
798.182	8919.000
798.198	8927.000
798.213	9112.000
798.229	9531.000
798.244	10174.000
798.260	10745.000
798.275	11060.000
798.291	10934.000
798.306	10732.000
798.322	10206.000
798.337	9696.000
798.353	9392.000
798.368	9068.000
798.383	9010.000
798.399	8936.000
798.414	8882.000
798.430	8705.000
798.445	8514.000
798.461	8434.000
798.476	8608.000
798.492	9003.000
798.507	9558.000
798.523	10063.000
798.538	10369.000
798.554	10341.000
798.569	10067.000
798.584	9762.000
798.600	9225.000
798.615	8953.000
798.631	8655.000
798.646	8521.000
798.662	8312.000
798.677	8271.000
798.693	8162.000
798.708	8116.000
798.724	8020.000
798.739	8151.000
798.754	8492.000
798.770	9126.000
798.785	9598.000
798.801	9891.000
798.816	9943.000
798.832	9764.000
798.847	9428.000
798.862	8904.000
798.878	8524.000
798.893	8268.000
798.909	8102.000
798.924	8039.000
798.940	7942.000
798.955	7877.000
798.970	7784.000
798.986	7722.000
799.001	7804.000
799.017	8089.000
799.032	8474.000
799.048	9037.000
799.063	9358.000
799.078	9416.000
799.094	9315.000
799.109	8975.000
799.125	8640.000
799.140	8259.000
799.156	7940.000
799.171	7796.000
799.186	7742.000
799.202	7670.000
799.217	7583.000
799.233	7500.000
799.248	7395.000
799.263	7438.000
799.279	7609.000
799.294	8005.000
799.310	8367.000
799.325	8711.000
799.341	8855.000
799.356	8795.000
799.371	8622.000
799.387	8230.000
799.402	7988.000
799.418	7707.000
799.433	7536.000
799.448	7504.000
799.464	7354.000
799.479	7274.000
799.495	7250.000
799.510	7206.000
799.525	7112.000
799.541	7267.000
799.556	7544.000
799.571	7953.000
799.587	8237.000
799.602	8452.000
799.618	8447.000
799.633	8327.000
799.648	8022.000
799.664	7686.000
799.679	7415.000
799.695	7321.000
799.710	7186.000
799.725	7072.000
799.741	7033.000
799.756	6915.000
799.771	6758.000
799.787	6688.000
799.802	6832.000
799.818	7008.000
799.833	7393.000
799.848	7736.000
799.864	7912.000
799.879	8028.000
799.894	7965.000
799.910	7729.000
799.925	7432.000
799.941	7180.000
799.956	7007.000
799.971	6834.000
799.987	6739.000
800.002	6618.000
800.017	6498.000
800.033	6391.000
800.048	6359.000
800.063	6380.000
800.079	6496.000
800.094	6828.000
800.110	7188.000
800.125	7420.000
800.140	7569.000
800.156	7566.000
800.171	7463.000
800.186	7190.000
800.202	6883.000
800.217	6636.000
800.232	6513.000
800.248	6411.000
800.263	6386.000
800.278	6219.000
800.294	6144.000
800.309	6065.000
800.324	6006.000
800.340	6155.000
800.355	6357.000
800.370	6643.000
800.386	6937.000
800.401	7106.000
800.417	7133.000
800.432	7085.000
800.447	6859.000
800.463	6580.000
800.478	6335.000
800.493	6125.000
800.509	6102.000
800.524	5998.000
800.539	5947.000
800.555	5913.000
800.570	5815.000
800.585	5808.000
800.600	5846.000
800.616	6022.000
800.631	6253.000
800.646	6545.000
800.662	6701.000
800.677	6853.000
800.692	6848.000
800.708	6607.000
800.723	6347.000
800.738	6096.000
800.754	5913.000
800.769	5824.000
800.784	5805.000
800.800	5745.000
800.815	5651.000
800.830	5646.000
800.846	5630.000
800.861	5592.000
800.876	5683.000
800.891	5848.000
800.907	6117.000
800.922	6365.000
800.937	6445.000
800.953	6476.000
800.968	6448.000
800.983	6222.000
800.999	6026.000
801.014	5824.000
801.029	5674.000
801.045	5675.000
801.060	5616.000
801.075	5536.000
801.090	5504.000
801.106	5473.000
801.121	5338.000
801.136	5410.000
801.152	5484.000
801.167	5673.000
801.182	6026.000
801.197	6152.000
801.213	6262.000
801.228	6258.000
801.243	6044.000
801.259	5899.000
801.274	5853.000
801.289	5658.000
801.304	5566.000
801.320	5550.000
801.335	5555.000
801.350	5480.000
801.366	5421.000
801.381	5404.000
801.396	5454.000
801.411	5503.000
801.427	5782.000
801.442	5898.000
801.457	6179.000
801.472	6318.000
801.488	6419.000
801.503	6309.000
801.518	6215.000
801.534	5986.000
801.549	5923.000
801.564	5836.000
801.579	5700.000
801.595	5663.000
801.610	5577.000
801.625	5512.000
801.640	5471.000
801.656	5391.000
801.671	5380.000
801.686	5512.000
801.701	5694.000
801.717	5886.000
801.732	6102.000
801.747	6215.000
801.762	6101.000
801.778	5974.000
801.793	5762.000
801.808	5533.000
801.823	5376.000
801.839	5250.000
801.854	5152.000
801.869	5101.000
801.884	5041.000
801.900	4991.000
801.915	4924.000
801.930	4906.000
801.945	4905.000
801.961	5109.000
801.976	5323.000
801.991	5469.000
802.006	5599.000
802.022	5584.000
802.037	5562.000
802.052	5417.000
802.067	5280.000
802.082	5094.000
802.098	4998.000
802.113	4910.000
802.128	4880.000
802.143	4856.000
802.159	4769.000
802.174	4677.000
802.189	4638.000
802.204	4615.000
802.220	4702.000
802.235	4870.000
802.250	4986.000
802.265	5192.000
802.280	5211.000
802.296	5220.000
802.311	5122.000
802.326	5068.000
802.341	4892.000
802.356	4763.000
802.372	4666.000
802.387	4678.000
802.402	4628.000
802.417	4630.000
802.433	4590.000
802.448	4526.000
802.463	4492.000
802.478	4547.000
802.493	4589.000
802.509	4668.000
802.524	4872.000
802.539	4993.000
802.554	5028.000
802.569	5021.000
802.585	4884.000
802.600	4773.000
802.615	4630.000
802.630	4515.000
802.645	4465.000
802.661	4510.000
802.676	4486.000
802.691	4377.000
802.706	4305.000
802.721	4300.000
802.736	4291.000
802.752	4276.000
802.767	4444.000
802.782	4564.000
802.797	4714.000
802.812	4779.000
802.828	4806.000
802.843	4806.000
802.858	4653.000
802.873	4528.000
802.888	4450.000
802.903	4351.000
802.919	4330.000
802.934	4315.000
802.949	4286.000
802.964	4220.000
802.979	4147.000
802.995	4078.000
803.010	4074.000
803.025	4113.000
803.040	4206.000
803.055	4346.000
803.070	4546.000
803.086	4633.000
803.101	4639.000
803.116	4612.000
803.131	4538.000
803.146	4465.000
803.161	4312.000
803.177	4248.000
803.192	4200.000
803.207	4200.000
803.222	4095.000
803.237	3992.000
803.252	3951.000
803.267	4011.000
803.283	4009.000
803.298	4090.000
803.313	4188.000
803.328	4323.000
803.343	4430.000
803.358	4474.000
803.374	4559.000
803.389	4476.000
803.404	4392.000
803.419	4250.000
803.434	4108.000
803.449	4066.000
803.464	4031.000
803.480	4037.000
803.495	3958.000
803.510	3941.000
803.525	3956.000
803.540	3933.000
803.555	3932.000
803.570	3979.000
803.585	4046.000
803.601	4169.000
803.616	4226.000
803.631	4301.000
803.646	4257.000
803.661	4202.000
803.676	4118.000
803.691	4030.000
803.706	3975.000
803.722	3946.000
803.737	3916.000
803.752	3911.000
803.767	3849.000
803.782	3878.000
803.797	3804.000
803.812	3794.000
803.827	3812.000
803.843	3885.000
803.858	4003.000
803.873	4038.000
803.888	4124.000
803.903	4151.000
803.918	4174.000
803.933	4107.000
803.948	4027.000
803.963	3944.000
803.979	3936.000
803.994	3814.000
804.009	3892.000
804.024	3806.000
804.039	3756.000
804.054	3744.000
804.069	3703.000
804.084	3687.000
804.099	3701.000
804.115	3726.000
804.130	3868.000
804.145	3957.000
804.160	4032.000
804.175	3994.000
804.190	3972.000
804.205	3932.000
804.220	3912.000
804.235	3811.000
804.250	3796.000
804.265	3736.000
804.281	3734.000
804.296	3715.000
804.311	3680.000
804.326	3641.000
804.341	3573.000
804.356	3582.000
804.371	3545.000
804.386	3610.000
804.401	3710.000
804.416	3798.000
804.431	3864.000
804.446	3932.000
804.461	3875.000
804.477	3875.000
804.492	3734.000
804.507	3693.000
804.522	3686.000
804.537	3614.000
804.552	3575.000
804.567	3512.000
804.582	3536.000
804.597	3494.000
804.612	3447.000
804.627	3463.000
804.642	3442.000
804.657	3521.000
804.672	3587.000
804.688	3672.000
804.703	3726.000
804.718	3751.000
804.733	3778.000
804.748	3707.000
804.763	3610.000
804.778	3587.000
804.793	3490.000
804.808	3436.000
804.823	3428.000
804.838	3428.000
804.853	3367.000
804.868	3351.000
804.883	3354.000
804.898	3308.000
804.913	3307.000
804.928	3429.000
804.943	3509.000
804.958	3612.000
804.973	3676.000
804.989	3672.000
805.004	3696.000
805.019	3616.000
805.034	3569.000
805.049	3459.000
805.064	3432.000
805.079	3384.000
805.094	3343.000
805.109	3287.000
805.124	3304.000
805.139	3283.000
805.154	3216.000
805.169	3226.000
805.184	3229.000
805.199	3315.000
805.214	3380.000
805.229	3412.000
805.244	3477.000
805.259	3512.000
805.274	3528.000
805.289	3459.000
805.304	3476.000
805.319	3360.000
805.334	3356.000
805.349	3350.000
805.364	3272.000
805.379	3275.000
805.394	3232.000
805.409	3204.000
805.424	3204.000
805.439	3127.000
805.454	3167.000
805.469	3197.000
805.484	3287.000
805.499	3313.000
805.514	3372.000
805.529	3420.000
805.544	3396.000
805.559	3364.000
805.574	3278.000
805.589	3208.000
805.604	3186.000
805.619	3177.000
805.634	3148.000
805.649	3110.000
805.664	3086.000
805.679	3066.000
805.694	3088.000
805.709	3065.000
805.724	3081.000
805.739	3094.000
805.754	3167.000
805.769	3230.000
805.784	3354.000
805.799	3352.000
805.814	3372.000
805.829	3308.000
805.844	3232.000
805.859	3192.000
805.874	3118.000
805.889	3102.000
805.904	3078.000
805.919	3031.000
805.934	3024.000
805.949	2980.000
805.964	2932.000
805.979	2957.000
805.994	2945.000
806.009	2970.000
806.024	3062.000
806.039	3112.000
806.054	3197.000
806.069	3195.000
806.084	3222.000
806.099	3192.000
806.114	3134.000
806.129	3115.000
806.144	3047.000
806.159	3028.000
806.174	3006.000
806.188	2982.000
806.203	2928.000
806.218	2945.000
806.233	2859.000
806.248	2851.000
806.263	2892.000
806.278	2938.000
806.293	2981.000
806.308	3035.000
806.323	3074.000
806.338	3132.000
806.353	3113.000
806.368	3104.000
806.383	3085.000
806.398	2995.000
806.413	2971.000
806.428	2949.000
806.443	2908.000
806.458	2903.000
806.473	2888.000
806.487	2845.000
806.502	2829.000
806.517	2800.000
806.532	2794.000
806.547	2847.000
806.562	2883.000
806.577	2916.000
806.592	2964.000
806.607	3018.000
806.622	2999.000
806.637	3024.000
806.652	2946.000
806.667	2921.000
806.682	2907.000
806.697	2864.000
806.711	2848.000
806.726	2814.000
806.741	2811.000
806.756	2748.000
806.771	2773.000
806.786	2766.000
806.801	2718.000
806.816	2742.000
806.831	2782.000
806.846	2862.000
806.861	2907.000
806.876	2905.000
806.890	2926.000
806.905	2913.000
806.920	2891.000
806.935	2867.000
806.950	2835.000
806.965	2840.000
806.980	2784.000
806.995	2741.000
807.010	2688.000
807.025	2679.000
807.040	2657.000
807.054	2652.000
807.069	2614.000
807.084	2634.000
807.099	2664.000
807.114	2708.000
807.129	2768.000
807.144	2830.000
807.159	2838.000
807.174	2854.000
807.189	2835.000
807.203	2777.000
807.218	2771.000
807.233	2720.000
807.248	2733.000
807.263	2684.000
807.278	2671.000
807.293	2693.000
807.308	2601.000
807.323	2578.000
807.337	2584.000
807.352	2526.000
807.367	2594.000
807.382	2649.000
807.397	2702.000
807.412	2765.000
807.427	2782.000
807.442	2730.000
807.456	2744.000
807.471	2716.000
807.486	2672.000
807.501	2644.000
807.516	2572.000
807.531	2564.000
807.546	2558.000
807.561	2518.000
807.575	2521.000
807.590	2517.000
807.605	2503.000
807.620	2471.000
807.635	2536.000
807.650	2556.000
807.665	2610.000
807.679	2670.000
807.694	2676.000
807.709	2714.000
807.724	2723.000
807.739	2694.000
807.754	2629.000
807.769	2607.000
807.783	2532.000
807.798	2501.000
807.813	2498.000
807.828	2530.000
807.843	2476.000
807.858	2473.000
807.872	2459.000
807.887	2461.000
807.902	2513.000
807.917	2489.000
807.932	2584.000
807.947	2635.000
807.962	2673.000
807.976	2672.000
807.991	2693.000
808.006	2622.000
808.021	2564.000
808.036	2553.000
808.051	2522.000
808.065	2472.000
808.080	2460.000
808.095	2455.000
808.110	2472.000
808.125	2454.000
808.140	2436.000
808.154	2412.000
808.169	2409.000
808.184	2470.000
808.199	2535.000
808.214	2538.000
808.228	2607.000
808.243	2617.000
808.258	2592.000
808.273	2588.000
808.288	2548.000
808.303	2544.000
808.317	2562.000
808.332	2502.000
808.347	2481.000
808.362	2478.000
808.377	2475.000
808.391	2452.000
808.406	2439.000
808.421	2391.000
808.436	2366.000
808.451	2396.000
808.465	2408.000
808.480	2442.000
808.495	2486.000
808.510	2526.000
808.525	2519.000
808.540	2540.000
808.554	2510.000
808.569	2486.000
808.584	2452.000
808.599	2492.000
808.613	2462.000
808.628	2426.000
808.643	2434.000
808.658	2389.000
808.673	2394.000
808.687	2375.000
808.702	2372.000
808.717	2404.000
808.732	2392.000
808.747	2428.000
808.761	2456.000
808.776	2449.000
808.791	2494.000
808.806	2503.000
808.821	2504.000
808.835	2472.000
808.850	2487.000
808.865	2431.000
808.880	2446.000
808.894	2412.000
808.909	2372.000
808.924	2378.000
808.939	2390.000
808.953	2366.000
808.968	2354.000
808.983	2336.000
808.998	2358.000
809.013	2350.000
809.027	2404.000
809.042	2423.000
809.057	2487.000
809.072	2484.000
809.086	2486.000
809.101	2488.000
809.116	2457.000
809.131	2443.000
809.145	2419.000
809.160	2388.000
809.175	2388.000
809.190	2348.000
809.204	2342.000
809.219	2353.000
809.234	2326.000
809.249	2298.000
809.263	2299.000
809.278	2338.000
809.293	2362.000
809.308	2366.000
809.322	2367.000
809.337	2404.000
809.352	2445.000
809.367	2468.000
809.381	2435.000
809.396	2382.000
809.411	2335.000
809.426	2357.000
809.440	2322.000
809.455	2299.000
809.470	2296.000
809.485	2279.000
809.499	2267.000
809.514	2307.000
809.529	2290.000
809.544	2280.000
809.558	2278.000
809.573	2317.000
809.588	2328.000
809.602	2344.000
809.618	2338.000
809.633	2400.000
809.648	2463.000
809.664	2401.000
809.679	2365.000
809.694	2355.000
809.710	2298.000
809.725	2272.000
809.740	2280.000
809.756	2277.000
809.771	2274.000
809.786	2251.000
809.802	2288.000
809.817	2268.000
809.832	2247.000
809.847	2275.000
809.863	2267.000
809.878	2292.000
809.893	2292.000
809.909	2303.000
809.924	2342.000
809.939	2326.000
809.955	2322.000
809.970	2277.000
809.985	2207.000
810.000	2233.000
810.016	2221.000
810.031	2190.000
810.046	2226.000
810.062	2212.000
810.077	2207.000
810.092	2174.000
810.108	2186.000
810.123	2166.000
810.138	2182.000
810.153	2211.000
810.169	2241.000
810.184	2266.000
810.199	2298.000
810.215	2272.000
810.230	2252.000
810.245	2221.000
810.260	2246.000
810.276	2209.000
810.291	2174.000
810.306	2166.000
810.321	2152.000
810.337	2163.000
810.352	2156.000
810.367	2120.000
810.383	2141.000
810.398	2142.000
810.413	2146.000
810.428	2178.000
810.444	2201.000
810.459	2196.000
810.474	2213.000
810.489	2214.000
810.505	2223.000
810.520	2176.000
810.535	2164.000
810.550	2124.000
810.566	2102.000
810.581	2118.000
810.596	2093.000
810.612	2100.000
810.627	2050.000
810.642	2054.000
810.657	2059.000
810.673	2103.000
810.688	2111.000
810.703	2138.000
810.718	2146.000
810.734	2164.000
810.749	2187.000
810.764	2220.000
810.779	2148.000
810.795	2152.000
810.810	2120.000
810.825	2116.000
810.840	2095.000
810.856	2054.000
810.871	2094.000
810.886	2074.000
810.901	2104.000
810.916	2056.000
810.932	2083.000
810.947	2080.000
810.962	2099.000
810.977	2078.000
810.993	2126.000
811.008	2163.000
811.023	2186.000
811.038	2158.000
811.054	2143.000
811.069	2154.000
811.084	2072.000
811.099	2104.000
811.114	2131.000
811.130	2090.000
811.145	2120.000
811.160	2071.000
811.175	2086.000
811.191	2050.000
811.206	2077.000
811.221	2043.000
811.236	2068.000
811.251	2078.000
811.267	2087.000
811.282	2134.000
811.297	2167.000
811.312	2193.000
811.328	2142.000
811.343	2130.000
811.358	2146.000
811.373	2085.000
811.388	2089.000
811.404	2088.000
811.419	2118.000
811.434	2113.000
811.449	2114.000
811.464	2101.000
811.480	2085.000
811.495	2070.000
811.510	2075.000
811.525	2082.000
811.540	2122.000
811.556	2144.000
811.571	2165.000
811.586	2156.000
811.601	2169.000
811.616	2184.000
811.632	2160.000
811.647	2170.000
811.662	2127.000
811.677	2164.000
811.692	2141.000
811.708	2129.000
811.723	2119.000
811.738	2156.000
811.753	2186.000
811.768	2131.000
811.783	2127.000
811.799	2117.000
811.814	2180.000
811.829	2196.000
811.844	2258.000
811.859	2260.000
811.875	2243.000
811.890	2299.000
811.905	2255.000
811.920	2288.000
811.935	2250.000
811.950	2227.000
811.966	2236.000
811.981	2186.000
811.996	2189.000
812.011	2193.000
812.026	2233.000
812.041	2225.000
812.057	2246.000
812.072	2255.000
812.087	2310.000
812.102	2319.000
812.117	2360.000
812.132	2382.000
812.148	2357.000
812.163	2377.000
812.178	2385.000
812.193	2382.000
812.208	2356.000
812.223	2325.000
812.239	2360.000
812.254	2365.000
812.269	2342.000
812.284	2385.000
812.299	2342.000
812.314	2350.000
812.329	2380.000
812.345	2360.000
812.360	2382.000
812.375	2472.000
812.390	2496.000
812.405	2550.000
812.420	2551.000
812.435	2556.000
812.451	2574.000
812.466	2557.000
812.481	2498.000
812.496	2510.000
812.511	2492.000
812.526	2522.000
812.541	2490.000
812.557	2477.000
812.572	2459.000
812.587	2482.000
812.602	2497.000
812.617	2510.000
812.632	2545.000
812.647	2587.000
812.662	2543.000
812.678	2545.000
812.693	2556.000
812.708	2545.000
812.723	2557.000
812.738	2511.000
812.753	2507.000
812.768	2487.000
812.783	2511.000
812.799	2478.000
812.814	2496.000
812.829	2495.000
812.844	2498.000
812.859	2463.000
812.874	2474.000
812.889	2505.000
812.904	2481.000
812.919	2476.000
812.935	2488.000
812.950	2506.000
812.965	2487.000
812.980	2524.000
812.995	2478.000
813.010	2475.000
813.025	2398.000
813.040	2397.000
813.055	2398.000
813.071	2358.000
813.086	2350.000
813.101	2332.000
813.116	2319.000
813.131	2338.000
813.146	2320.000
813.161	2308.000
813.176	2306.000
813.191	2319.000
813.206	2317.000
813.222	2332.000
813.237	2342.000
813.252	2310.000
813.267	2306.000
813.282	2318.000
813.297	2332.000
813.312	2276.000
813.327	2239.000
813.342	2223.000
813.357	2215.000
813.372	2183.000
813.387	2160.000
813.403	2155.000
813.418	2156.000
813.433	2142.000
813.448	2161.000
813.463	2142.000
813.478	2151.000
813.493	2171.000
813.508	2149.000
813.523	2166.000
813.538	2106.000
813.553	2125.000
813.568	2160.000
813.583	2096.000
813.598	2078.000
813.614	2083.000
813.629	2046.000
813.644	2050.000
813.659	2049.000
813.674	2024.000
813.689	2014.000
813.704	1997.000
813.719	1997.000
813.734	2009.000
813.749	2006.000
813.764	2033.000
813.779	2007.000
813.794	2042.000
813.809	2052.000
813.824	2031.000
813.839	2040.000
813.854	1963.000
813.870	1984.000
813.885	1953.000
813.900	1959.000
813.915	1937.000
813.930	1920.000
813.945	1900.000
813.960	1904.000
813.975	1887.000
813.990	1877.000
814.005	1876.000
814.020	1865.000
814.035	1853.000
814.050	1882.000
814.065	1894.000
814.080	1897.000
814.095	1882.000
814.110	1875.000
814.125	1890.000
814.140	1858.000
814.155	1796.000
814.170	1812.000
814.185	1786.000
814.200	1757.000
814.215	1760.000
814.230	1762.000
814.245	1770.000
814.260	1754.000
814.275	1767.000
814.291	1731.000
814.306	1724.000
814.321	1735.000
814.336	1725.000
814.351	1754.000
814.366	1766.000
814.381	1790.000
814.396	1745.000
814.411	1758.000
814.426	1726.000
814.441	1712.000
814.456	1710.000
814.471	1712.000
814.486	1683.000
814.501	1673.000
814.516	1658.000
814.531	1679.000
814.546	1657.000
814.561	1647.000
814.576	1656.000
814.591	1698.000
814.606	1674.000
814.621	1686.000
814.636	1699.000
814.651	1686.000
814.666	1703.000
814.681	1664.000
814.696	1712.000
814.711	1675.000
814.726	1644.000
814.741	1631.000
814.756	1625.000
814.771	1628.000
814.786	1647.000
814.801	1623.000
814.816	1573.000
814.831	1593.000
814.846	1604.000
814.861	1687.000
814.876	1652.000
814.891	1628.000
814.906	1647.000
814.921	1680.000
814.936	1647.000
814.951	1680.000
814.966	1649.000
814.980	1634.000
814.995	1616.000
815.010	1605.000
815.025	1576.000
815.040	1570.000
815.055	1593.000
815.070	1604.000
815.085	1594.000
815.100	1596.000
815.115	1594.000
815.130	1601.000
815.145	1616.000
815.160	1624.000
815.175	1611.000
815.190	1643.000
815.205	1627.000
815.220	1649.000
815.235	1641.000
815.250	1618.000
815.265	1590.000
815.280	1591.000
815.295	1576.000
815.310	1588.000
815.325	1577.000
815.340	1566.000
815.355	1556.000
815.370	1566.000
815.384	1571.000
815.399	1589.000
815.414	1586.000
815.429	1580.000
815.444	1628.000
815.459	1623.000
815.474	1620.000
815.489	1625.000
815.504	1612.000
815.519	1598.000
815.534	1604.000
815.549	1609.000
815.564	1574.000
815.579	1596.000
815.594	1562.000
815.609	1574.000
815.624	1576.000
815.638	1551.000
815.653	1574.000
815.668	1570.000
815.683	1563.000
815.698	1590.000
815.713	1630.000
815.728	1590.000
815.743	1585.000
815.758	1588.000
815.773	1598.000
815.788	1630.000
815.803	1618.000
815.818	1594.000
815.833	1599.000
815.847	1592.000
815.862	1602.000
815.877	1563.000
815.892	1572.000
815.907	1591.000
815.922	1582.000
815.937	1565.000
815.952	1565.000
815.967	1596.000
815.982	1604.000
815.997	1627.000
816.012	1585.000
816.026	1607.000
816.041	1619.000
816.056	1622.000
816.071	1641.000
816.086	1634.000
816.101	1674.000
816.116	1657.000
816.131	1619.000
816.146	1612.000
816.161	1627.000
816.175	1598.000
816.190	1585.000
816.205	1598.000
816.220	1604.000
816.235	1620.000
816.250	1631.000
816.265	1645.000
816.280	1622.000
816.295	1649.000
816.309	1622.000
816.324	1646.000
816.339	1652.000
816.354	1664.000
816.369	1681.000
816.384	1657.000
816.399	1682.000
816.414	1646.000
816.429	1618.000
816.443	1626.000
816.458	1636.000
816.473	1617.000
816.488	1626.000
816.503	1646.000
816.518	1640.000
816.533	1656.000
816.548	1638.000
816.562	1641.000
816.577	1702.000
816.592	1686.000
816.607	1699.000
816.622	1694.000
816.637	1684.000
816.652	1698.000
816.667	1692.000
816.681	1702.000
816.696	1707.000
816.711	1692.000
816.726	1672.000
816.741	1697.000
816.756	1686.000
816.771	1670.000
816.785	1659.000
816.800	1663.000
816.815	1660.000
816.830	1681.000
816.845	1695.000
816.860	1730.000
816.875	1720.000
816.889	1739.000
816.904	1725.000
816.919	1727.000
816.934	1728.000
816.949	1741.000
816.964	1724.000
816.978	1722.000
816.993	1707.000
817.008	1733.000
817.023	1710.000
817.038	1739.000
817.053	1701.000
817.068	1672.000
817.082	1739.000
817.097	1749.000
817.112	1755.000
817.127	1752.000
817.142	1773.000
817.157	1762.000
817.171	1760.000
817.186	1784.000
817.201	1792.000
817.216	1798.000
817.231	1783.000
817.246	1748.000
817.260	1777.000
817.275	1795.000
817.290	1797.000
817.305	1783.000
817.320	1776.000
817.334	1752.000
817.349	1758.000
817.364	1798.000
817.379	1790.000
817.394	1813.000
817.409	1828.000
817.423	1844.000
817.438	1841.000
817.453	1859.000
817.468	1856.000
817.483	1868.000
817.497	1864.000
817.512	1856.000
817.527	1897.000
817.542	1862.000
817.557	1856.000
817.571	1872.000
817.586	1842.000
817.601	1874.000
817.616	1852.000
817.631	1852.000
817.645	1876.000
817.660	1856.000
817.675	1904.000
817.690	1913.000
817.705	1878.000
817.719	1939.000
817.734	1946.000
817.749	1955.000
817.764	1972.000
817.779	1982.000
817.793	1980.000
817.808	1930.000
817.823	1981.000
817.838	1981.000
817.853	1950.000
817.867	1998.000
817.882	1971.000
817.897	1953.000
817.912	1966.000
817.926	1963.000
817.941	1983.000
817.956	1998.000
817.971	2008.000
817.986	2030.000
818.000	2035.000
818.015	2044.000
818.030	2082.000
818.045	2113.000
818.059	2072.000
818.074	2078.000
818.089	2088.000
818.104	2118.000
818.119	2133.000
818.133	2102.000
818.148	2095.000
818.163	2136.000
818.178	2083.000
818.192	2120.000
818.207	2125.000
818.222	2104.000
818.237	2134.000
818.251	2168.000
818.266	2158.000
818.281	2186.000
818.296	2217.000
818.310	2223.000
818.325	2226.000
818.340	2236.000
818.355	2247.000
818.369	2254.000
818.384	2272.000
818.399	2250.000
818.414	2242.000
818.428	2284.000
818.443	2276.000
818.458	2262.000
818.473	2250.000
818.487	2272.000
818.502	2308.000
818.517	2330.000
818.532	2339.000
818.546	2383.000
818.561	2395.000
818.576	2388.000
818.591	2415.000
818.605	2403.000
818.620	2444.000
818.635	2448.000
818.649	2472.000
818.664	2442.000
818.679	2456.000
818.694	2474.000
818.708	2496.000
818.723	2532.000
818.738	2532.000
818.753	2505.000
818.767	2516.000
818.782	2542.000
818.797	2544.000
818.811	2529.000
818.826	2593.000
818.841	2640.000
818.856	2655.000
818.870	2686.000
818.885	2699.000
818.900	2718.000
818.914	2709.000
818.929	2744.000
818.944	2776.000
818.959	2744.000
818.973	2729.000
818.988	2805.000
819.003	2808.000
819.017	2835.000
819.032	2890.000
819.047	2895.000
819.062	2904.000
819.076	2930.000
819.091	2946.000
819.106	2996.000
819.120	2975.000
819.135	3046.000
819.150	3075.000
819.164	3108.000
819.179	3106.000
819.194	3137.000
819.209	3180.000
819.223	3218.000
819.238	3221.000
819.253	3268.000
819.267	3255.000
819.282	3295.000
819.297	3320.000
819.311	3338.000
819.326	3424.000
819.341	3422.000
819.355	3432.000
819.370	3484.000
819.385	3522.000
819.399	3539.000
819.414	3614.000
819.429	3636.000
819.444	3698.000
819.458	3684.000
819.473	3744.000
819.488	3784.000
819.502	3777.000
819.517	3777.000
819.532	3742.000
819.546	3817.000
819.561	3802.000
819.576	3834.000
819.590	3858.000
819.605	3920.000
819.620	3974.000
819.634	3943.000
819.649	4021.000
819.664	4032.000
819.678	4056.000
819.693	4095.000
819.708	4070.000
819.722	4137.000
819.737	4140.000
819.752	4168.000
819.766	4189.000
819.781	4194.000
819.795	4176.000
819.810	4168.000
819.825	4190.000
819.839	4250.000
819.854	4264.000
819.869	4264.000
819.883	4253.000
819.898	4243.000
819.913	4248.000
819.927	4328.000
819.942	4312.000
819.957	4337.000
819.971	4309.000
819.986	4300.000
820.001	4420.000
820.015	4365.000
820.030	4382.000
820.044	4400.000
820.059	4387.000
820.074	4430.000
820.088	4461.000
820.103	4453.000
820.118	4462.000
820.132	4447.000
820.147	4509.000
820.161	4504.000
820.176	4564.000
820.191	4547.000
820.205	4605.000
820.220	4601.000
820.235	4582.000
820.249	4667.000
820.264	4617.000
820.278	4641.000
820.293	4680.000
820.308	4693.000
820.322	4733.000
820.337	4758.000
820.352	4782.000
820.366	4749.000
820.381	4859.000
820.395	4862.000
820.410	4894.000
820.425	4898.000
820.439	4930.000
820.454	4988.000
820.468	5001.000
820.483	5060.000
820.498	5155.000
820.512	5154.000
820.527	5216.000
820.541	5231.000
820.556	5268.000
820.571	5324.000
820.585	5400.000
820.600	5452.000
820.614	5464.000
820.629	5498.000
820.644	5506.000
820.658	5552.000
820.673	5571.000
820.687	5597.000
820.702	5646.000
820.717	5668.000
820.731	5752.000
820.746	5748.000
820.760	5778.000
820.775	5841.000
820.790	5766.000
820.804	5871.000
820.819	5821.000
820.833	5868.000
820.848	5880.000
820.862	5908.000
820.877	5924.000
820.892	5975.000
820.906	5944.000
820.921	5940.000
820.935	5930.000
820.950	5909.000
820.964	5930.000
820.979	5928.000
820.994	5894.000
821.008	5810.000
821.023	5820.000
821.037	5838.000
821.052	5782.000
821.066	5746.000
821.081	5696.000
821.096	5629.000
821.110	5653.000
821.125	5610.000
821.139	5553.000
821.154	5612.000
821.168	5495.000
821.183	5465.000
821.197	5399.000
821.212	5364.000
821.227	5329.000
821.241	5338.000
821.256	5271.000
821.270	5208.000
821.285	5187.000
821.299	5083.000
821.314	5047.000
821.328	5010.000
821.343	4930.000
821.357	4868.000
821.372	4835.000
821.387	4771.000
821.401	4737.000
821.416	4658.000
821.430	4589.000
821.445	4624.000
821.459	4502.000
821.474	4482.000
821.488	4434.000
821.503	4334.000
821.517	4325.000
821.532	4246.000
821.546	4172.000
821.561	4124.000
821.576	4096.000
821.590	3979.000
821.605	3983.000
821.619	3929.000
821.634	3874.000
821.648	3846.000
821.663	3742.000
821.677	3703.000
821.692	3659.000
821.706	3658.000
821.721	3588.000
821.735	3526.000
821.750	3511.000
821.764	3440.000
821.779	3361.000
821.793	3353.000
821.808	3269.000
821.822	3237.000
821.837	3199.000
821.851	3151.000
821.866	3130.000
821.880	3054.000
821.895	2978.000
821.909	2953.000
821.924	2948.000
821.938	2889.000
821.953	2868.000
821.967	2819.000
821.982	2773.000
821.996	2768.000
822.011	2717.000
822.025	2666.000
822.040	2659.000
822.054	2617.000
822.069	2589.000
822.083	2532.000
822.098	2511.000
822.112	2486.000
822.127	2410.000
822.141	2410.000
822.156	2334.000
822.170	2328.000
822.185	2301.000
822.199	2272.000
822.214	2262.000
822.228	2219.000
822.243	2170.000
822.257	2129.000
822.272	2117.000
822.286	2096.000
822.301	2121.000
822.315	2080.000
822.330	2060.000
822.344	1974.000
822.359	1992.000
822.373	1945.000
822.388	1917.000
822.402	1865.000
822.416	1877.000
822.431	1818.000
822.445	1805.000
822.460	1782.000
822.474	1769.000
822.489	1744.000
822.503	1718.000
822.518	1694.000
822.532	1675.000
822.547	1685.000
822.561	1698.000
822.576	1670.000
822.590	1652.000
822.605	1628.000
822.619	1618.000
822.633	1611.000
822.648	1561.000
822.662	1541.000
822.677	1509.000
822.691	1496.000
822.706	1438.000
822.720	1460.000
822.735	1433.000
822.749	1389.000
822.763	1410.000
822.778	1364.000
822.792	1369.000
822.807	1360.000
822.821	1348.000
822.836	1354.000
822.850	1364.000
822.865	1328.000
822.879	1314.000
822.893	1324.000
822.908	1289.000
822.922	1297.000
822.937	1265.000
822.951	1260.000
822.966	1262.000
822.980	1230.000
822.994	1208.000
823.009	1186.000
823.023	1183.000
823.038	1169.000
823.052	1148.000
823.067	1126.000
823.081	1144.000
823.095	1106.000
823.110	1125.000
823.124	1102.000
823.139	1128.000
823.153	1104.000
823.168	1119.000
823.182	1118.000
823.196	1117.000
823.211	1093.000
823.225	1068.000
823.240	1053.000
823.254	1034.000
823.268	1044.000
823.283	1019.000
823.297	986.000
823.312	1014.000
823.326	991.000
823.340	960.000
823.355	979.000
823.369	950.000
823.384	978.000
823.398	985.000
823.412	998.000
823.427	964.000
823.441	958.000
823.456	948.000
823.470	940.000
823.484	922.000
823.499	918.000
823.513	915.000
823.528	918.000
823.542	913.000
823.556	889.000
823.571	890.000
823.585	863.000
823.600	850.000
823.614	849.000
823.628	841.000
823.643	839.000
823.657	848.000
823.671	845.000
823.686	829.000
823.700	824.000
823.715	843.000
823.729	855.000
823.743	826.000
823.758	826.000
823.772	830.000
823.786	826.000
823.801	843.000
823.815	790.000
823.830	808.000
823.844	774.000
823.858	772.000
823.873	757.000
823.887	773.000
823.901	778.000
823.916	783.000
823.930	767.000
823.945	768.000
823.959	755.000
823.973	760.000
823.988	769.000
824.002	740.000
824.016	754.000
824.031	756.000
824.045	756.000
824.059	720.000
824.074	726.000
824.088	725.000
824.102	719.000
824.117	735.000
824.131	714.000
824.145	714.000
824.160	715.000
824.174	713.000
824.188	698.000
824.203	694.000
824.217	695.000
824.232	694.000
824.246	719.000
824.260	700.000
824.275	703.000
824.289	696.000
824.303	708.000
824.318	691.000
824.332	698.000
824.346	717.000
824.361	701.000
824.375	676.000
824.389	678.000
824.404	673.000
824.418	663.000
824.432	661.000
824.446	663.000
824.461	672.000
824.475	671.000
824.489	657.000
824.504	644.000
824.518	643.000
824.532	637.000
824.547	650.000
824.561	666.000
824.575	673.000
824.590	663.000
824.604	710.000
824.618	653.000
824.633	648.000
824.647	639.000
824.661	645.000
824.676	652.000
824.690	651.000
824.704	626.000
824.718	616.000
824.733	654.000
824.747	633.000
824.761	616.000
824.776	654.000
824.791	642.000
824.806	666.000
824.821	701.000
824.836	680.000
824.851	681.000
824.866	669.000
824.880	652.000
824.895	662.000
824.910	657.000
824.925	660.000
824.940	647.000
824.955	649.000
824.970	639.000
824.985	627.000
825.000	638.000
825.014	636.000
825.029	623.000
825.044	613.000
825.059	607.000
825.074	614.000
825.089	638.000
825.104	628.000
825.119	630.000
825.134	611.000
825.148	618.000
825.163	616.000
825.178	620.000
825.193	606.000
825.208	611.000
825.223	626.000
825.238	610.000
825.253	640.000
825.267	602.000
825.282	593.000
825.297	592.000
825.312	602.000
825.327	600.000
825.342	610.000
825.357	602.000
825.372	614.000
825.386	596.000
825.401	604.000
825.416	616.000
825.431	597.000
825.446	590.000
825.461	592.000
825.476	568.000
825.490	591.000
825.505	568.000
825.520	594.000
825.535	583.000
825.550	586.000
825.565	590.000
825.580	582.000
825.594	567.000
825.609	577.000
825.624	578.000
825.639	560.000
825.654	582.000
825.669	587.000
825.683	597.000
825.698	586.000
825.713	608.000
825.728	574.000
825.743	580.000
825.758	574.000
825.773	562.000
825.787	558.000
825.802	569.000
825.817	569.000
825.832	576.000
825.847	563.000
825.862	562.000
825.876	560.000
825.891	553.000
825.906	572.000
825.921	563.000
825.936	572.000
825.951	578.000
825.965	564.000
825.980	546.000
825.995	581.000
826.010	576.000
826.025	572.000
826.039	566.000
826.054	561.000
826.069	558.000
826.084	550.000
826.099	554.000
826.114	542.000
826.128	545.000
826.143	555.000
826.158	546.000
826.173	534.000
826.188	545.000
826.202	540.000
826.217	524.000
826.232	566.000
826.247	582.000
826.262	578.000
826.276	586.000
826.291	583.000
826.306	562.000
826.321	560.000
826.336	558.000
826.351	544.000
826.365	534.000
826.380	552.000
826.395	539.000
826.410	540.000
826.425	531.000
826.439	530.000
826.454	520.000
826.469	520.000
826.484	525.000
826.498	555.000
826.513	532.000
826.528	554.000
826.543	560.000
826.558	564.000
826.572	557.000
826.587	548.000
826.602	563.000
826.617	543.000
826.632	536.000
826.646	540.000
826.661	540.000
826.676	546.000
826.691	533.000
826.705	546.000
826.720	541.000
826.735	520.000
826.750	526.000
826.765	522.000
826.779	525.000
826.794	540.000
826.809	538.000
826.824	520.000
826.838	516.000
826.853	527.000
826.868	516.000
826.883	529.000
826.897	518.000
826.912	524.000
826.927	530.000
826.942	538.000
826.957	529.000
826.971	525.000
826.986	526.000
827.001	517.000
827.016	528.000
827.030	552.000
827.045	535.000
827.060	518.000
827.075	536.000
827.089	537.000
827.104	529.000
827.119	534.000
827.134	520.000
827.148	530.000
827.163	530.000
827.178	512.000
827.193	518.000
827.207	518.000
827.222	514.000
827.237	509.000
827.252	510.000
827.266	507.000
827.281	505.000
827.296	486.000
827.311	484.000
827.325	500.000
827.340	496.000
827.355	493.000
827.369	504.000
827.384	511.000
827.399	500.000
827.414	530.000
827.428	511.000
827.443	532.000
827.458	530.000
827.473	539.000
827.487	515.000
827.502	530.000
827.517	514.000
827.531	510.000
827.546	506.000
827.561	504.000
827.576	526.000
827.590	529.000
827.605	519.000
827.620	513.000
827.634	510.000
827.649	511.000
827.664	506.000
827.679	507.000
827.693	509.000
827.708	509.000
827.723	510.000
827.737	521.000
827.752	525.000
827.767	529.000
827.782	513.000
827.796	516.000
827.811	506.000
827.826	495.000
827.840	490.000
827.855	492.000
827.870	486.000
827.885	496.000
827.899	500.000
827.914	521.000
827.929	523.000
827.943	510.000
827.958	490.000
827.973	514.000
827.987	519.000
828.002	525.000
828.017	505.000
828.031	514.000
828.046	518.000
828.061	515.000
828.076	503.000
828.090	510.000
828.105	506.000
828.120	502.000
828.134	498.000
828.149	469.000
828.164	475.000
828.178	486.000
828.193	481.000
828.208	497.000
828.222	488.000
828.237	494.000
828.252	484.000
828.266	504.000
828.281	495.000
828.296	487.000
828.310	478.000
828.325	477.000
828.340	512.000
828.354	494.000
828.369	500.000
828.384	487.000
828.398	484.000
828.413	485.000
828.428	478.000
828.442	490.000
828.457	486.000
828.472	484.000
828.486	495.000
828.501	492.000
828.516	512.000
828.530	531.000
828.545	522.000
828.560	522.000
828.574	508.000
828.589	501.000
828.604	511.000
828.618	509.000
828.633	514.000
828.648	523.000
828.662	504.000
828.677	500.000
828.691	506.000
828.706	499.000
828.721	507.000
828.735	519.000
828.750	506.000
828.765	506.000
828.779	517.000
828.794	514.000
828.809	526.000
828.823	526.000
828.838	523.000
828.853	541.000
828.867	554.000
828.882	550.000
828.896	550.000
828.911	558.000
828.926	549.000
828.940	545.000
828.955	553.000
828.970	550.000
828.984	552.000
828.999	536.000
829.013	548.000
829.028	546.000
829.043	556.000
829.057	562.000
829.072	566.000
829.087	558.000
829.101	548.000
829.116	567.000
829.130	548.000
829.145	552.000
829.160	551.000
829.174	570.000
829.189	548.000
829.203	570.000
829.218	565.000
829.233	561.000
829.247	556.000
829.262	580.000
829.276	547.000
829.291	559.000
829.306	564.000
829.320	549.000
829.335	538.000
829.349	540.000
829.364	532.000
829.379	537.000
829.393	532.000
829.408	529.000
829.422	522.000
829.437	530.000
829.452	522.000
829.466	517.000
829.481	538.000
829.495	512.000
829.510	516.000
829.525	516.000
829.539	528.000
829.554	518.000
829.568	509.000
829.583	506.000
829.598	494.000
829.612	519.000
829.627	512.000
829.641	474.000
829.656	484.000
829.670	486.000
829.685	480.000
829.700	495.000
829.714	486.000
829.729	507.000
829.743	484.000
829.758	461.000
829.772	458.000
829.787	472.000
829.802	478.000
829.816	471.000
829.831	453.000
829.845	468.000
829.860	464.000
829.874	471.000
829.889	498.000
829.904	492.000
829.918	463.000
829.933	452.000
829.947	457.000
829.962	458.000
829.976	469.000
829.991	459.000
830.005	458.000
830.020	454.000
830.035	460.000
830.049	455.000
830.064	452.000
830.078	468.000
830.093	473.000
830.107	464.000
830.122	454.000
830.136	458.000
830.151	451.000
830.166	460.000
830.180	460.000
830.195	444.000
830.209	446.000
830.224	450.000
830.238	425.000
830.253	433.000
830.267	442.000
830.282	426.000
830.296	442.000
830.311	433.000
830.325	449.000
830.340	434.000
830.355	437.000
830.369	436.000
830.384	423.000
830.398	454.000
830.413	456.000
830.427	449.000
830.442	449.000
830.456	445.000
830.471	477.000
830.485	453.000
830.500	441.000
830.514	451.000
830.529	430.000
830.543	432.000
830.558	422.000
830.572	426.000
830.587	439.000
830.601	436.000
830.616	440.000
830.630	453.000
830.645	455.000
830.659	445.000
830.674	438.000
830.688	442.000
830.703	448.000
830.718	454.000
830.732	449.000
830.747	444.000
830.761	451.000
830.776	442.000
830.790	442.000
830.805	450.000
830.819	442.000
830.834	442.000
830.848	428.000
830.863	444.000
830.877	431.000
830.892	462.000
830.906	451.000
830.921	467.000
830.935	490.000
830.949	460.000
830.964	479.000
830.978	484.000
830.993	467.000
831.007	481.000
831.022	482.000
831.036	476.000
831.051	478.000
831.065	488.000
831.080	486.000
831.094	496.000
831.109	489.000
831.123	481.000
831.138	469.000
831.152	467.000
831.167	470.000
831.181	478.000
831.196	494.000
831.210	496.000
831.225	495.000
831.239	498.000
831.254	506.000
831.268	509.000
831.283	497.000
831.297	501.000
831.311	483.000
831.326	499.000
831.340	478.000
831.355	482.000
831.369	482.000
831.384	492.000
831.398	463.000
831.413	478.000
831.427	455.000
831.442	464.000
831.456	457.000
831.471	457.000
831.485	464.000
831.499	474.000
831.514	483.000
831.528	462.000
831.543	467.000
831.557	456.000
831.572	461.000
831.586	464.000
831.601	480.000
831.615	470.000
831.629	460.000
831.644	466.000
831.658	469.000
831.673	453.000
831.687	442.000
831.702	443.000
831.716	436.000
831.731	437.000
831.745	414.000
831.759	430.000
831.774	430.000
831.788	426.000
831.803	432.000
831.817	416.000
831.832	430.000
831.846	431.000
831.860	442.000
831.875	428.000
831.889	430.000
831.904	435.000
831.918	446.000
831.933	419.000
831.947	434.000
831.961	415.000
831.976	423.000
831.990	431.000
832.005	430.000
832.019	408.000
832.033	406.000
832.048	421.000
832.062	411.000
832.077	426.000
832.091	411.000
832.106	430.000
832.120	418.000
832.134	416.000
832.149	425.000
832.163	420.000
832.178	432.000
832.192	422.000
832.206	418.000
832.221	420.000
832.235	440.000
832.250	421.000
832.264	410.000
832.278	402.000
832.293	402.000
832.307	398.000
832.322	421.000
832.336	408.000
832.350	431.000
832.365	422.000
832.379	414.000
832.394	417.000
832.408	414.000
832.422	418.000
832.437	406.000
832.451	406.000
832.465	428.000
832.480	424.000
832.494	431.000
832.509	424.000
832.523	423.000
832.537	409.000
832.552	414.000
832.566	413.000
832.581	412.000
832.595	406.000
832.609	397.000
832.624	403.000
832.638	421.000
832.652	409.000
832.667	403.000
832.681	407.000
832.696	414.000
832.710	410.000
832.724	422.000
832.739	410.000
832.753	400.000
832.767	414.000
832.782	413.000
832.796	407.000
832.810	423.000
832.825	406.000
832.839	404.000
832.853	394.000
832.868	387.000
832.882	400.000
832.897	387.000
832.911	394.000
832.925	377.000
832.940	385.000
832.954	402.000
832.968	416.000
832.983	401.000
832.997	396.000
833.011	416.000
833.026	424.000
833.040	419.000
833.054	418.000
833.069	422.000
833.083	402.000
833.097	449.000
833.112	407.000
833.126	412.000
833.140	390.000
833.155	392.000
833.169	398.000
833.183	383.000
833.198	409.000
833.212	394.000
833.226	407.000
833.241	405.000
833.255	393.000
833.269	396.000
833.284	407.000
833.298	411.000
833.312	405.000
833.327	398.000
833.341	413.000
833.355	402.000
833.370	406.000
833.384	379.000
833.398	399.000
833.413	396.000
833.427	383.000
833.441	396.000
833.456	388.000
833.470	390.000
833.484	387.000
833.499	396.000
833.513	375.000
833.527	387.000
833.542	388.000
833.556	395.000
833.570	396.000
833.584	401.000
833.599	400.000
833.613	418.000
833.627	392.000
833.642	408.000
833.656	404.000
833.670	405.000
833.685	407.000
833.699	403.000
833.713	424.000
833.727	408.000
833.742	398.000
833.756	382.000
833.770	397.000
833.785	394.000
833.799	388.000
833.813	407.000
833.827	395.000
833.842	378.000
833.856	373.000
833.870	367.000
833.885	381.000
833.899	392.000
833.913	402.000
833.927	422.000
833.942	406.000
833.956	392.000
833.970	405.000
833.985	391.000
833.999	411.000
834.013	412.000
834.027	407.000
834.042	399.000
834.056	398.000
834.070	399.000
834.085	408.000
834.099	390.000
834.113	373.000
834.127	399.000
834.142	380.000
834.156	396.000
834.170	388.000
834.184	382.000
834.199	396.000
834.213	398.000
834.227	391.000
834.241	407.000
834.256	403.000
834.270	404.000
834.284	399.000
834.298	414.000
834.313	399.000
834.327	400.000
834.341	403.000
834.355	394.000
834.370	403.000
834.384	422.000
834.398	401.000
834.412	384.000
834.427	381.000
834.441	384.000
834.455	370.000
834.469	372.000
834.484	378.000
834.498	390.000
834.512	401.000
834.526	402.000
834.541	408.000
834.555	409.000
834.569	404.000
834.583	394.000
834.598	404.000
834.612	403.000
834.626	401.000
834.640	383.000
834.655	394.000
834.669	388.000
834.683	396.000
834.697	388.000
834.711	400.000
834.726	392.000
834.740	384.000
834.754	397.000
834.768	384.000
834.783	376.000
834.797	382.000
834.811	404.000
834.825	419.000
834.839	404.000
834.854	400.000
834.868	416.000
834.882	390.000
834.896	389.000
834.910	376.000
834.925	386.000
834.939	379.000
834.953	386.000
834.967	386.000
834.982	382.000
834.996	386.000
835.010	376.000
835.024	382.000
835.038	390.000
835.053	391.000
835.067	392.000
835.081	387.000
835.095	392.000
835.109	400.000
835.124	400.000
835.138	394.000
835.152	387.000
835.166	392.000
835.180	386.000
835.195	389.000
835.209	396.000
835.223	378.000
835.237	399.000
835.251	378.000
835.265	380.000
835.280	381.000
835.294	381.000
835.308	368.000
835.322	370.000
835.336	384.000
835.351	387.000
835.365	403.000
835.379	382.000
835.393	390.000
835.407	382.000
835.421	393.000
835.436	398.000
835.450	386.000
835.464	403.000
835.478	408.000
835.492	398.000
835.506	396.000
835.521	392.000
835.535	391.000
835.549	395.000
835.563	400.000
835.577	397.000
835.591	396.000
835.606	402.000
835.620	408.000
835.634	394.000
835.648	370.000
835.662	373.000
835.676	378.000
835.691	392.000
835.705	384.000
835.719	415.000
835.733	392.000
835.747	395.000
835.761	386.000
835.775	386.000
835.790	384.000
835.804	383.000
835.818	365.000
835.832	382.000
835.846	375.000
835.860	370.000
835.874	397.000
835.889	377.000
835.903	374.000
835.917	384.000
835.931	382.000
835.945	367.000
835.959	382.000
835.973	381.000
835.988	380.000
836.002	396.000
836.016	388.000
836.030	383.000
836.044	385.000
836.058	361.000
836.072	379.000
836.086	383.000
836.101	384.000
836.115	393.000
836.129	385.000
836.143	374.000
836.157	381.000
836.171	378.000
836.185	377.000
836.199	364.000
836.214	348.000
836.228	365.000
836.242	362.000
836.256	368.000
836.270	377.000
836.284	380.000
836.298	408.000
836.312	395.000
836.326	390.000
836.341	406.000
836.355	391.000
836.369	390.000
836.383	385.000
836.397	379.000
836.411	386.000
836.425	389.000
836.439	388.000
836.453	377.000
836.468	386.000
836.482	386.000
836.496	372.000
836.510	381.000
836.524	370.000
836.538	360.000
836.552	376.000
836.566	370.000
836.580	368.000
836.594	389.000
836.608	387.000
836.623	371.000
836.637	368.000
836.651	360.000
836.665	372.000
836.679	358.000
836.693	384.000
836.707	378.000
836.721	378.000
836.735	370.000
836.749	371.000
836.763	364.000
836.777	397.000
836.792	372.000
836.806	366.000
836.820	356.000
836.834	374.000
836.848	362.000
836.862	365.000
836.876	374.000
836.890	356.000
836.904	380.000
836.918	384.000
836.932	372.000
836.946	365.000
836.960	350.000
836.974	366.000
836.988	383.000
837.003	365.000
837.017	376.000
837.031	418.000
837.045	379.000
837.059	379.000
837.073	370.000
837.087	370.000
837.101	377.000
837.115	385.000
837.129	378.000
837.143	371.000
837.157	377.000
837.171	364.000
837.185	364.000
837.199	360.000
837.213	370.000
837.227	362.000
837.241	372.000
837.255	359.000
837.269	368.000
837.283	368.000
837.298	373.000
837.312	363.000
837.326	366.000
837.340	370.000
837.354	378.000
837.368	374.000
837.382	368.000
837.396	353.000
837.410	368.000
837.424	359.000
837.438	347.000
837.452	354.000
837.466	359.000
837.480	375.000
837.494	358.000
837.508	359.000
837.522	368.000
837.536	353.000
837.550	367.000
837.564	359.000
837.578	352.000
837.592	339.000
837.606	357.000
837.620	342.000
837.634	354.000
837.648	360.000
837.662	360.000
837.676	354.000
837.690	347.000
837.704	361.000
837.718	345.000
837.732	362.000
837.746	363.000
837.760	360.000
837.774	362.000
837.788	358.000
837.802	364.000
837.816	356.000
837.830	362.000
837.844	366.000
837.858	358.000
837.872	354.000
837.886	353.000
837.900	376.000
837.914	366.000
837.928	352.000
837.942	353.000
837.956	346.000
837.970	352.000
837.984	369.000
837.998	346.000
838.012	354.000
838.026	351.000
838.040	346.000
838.054	360.000
838.068	351.000
838.082	354.000
838.096	350.000
838.110	360.000
838.124	356.000
838.138	361.000
838.152	361.000
838.166	378.000
838.180	378.000
838.194	373.000
838.208	372.000
838.222	363.000
838.236	355.000
838.250	358.000
838.264	346.000
838.278	342.000
838.292	344.000
838.306	380.000
838.319	353.000
838.333	357.000
838.347	365.000
838.361	364.000
838.375	340.000
838.389	346.000
838.403	340.000
838.417	353.000
838.431	341.000
838.445	339.000
838.459	353.000
838.473	350.000
838.487	342.000
838.501	354.000
838.515	349.000
838.529	355.000
838.543	357.000
838.557	357.000
838.571	386.000
838.585	357.000
838.599	352.000
838.612	341.000
838.626	357.000
838.640	355.000
838.654	350.000
838.668	365.000
838.682	370.000
838.696	348.000
838.710	359.000
838.724	355.000
838.738	344.000
838.752	353.000
838.766	356.000
838.780	346.000
838.794	360.000
838.808	348.000
838.821	349.000
838.835	340.000
838.849	334.000
838.863	344.000
838.877	350.000
838.891	348.000
838.905	347.000
838.919	358.000
838.933	362.000
838.947	338.000
838.961	346.000
838.975	334.000
838.988	334.000
839.002	368.000
839.016	373.000
839.030	368.000
839.044	364.000
839.058	348.000
839.072	361.000
839.086	362.000
839.100	354.000
839.114	349.000
839.128	347.000
839.141	348.000
839.155	341.000
839.169	350.000
839.183	351.000
839.197	342.000
839.211	349.000
839.225	367.000
839.239	348.000
839.253	358.000
839.266	343.000
839.280	360.000
839.294	344.000
839.308	352.000
839.322	355.000
839.336	359.000
839.350	385.000
839.364	355.000
839.378	354.000
839.391	342.000
839.405	343.000
839.419	350.000
839.433	362.000
839.447	353.000
839.461	350.000
839.475	358.000
839.489	359.000
839.502	352.000
